Q_obj 
-127 19 167 -21 110 -5 47 3 292 124 328 276 9 71 10 71 -1 5 120 -59 69 -144 -91 102 -33
19 667 71 -297 -32 45 0 8 15 44 2 -2 5 4 0 8 -258 -194 17 -77 -82 -8 100 -77 342
167 71 -384 3 57 20 7 -35 -97 3 -25 -33 96 -22 8 144 -10 -232 119 -279 -56 -187 -202 199 19
-21 -297 3 246 127 -14 0 -33 13 -60 -33 32 -71 4 -2 -36 -298 -42 -82 -3 -48 -61 85 148 495
110 -32 57 127 125 1 0 59 -103 207 27 2 99 -24 0 170 -48 4 281 -50 133 37 16 -27 51
-5 45 20 -14 1 627 52 29 12 40 -1 -18 20 3 2 0 90 -50 -24 -7 -27 -44 35 -18 99
47 0 7 0 0 52 274 -84 0 -58 0 0 -184 0 0 0 -232 0 41 0 6 409 -363 6 -57
3 8 -35 -33 59 29 -84 -495 36 88 7 -102 -50 7 11 9 77 -5 177 32 -33 141 102 78 -1
292 15 -97 13 -103 12 0 36 -42 -120 -221 288 20 -38 128 -43 33 4 -114 33 -27 52 65 -106 -19
124 44 3 -60 207 40 -58 88 -120 428 1 32 -71 -28 -3 200 9 -42 -239 121 -19 150 -8 -16 28
328 2 -25 -33 27 -1 0 7 -221 1 -252 -62 -59 -42 69 -368 31 19 11 69 16 -40 4 -89 5
276 -2 -33 32 2 -18 0 -102 288 32 -62 -83 0 8 -3 -4 28 0 8 32 -18 40 77 -4 13
9 5 96 -71 99 20 -184 -50 20 -71 -59 0 98 5 0 -27 -75 18 -74 131 -155 102 -206 205 -28
71 4 -22 4 -24 3 0 7 -38 -28 -42 8 5 72 -734 -15 8 1 -27 8 -7 13 16 -23 -4
10 0 8 -2 0 2 0 11 128 -3 69 -3 0 -734 2 -35 0 0 -3 -2 -4 -3 -3 12 0
71 8 144 -36 170 0 0 9 -43 200 -368 -4 -27 -15 -35 -394 -1 -1 238 -87 148 -123 -115 41 -14
-1 -258 -10 -298 -48 90 -232 77 33 9 31 28 -75 8 0 -1 339 60 36 -130 67 361 -252 -21 267
5 -194 -232 -42 4 -50 0 -5 4 -42 19 0 18 1 0 -1 60 -103 -12 96 286 -28 -63 141 -82
120 17 119 -82 281 -24 41 177 -114 -239 11 8 -74 -27 -3 238 36 -12 199 292 135 46 185 55 -42
-59 -77 -279 -3 -50 -7 0 32 33 121 69 32 131 8 -2 -87 -130 96 292 330 -141 -13 -32 -280 127
69 -82 -56 -48 133 -27 6 -33 -27 -19 16 -18 -155 -7 -4 148 67 286 135 -141 -391 -227 -179 -105 -46
-144 -8 -187 -61 37 -44 409 141 52 150 -40 40 102 13 -3 -123 361 -28 46 -13 -227 -43 342 227 74
-91 100 -202 85 16 35 -363 102 65 -8 4 77 -206 16 -3 -115 -252 -63 185 -32 -179 342 -7 186 -217
102 -77 199 148 -27 -18 6 78 -106 -16 -89 -4 205 -23 12 41 -21 141 55 -280 -105 227 186 131 -43
-33 342 19 495 51 99 -57 -1 -19 28 5 13 -28 -4 0 -14 267 -82 -42 127 -46 74 -217 -43 232

