Q_obj 
-121 -10 -2 1 103 -294 -49 -1 -1 -208 13 -2 -64 12 2 -6 -5 -6 -69 2 -109 1 490 -445 -111
-10 137 57 -14 12 -1 135 6 -29 2 69 10 -5 91 -6 7 2 9 67 -4 3 -3 -7 2 -64
-2 57 524 5 9 0 -37 -2 21 1 13 -4 -3 131 3 7 1 62 12 2 2 2 -1 1 29
1 -14 5 796 5 1 -7 -9 90 0 -2 -17 1 -32 12 -62 0 -46 -1 9 0 7 1 0 -2
103 12 9 5 271 214 105 -1 31 57 -12 4 -10 -10 -2 9 11 5 12 -1 88 -1 -69 -9 136
-294 -1 0 1 214 -119 -133 -1 -27 24 -13 0 -51 2 0 0 17 1 -29 0 -144 0 -9 -220 -218
-49 135 -37 -7 105 -133 175 -3 0 -33 -71 -4 1 -130 4 -19 -5 -7 -110 3 -52 2 50 8 41
-1 6 -2 -9 -1 -1 -3 -208 28 0 12 240 1 4 -122 -42 0 -12 8 -101 0 -87 -1 1 -1
-1 -29 21 90 31 -27 0 28 638 -7 -97 48 2 -8 -31 158 -1 112 -72 -23 -11 -16 22 2 -41
-208 2 1 0 57 24 -33 0 -7 566 55 0 145 -1 0 0 -14 0 -45 0 -5 0 355 457 -59
13 69 13 -2 -12 -13 -71 12 -97 55 398 20 -3 -87 -12 61 -1 58 505 -9 -8 -6 -64 -56 63
-2 10 -4 -17 4 0 -4 240 48 0 20 143 0 7 -224 -73 1 -21 14 -153 0 66 -2 0 0
-64 -5 -3 1 -10 -51 1 1 2 145 -3 0 430 5 1 0 48 1 -6 1 96 1 0 89 18
12 91 131 -32 -10 2 -130 4 -8 -1 -87 7 5 247 -4 -2 0 -17 -73 -3 -1 -2 11 0 69
2 -6 3 12 -2 0 4 -122 -31 0 -12 -224 1 -4 -105 50 0 15 -9 151 1 76 2 0 1
-6 7 7 -62 9 0 -19 -42 158 0 61 -73 0 -2 50 286 1 -74 44 37 0 27 -7 0 1
-5 2 1 0 11 17 -5 0 -1 -14 -1 1 48 0 0 1 632 0 0 0 -113 0 -5 -28 -12
-6 9 62 -46 5 1 -7 -12 112 0 58 -21 1 -17 15 -74 0 848 41 11 0 8 -7 0 -5
-69 67 12 -1 12 -29 -110 8 -72 -45 505 14 -6 -73 -9 44 0 41 28 -6 -9 -4 -16 -30 50
2 -4 2 9 -1 0 3 -101 -23 0 -9 -153 1 -3 151 37 0 11 -6 -234 1 127 2 0 1
-109 3 2 0 88 -144 -52 0 -11 -5 -8 0 96 -1 1 0 -113 0 -9 1 241 1 -23 -134 -93
1 -3 2 7 -1 0 2 -87 -16 0 -6 66 1 -2 76 27 0 8 -4 127 1 207 1 0 1
490 -7 -1 1 -69 -9 50 -1 22 355 -64 -2 0 11 2 -7 -5 -7 -16 2 -23 1 -271 -220 67
-445 2 1 0 -9 -220 8 1 2 457 -56 0 89 0 0 0 -28 0 -30 0 -134 0 -220 -130 10
-111 -64 29 -2 136 -218 41 -1 -41 -59 63 0 18 69 1 1 -12 -5 50 1 -93 1 67 10 183

