Q_obj 
367 -15 -6 37 -36 -41 247 1 42 80 62 0 -114 3 96 -91 -49 -78 6 150 4 62 -13 8 -98
-15 637 -7 -21 -169 334 47 26 23 27 -27 0 -41 2 382 65 -203 -212 -1 -265 -12 87 10 -2 -52
-6 -7 192 18 -17 46 -23 3 34 -17 51 -2 -7 117 -7 -6 34 -16 -130 32 9 30 -242 123 41
37 -21 18 -161 -99 150 -110 -60 -53 -63 66 2 98 -3 89 -154 -31 12 5 -171 30 -1 -21 6 125
-36 -169 -17 -99 -177 55 110 60 53 64 -64 -1 -97 4 127 153 -79 -117 -4 -2 -29 -54 22 -4 -123
-41 334 46 150 55 -513 47 33 7 28 99 4 -23 -21 216 78 -132 264 -17 -105 -13 122 -26 10 -19
247 47 -23 -110 110 47 136 -110 -61 -142 -253 2 176 -66 -49 319 48 107 -23 -102 42 -186 39 -16 154
1 26 3 -60 60 33 -110 -472 4 -26 0 0 2 -1 132 2 -68 62 2 208 -72 -101 6 4 0
42 23 34 -53 53 7 -61 4 -252 -83 24 -1 -275 34 -56 -15 12 9 54 -74 14 -90 95 -75 88
80 27 -17 -63 64 28 -142 -26 -83 -101 70 -1 177 52 -91 -55 33 42 -61 -127 14 -107 2 40 -202
62 -27 51 66 -64 99 -253 0 24 70 141 12 -79 -183 -137 -269 -69 -95 -87 49 -1 111 -42 -2 -68
0 0 -2 2 -1 4 2 0 -1 -1 12 -150 3 9 -3 9 -5 0 4 3 0 2 2 -1 3
-114 -41 -7 98 -97 -23 176 2 -275 177 -79 3 229 8 140 -39 -32 -8 -136 172 7 166 53 61 -194
3 2 117 -3 4 -21 -66 -1 34 52 -183 9 8 149 -49 -144 -81 -15 231 -24 -4 -6 5 -56 -87
96 382 -7 89 127 216 -49 132 -56 -91 -137 -3 140 -49 -418 -115 -74 -14 -9 117 -59 13 14 10 125
-91 65 -6 -154 153 78 319 2 -15 -55 -269 9 -39 -144 -115 349 -38 -46 -34 2 8 -260 -48 40 -24
-49 -203 34 -31 -79 -132 48 -68 12 33 -69 -5 -32 -81 -74 -38 -594 40 -31 -59 31 18 -20 17 -28
-78 -212 -16 12 -117 264 107 62 9 42 -95 0 -8 -15 -14 -46 40 -130 2 186 -27 88 14 2 -7
6 -1 -130 5 -4 -17 -23 2 54 -61 -87 4 -136 231 -9 -34 -31 2 -426 -11 7 7 46 158 99
150 -265 32 -171 -2 -105 -102 208 -74 -127 49 3 172 -24 117 2 -59 186 -11 -317 -92 -179 -9 12 155
4 -12 9 30 -29 -13 42 -72 14 14 -1 0 7 -4 -59 8 31 -27 7 -92 -42 51 22 14 0
62 87 30 -1 -54 122 -186 -101 -90 -107 111 2 166 -6 13 -260 18 88 7 -179 51 -66 -36 9 211
-13 10 -242 -21 22 -26 39 6 95 2 -42 2 53 5 14 -48 -20 14 46 -9 22 -36 -157 -129 -18
8 -2 123 6 -4 10 -16 4 -75 40 -2 -1 61 -56 10 40 17 2 158 12 14 9 -129 -256 -56
-98 -52 41 125 -123 -19 154 0 88 -202 -68 3 -194 -87 125 -24 -28 -7 99 155 0 211 -18 -56 219

