Q_obj 
-953 -9 1 -1 0 -1 -8 -5 0 0 7 -17 10 -7 8 185 -1 20 -1 -37 9 1 36 -3 -16
-9 424 4 13 198 53 35 346 -140 0 -64 35 9 38 -62 -38 148 -43 -53 23 -120 -2 53 305 -36
1 4 750 1 -3 0 1 4 30 1 0 0 0 1 2 1 1 1 0 0 9 -205 1 2 -1
-1 13 1 -234 43 0 115 -30 -35 -4 23 39 38 -193 70 -6 0 -18 -20 6 27 0 13 2 68
0 198 -3 43 -131 16 18 -67 74 -94 -37 -189 -3 -35 -148 -1 26 143 -21 1 -2 8 5 145 17
-1 53 0 0 16 -104 3 -33 22 0 -7 -2 1 2 -19 -4 7 3 -6 3 -3 0 7 37 0
-8 35 1 115 18 3 -95 0 -24 32 -23 17 25 -451 16 -33 3 -93 -11 17 29 0 37 1 -277
-5 346 4 -30 -67 -33 0 -335 -137 0 -52 -39 34 28 132 -21 45 63 -39 13 -181 2 28 251 -6
0 -140 30 -35 74 22 -24 -137 -461 -4 12 6 16 -33 -38 0 0 19 12 1 -336 -5 -2 -52 58
0 0 1 -4 -94 0 32 0 -4 -17 6 54 432 -35 -97 0 1 -137 -256 0 -2 0 0 -41 0
7 -64 0 23 -37 -7 -23 -52 12 6 140 56 14 25 0 27 -6 39 -18 41 35 1 -4 58 -1
-17 35 0 39 -189 -2 17 -39 6 54 56 229 -190 70 -269 -68 8 -466 -19 44 -25 1 90 -16 -19
10 9 0 38 -3 1 25 34 16 432 14 -190 253 -64 20 36 1 213 -66 -18 8 2 -55 30 -2
-7 38 1 -193 -35 2 -451 28 -33 -35 25 70 -64 -13 -72 -31 3 67 25 21 47 0 41 10 -200
8 -62 2 70 -148 -19 16 132 -38 -97 0 -269 20 -72 -203 31 -9 201 4 -18 19 -2 -37 -33 25
185 -38 1 -6 -1 -4 -33 -21 0 0 27 -68 36 -31 31 -270 -6 77 -4 -148 35 1 142 -13 -66
-1 148 1 0 26 7 3 45 0 1 -6 8 1 3 -9 -6 -804 -7 -4 4 -48 0 8 30 0
20 -43 1 -18 143 3 -93 63 19 -137 39 -466 213 67 201 77 -7 250 5 -39 4 0 -98 34 -31
-1 -53 0 -20 -21 -6 -11 -39 12 -256 -18 -19 -66 25 4 -4 -4 5 70 2 20 1 -14 32 -14
-37 23 0 6 1 3 17 13 1 0 41 44 -18 21 -18 -148 4 -39 2 -419 -19 0 -80 20 38
9 -120 9 27 -2 -3 29 -181 -336 -2 35 -25 8 47 19 35 -48 4 20 -19 74 1 -39 -163 -105
1 -2 -205 0 8 0 0 2 -5 0 1 1 2 0 -2 1 0 0 1 0 1 785 0 -1 0
36 53 1 13 5 7 37 28 -2 0 -4 90 -55 41 -37 142 8 -98 -14 -80 -39 0 -174 21 97
-3 305 2 2 145 37 1 251 -52 -41 58 -16 30 10 -33 -13 30 34 32 20 -163 -1 21 -130 7
-16 -36 -1 68 17 0 -277 -6 58 0 -1 -19 -2 -200 25 -66 0 -31 -14 38 -105 0 97 7 -211

