Q_obj 
-493 -99 -603 -6 46 87 96 -20 -84 4 11 -2 18 91 39 38 -45 -56 106 13 -31 113 -11 -93 127
-99 -204 56 -100 21 -35 -165 -59 -206 9 -5 2 -9 -255 -54 -78 130 -63 -28 -7 -78 232 -7 -224 -52
-603 56 65 -143 -66 -45 48 31 125 93 -11 4 -19 -62 -60 -91 32 86 -125 -12 61 -181 33 137 -162
-6 -100 -143 -310 -192 -99 -128 49 211 -9 6 -1 9 274 26 159 -138 248 47 6 83 -6 64 263 37
46 21 -66 -192 -183 -119 -30 -75 -299 -4 14 -4 24 -103 53 115 53 54 12 26 -117 10 105 -347 -18
87 -35 -45 -99 -119 -204 1 -48 -5 0 -6 2 -11 -22 -85 111 12 39 9 -12 -13 -17 30 13 10
96 -165 48 -128 -30 1 -262 -7 -8 0 0 1 0 17 -47 -55 -8 110 -8 0 -1 172 10 9 -4
-20 -59 31 49 -75 -48 -7 -40 23 4 18 -5 30 41 262 -122 -20 -34 -10 32 -5 8 53 29 -6
-84 -206 125 211 -299 -5 -8 23 -166 13 -1 1 -3 148 -29 -6 -74 -106 -51 -3 -118 -32 101 274 17
4 9 93 -9 -4 0 0 4 13 235 0 0 0 -6 3 -1 4 7 527 0 -30 0 -56 16 0
11 -5 -11 6 14 -6 0 18 -1 0 239 84 41 5 38 -17 -2 -11 7 -31 4 1 43 -2 -122
-2 2 4 -1 -4 2 1 -5 1 0 84 500 -11 -1 -11 6 1 4 -2 10 -1 0 -12 1 37
18 -9 -19 9 24 -11 0 30 -3 0 41 -11 115 8 65 -30 -3 -18 12 84 7 2 73 -3 -202
91 -255 -62 274 -103 -22 17 41 148 -6 5 -1 8 -499 30 84 459 39 26 6 60 14 35 188 45
39 -54 -60 26 53 -85 -47 262 -29 3 38 -11 65 30 325 -414 -15 50 12 69 76 51 40 -14 -15
38 -78 -91 159 115 111 -55 -122 -6 -1 -17 6 -30 84 -414 -387 -42 53 17 -34 -35 70 -65 24 35
-45 130 32 -138 53 12 -8 -20 -74 4 -2 1 -3 459 -15 -42 172 -19 -13 -2 -30 -6 -17 -94 -22
-56 -63 86 248 54 39 110 -34 -106 7 -11 4 -18 39 50 53 -19 540 -29 -15 -56 -532 -18 -208 -132
106 -28 -125 47 12 9 -8 -10 -51 527 7 -2 12 26 12 17 -13 -29 -645 11 56 34 82 -59 30
13 -7 -12 6 26 -12 0 32 -3 0 -31 10 84 6 69 -34 -2 -15 11 190 7 2 78 -4 -161
-31 -78 61 83 -117 -13 -1 -5 -118 -30 4 -1 7 60 76 -35 -30 -56 56 7 -407 2 38 -144 6
113 232 -181 -6 10 -17 172 8 -32 0 1 0 2 14 51 70 -6 -532 34 2 2 -61 -2 26 69
-11 -7 33 64 105 30 10 53 101 -56 43 -12 73 35 40 -65 -17 -18 82 78 38 -2 85 117 -24
-93 -224 137 263 -347 13 9 29 274 16 -2 1 -3 188 -14 24 -94 -208 -59 -4 -144 26 117 -57 29
127 -52 -162 37 -18 10 -4 -6 17 0 -122 37 -202 45 -15 35 -22 -132 30 -161 6 69 -24 29 -859

