Q_obj 
-92 -30 8 5 97 -9 -37 89 21 -28 -38 49 -37 68 0 -11 -24 -67 2 86 49 35 100 -18 23
-30 -217 -26 68 -110 -8 3 -83 28 -18 42 -101 6 27 4 202 389 -59 39 42 -202 -26 -43 -263 -91
8 -26 535 0 36 0 -193 24 -4 -125 537 -16 82 117 0 50 -11 -25 215 33 -36 17 -31 -7 -1
5 68 0 90 15 7 0 62 13 0 7 93 3 -1 -8 39 611 -434 -14 9 3 0 17 582 23
97 -110 36 15 28 178 164 77 148 -10 -25 -128 -14 14 -5 22 104 236 119 -311 249 87 98 90 145
-9 -8 0 7 178 782 -20 10 -14 -13 -5 108 -25 10 0 -13 -35 -77 -14 97 -15 -2 78 -14 -165
-37 3 -193 0 164 -20 -90 60 -15 36 -147 -51 236 437 0 10 -40 -88 -73 115 -112 51 -10 -25 -40
89 -83 24 62 77 10 60 -319 56 0 -32 -169 56 -21 -24 -24 18 5 48 -37 87 7 179 67 251
21 28 -4 13 148 -14 -15 56 69 0 -230 -44 -9 -19 153 39 -23 63 566 -71 -281 63 65 39 33
-28 -18 -125 0 -10 -13 36 0 0 70 248 -15 13 -6 0 38 3 6 101 -6 12 3 74 1 -62
-38 42 537 7 -25 -5 -147 -32 -230 248 -335 20 -22 21 73 -96 1 -13 -44 21 92 -9 34 -19 -27
49 -101 -16 93 -128 108 -51 -169 -44 -15 20 -451 34 -25 15 -80 -205 -239 -37 263 -37 -15 272 124 350
-37 6 82 3 -14 -25 236 56 -9 13 -22 34 -91 179 0 -5 3 46 -17 -60 -68 13 62 32 116
68 27 117 -1 14 10 437 -21 -19 -6 21 -25 179 139 0 22 19 105 -8 -134 -139 -3 41 51 6
0 4 0 -8 -5 0 0 -24 153 0 73 15 0 0 -187 2 6 -4 -179 0 0 64 0 7 0
-11 202 50 39 22 -13 10 -24 39 38 -96 -80 -5 22 2 -489 236 7 -7 -27 -74 9 -5 -136 -31
-24 389 -11 611 104 -35 -40 18 -23 3 1 -205 3 19 6 236 132 -11 -1 17 128 35 -81 -132 -73
-67 -59 -25 -434 236 -77 -88 5 63 6 -13 -239 46 105 -4 7 -11 -146 33 132 69 81 -148 11 -157
2 39 215 -14 119 -14 -73 48 566 101 -44 -37 -17 -8 -179 -7 -1 33 -243 -52 -202 15 69 48 17
86 42 33 9 -311 97 115 -37 -71 -6 21 263 -60 -134 0 -27 17 132 -52 -192 -90 -104 183 84 193
49 -202 -36 3 249 -15 -112 87 -281 12 92 -37 -68 -139 0 -74 128 69 -202 -90 358 80 -24 -53 101
35 -26 17 0 87 -2 51 7 63 3 -9 -15 13 -3 64 9 35 81 15 -104 80 -191 21 26 40
100 -43 -31 17 98 78 -10 179 65 74 34 272 62 41 0 -5 -81 -148 69 183 -24 21 -41 -10 317
-18 -263 -7 582 90 -14 -25 67 39 1 -19 124 32 51 7 -136 -132 11 48 84 -53 26 -10 -142 -15
23 -91 -1 23 145 -165 -40 251 33 -62 -27 350 116 6 0 -31 -73 -157 17 193 101 40 317 -15 246

