Q_obj 
-226 87 -55 2 46 19 9 0 -27 -54 -454 33 26 -83 -15 0 -43 -48 103 144 0 59 -51 0 -30
87 142 -31 1 12 4 71 1 -66 169 -140 31 -107 119 1 12 147 -29 51 97 1 -64 146 -10 125
-55 -31 175 48 -129 -6 -54 -131 110 20 91 -26 -11 31 -50 0 16 45 475 -118 0 -28 19 -2 9
2 1 48 408 -7 1 6 -174 13 0 -2 0 4 0 74 0 0 -5 49 0 0 2 0 -2 3
46 12 -129 -7 479 -13 15 25 -29 -22 -74 -19 64 -25 5 0 -11 30 214 -86 0 17 -21 1 -76
19 4 -6 1 -13 392 16 0 -29 41 -30 2 -35 95 1 -2 53 -25 11 16 14 26 38 21 10
9 71 -54 6 15 16 717 35 178 -23 -14 -13 -15 -23 19 7 -40 13 110 -64 6 113 -48 -116 5
0 1 -131 -174 25 0 35 513 -6 0 2 1 0 3 -220 0 1 -1 -160 5 0 4 0 -6 1
-27 -66 110 13 -29 -29 178 -6 570 35 45 20 37 61 7 3 36 -23 -167 87 -4 -41 22 -83 -30
-54 169 20 0 -22 41 -23 0 35 179 88 -19 72 -65 0 -35 -90 19 -31 -60 -1 23 18 57 -82
-454 -140 91 -2 -74 -30 -14 2 45 88 233 -51 -40 135 25 0 72 79 -165 -232 0 -94 85 1 49
33 31 -26 0 -19 2 -13 1 20 -19 -51 398 -166 -5 -19 0 -9 202 58 45 2 15 -18 4 -151
26 -107 -11 4 64 -35 -15 0 37 72 -40 -166 232 178 1 0 55 -328 14 -40 20 46 68 46 -535
-83 119 31 0 -25 95 -23 3 61 -65 135 -5 178 -7 0 11 -234 112 -48 -70 -60 -105 -61 -90 -64
-15 1 -50 74 5 1 19 -220 7 0 25 -19 1 0 19 0 0 30 268 -89 0 3 0 -4 0
0 12 0 0 0 -2 7 0 3 -35 0 0 0 11 0 -77 3 -1 0 0 -30 -11 24 26 0
-43 147 16 0 -11 53 -40 1 36 -90 72 -9 55 -234 0 3 895 18 -25 -49 1 156 -89 -2 -65
-48 -29 45 -5 30 -25 13 -1 -23 19 79 202 -328 112 30 -1 18 -17 -83 -149 20 98 19 49 -254
103 51 475 49 214 11 110 -160 -167 -31 -165 58 14 -48 268 0 -25 -83 -496 255 0 50 -30 -2 -18
144 97 -118 0 -86 16 -64 5 87 -60 -232 45 -40 -70 -89 0 -49 -149 255 232 7 95 -57 16 -91
0 1 0 0 0 14 6 0 -4 -1 0 2 20 -60 0 -30 1 20 0 7 673 -95 1 -36 16
59 -64 -28 2 17 26 113 4 -41 23 -94 15 46 -105 3 -11 156 98 50 95 -95 -107 60 -130 186
-51 146 19 0 -21 38 -48 0 22 18 85 -18 68 -61 0 24 -89 19 -30 -57 1 60 196 -45 -79
0 -10 -2 -2 1 21 -116 -6 -83 57 1 4 46 -90 -4 26 -2 49 -2 16 -36 -130 -45 234 39
-30 125 9 3 -76 10 5 1 -30 -82 49 -151 -535 -64 0 0 -65 -254 -18 -91 16 186 -79 39 427

