Q_obj 
-15 82 13 86 -25 -41 -22 -77 44 19 -104 -274 -31 32 62 108 -168 -29 -41 37 -82 22 40 13 -10
82 264 -45 -6 3 14 53 9 -25 -9 -26 24 88 -105 49 -11 254 122 -12 146 -35 -2 -208 -224 -41
13 -45 -253 27 270 155 22 24 3 459 -8 -8 119 35 31 96 -19 56 -206 37 65 88 -65 42 -10
86 -6 27 134 9 -2 56 72 24 -132 -113 28 -23 166 -26 31 27 32 -92 -31 -18 47 45 124 9
-25 3 270 9 -37 -52 -2 -31 -14 -319 10 -23 6 -21 28 21 -28 -29 136 -12 -1 -59 -2 -53 4
-41 14 155 -2 -52 190 45 91 28 42 13 23 42 69 -109 -113 30 47 -99 -73 -12 50 -5 246 21
-22 53 22 56 -2 45 115 174 -245 0 114 117 203 10 -56 51 -100 49 4 100 -299 71 333 39 -28
-77 9 24 72 -31 91 174 17 19 -15 -228 -121 -136 -217 101 49 7 -50 -99 26 -266 8 -294 26 -7
44 -25 3 24 -14 28 -245 19 -420 -8 172 -167 91 150 35 -74 -3 4 -40 -72 206 59 373 -30 21
19 -9 459 -132 -319 42 0 -15 -8 332 -21 -4 2 9 37 42 -8 -31 130 -2 -3 -56 10 -125 1
-104 -26 -8 -113 10 13 114 -228 172 -21 623 62 68 -124 105 -49 117 53 -1 73 -38 24 100 27 -20
-274 24 -8 28 -23 23 117 -121 -167 -4 62 -24 -209 57 38 193 -53 -31 -42 -82 121 -5 1 -28 24
-31 88 119 -23 6 42 203 -136 91 2 68 -209 13 -48 -53 -1 -9 -23 36 -229 -67 -21 -58 577 66
32 -105 35 166 -21 69 10 -217 150 9 -124 57 -48 554 -121 61 99 6 -29 52 -20 22 96 7 -14
62 49 31 -26 28 -109 -56 101 35 37 105 38 -53 -121 199 -2 45 66 -136 -44 79 51 -40 238 13
108 -11 96 31 21 -113 51 49 -74 42 -49 193 -1 61 -2 35 140 22 62 -157 38 -27 -11 411 46
-168 254 -19 27 -28 30 -100 7 -3 -8 117 -53 -9 99 45 140 -70 46 -42 84 86 34 153 -82 -23
-29 122 56 32 -29 47 49 -50 4 -31 53 -31 -23 6 66 22 46 239 50 95 0 -11 -48 19 -26
-41 -12 -206 -92 136 -99 4 -99 -40 130 -1 -42 36 -29 -136 62 -42 50 -182 2 -9 92 -39 47 0
37 146 37 -31 -12 -73 100 26 -72 -2 73 -82 -229 52 -44 -157 84 95 2 258 71 -14 -37 94 -224
-82 -35 65 -18 -1 -12 -299 -266 206 -3 -38 121 -67 -20 79 38 86 0 -9 71 381 2 167 236 -19
22 -2 88 47 -59 50 71 8 59 -56 24 -5 -21 22 51 -27 34 -11 92 -14 2 -8 1 -28 5
40 -208 -65 45 -2 -5 333 -294 373 10 100 1 -58 96 -40 -11 153 -48 -39 -37 167 1 36 -264 11
13 -224 42 124 -53 246 39 26 -30 -125 27 -28 577 7 238 411 -82 19 47 94 236 -28 -264 5 -26
-10 -41 -10 9 4 21 -28 -7 21 1 -20 24 66 -14 13 46 -23 -26 0 -224 -19 5 11 -26 -467

