Q_obj 
29 71 3 -15 -113 47 -15 4 51 202 -59 12 -30 -28 0 -74 39 54 -1 13 98 -1 79 -67 144
71 37 0 90 11 -10 1 -221 122 0 -68 22 7 1 1 -121 -2 -15 -28 158 52 -2 -224 -3 159
3 0 -866 -12 0 9 0 1 46 0 13 0 -9 33 0 10 0 -11 0 -75 -40 0 -27 -5 33
-15 90 -12 -14 -97 -61 -115 20 51 -6 327 7 250 -6 12 -242 15 187 19 -148 -4 4 -34 3 -1
-113 11 0 -97 338 96 0 3 30 59 -12 0 140 0 0 -20 0 0 -7 16 -2 0 10 1 -5
47 -10 9 -61 96 4 -19 -18 36 -166 19 -3 -17 -12 21 44 -45 56 -4 26 168 8 59 -7 16
-15 1 0 -115 0 -19 204 0 0 0 129 1 -84 0 0 -87 0 104 0 41 -15 0 -12 0 18
4 -221 1 20 3 -18 0 949 28 1 -18 5 1 0 1 -31 0 -1 -6 37 17 0 -50 -1 38
51 122 46 51 30 36 0 28 -372 -49 -124 -3 58 -1 23 -216 -24 -19 13 273 -18 9 16 -48 -3
202 0 0 -6 59 -166 0 1 -49 553 -3 14 12 -4 -79 43 189 46 0 -27 -22 -30 11 -13 23
-59 -68 13 327 -12 19 129 -18 -124 -3 107 -6 216 15 -77 11 21 -101 13 -154 186 -27 -9 68 -183
12 22 0 7 0 -3 1 5 -3 14 -6 657 10 22 45 -33 -24 18 77 -32 4 -159 13 78 -38
-30 7 -9 250 140 -17 -84 1 58 12 216 10 -170 -4 9 -213 11 136 7 -101 7 2 -54 2 -12
-28 1 33 -6 0 -12 0 0 -1 -4 15 22 -4 -758 -13 42 8 22 0 -18 101 -7 -33 279 -3
0 1 0 12 0 21 0 1 23 -79 -77 45 9 -13 370 -22 136 94 3 2 -53 390 50 -43 23
-74 -121 10 -242 -20 44 -87 -31 -216 43 11 -33 -213 42 -22 170 46 122 15 34 37 -3 -174 132 -192
39 -2 0 15 0 -45 0 0 -24 189 21 -24 11 8 136 46 354 36 -9 -8 5 52 -40 27 -8
54 -15 -11 187 0 56 104 -1 -19 46 -101 18 136 22 94 122 36 43 -3 -53 -220 32 -69 36 -49
-1 -28 0 19 -7 -4 0 -6 13 0 13 77 7 0 3 15 -9 -3 -465 36 -11 -8 16 2 66
13 158 -75 -148 16 26 41 37 273 -27 -154 -32 -101 -18 2 34 -8 -53 36 -572 68 5 -220 -2 232
98 52 -40 -4 -2 168 -15 17 -18 -22 186 4 7 101 -53 37 5 -220 -11 68 -617 -19 -326 111 -89
-1 -2 0 4 0 8 0 0 9 -30 -27 -159 2 -7 390 -3 52 32 -8 5 -19 -565 17 -25 13
79 -224 -27 -34 10 59 -12 -50 16 11 -9 13 -54 -33 50 -174 -40 -69 16 -220 -326 17 294 -153 62
-67 -3 -5 3 1 -7 0 -1 -48 -13 68 78 2 279 -43 132 27 36 2 -2 111 -25 -153 193 -71
144 159 33 -1 -5 16 18 38 -3 23 -183 -38 -12 -3 23 -192 -8 -49 66 232 -89 13 62 -71 -339

