Q_obj 
-118 -70 126 0 0 61 238 23 -2 -64 -170 47 6 -118 6 176 -123 -181 -12 1 -50 89 6 144 371
-70 -67 -200 -85 5 -36 -262 -153 23 -28 11 -161 -60 30 20 277 11 182 25 4 -68 176 8 -36 -33
126 -200 178 -55 -51 80 -24 -42 2 6 -76 -80 -10 5 15 220 -20 -123 -58 5 -14 177 2 -5 61
0 -85 -55 -813 187 42 75 13 -9 11 4 21 -130 -13 0 -200 -94 1 -39 7 13 11 -1 17 0
0 5 -51 187 -37 184 -197 85 16 47 41 -61 52 -60 0 -83 -406 2 -172 -5 -13 -32 2 74 0
61 -36 80 42 184 80 0 -164 28 5 -51 -20 8 -26 0 -1 -61 -132 115 -7 0 37 1 33 30
238 -262 -24 75 -197 0 -133 -76 5 -32 -16 211 -327 -20 154 -87 53 -117 23 8 5 91 0 25 120
23 -153 -42 13 85 -164 -76 311 38 -45 125 -94 67 -224 -28 -39 57 -20 158 -10 -76 -17 9 272 11
-2 23 2 -9 16 28 5 38 100 -7 -6 29 54 -4 16 -2 22 20 -22 -215 35 9 -3 6 0
-64 -28 6 11 47 5 -32 -45 -7 187 33 -15 14 9 0 -24 38 5 2 3 -26 -1 3 -10 -31
-170 11 -76 4 41 -51 -16 125 -6 33 146 238 -14 -4 154 80 -44 59 27 3 -78 115 9 6 -77
47 -161 -80 21 -61 -20 211 -94 29 -15 238 -291 -22 48 -223 47 -56 43 19 -5 66 -198 -7 -57 14
6 -60 -10 -130 52 8 -327 67 54 14 -14 -22 -216 -16 -14 519 6 -71 -4 2 114 -229 -12 21 2
-118 30 5 -13 -60 -26 -20 -224 -4 9 -4 48 -16 136 0 -14 -3 61 14 2 -69 -102 8 214 -57
6 20 15 0 0 0 154 -28 16 0 154 -223 -14 0 -683 46 -36 0 0 -4 62 -116 -6 0 -10
176 277 220 -200 -83 -1 -87 -39 -2 -24 80 47 519 -14 46 27 24 -84 18 -12 -60 20 7 18 86
-123 11 -20 -94 -406 -61 53 57 22 38 -44 -56 6 -3 -36 24 1 -26 42 -6 -7 8 1 5 -60
-181 182 -123 1 2 -132 -117 -20 20 5 59 43 -71 61 0 -84 -26 569 79 -5 24 -138 -2 -73 -86
-12 25 -58 -39 -172 115 23 158 -22 2 27 19 -4 14 0 18 42 79 98 7 8 -18 0 -16 -5
1 4 5 7 -5 -7 8 -10 -215 3 3 -5 2 2 -4 -12 -6 -5 7 -582 -11 -1 2 -1 1
-50 -68 -14 13 -13 0 5 -76 35 -26 -78 66 114 -69 62 -60 -7 24 8 -11 296 96 -29 84 -22
89 176 177 11 -32 37 91 -17 9 -1 115 -198 -229 -102 -116 20 8 -138 -18 -1 96 58 -10 125 39
6 8 2 -1 2 1 0 9 -3 3 9 -7 -12 8 -6 7 1 -2 0 2 -29 -10 23 -9 3
144 -36 -5 17 74 33 25 272 6 -10 6 -57 21 214 0 18 5 -73 -16 -1 84 125 -9 54 69
371 -33 61 0 0 30 120 11 0 -31 -77 14 2 -57 -10 86 -60 -86 -5 1 -22 39 3 69 -712

