Q_obj 
-517 0 -580 -142 -5 15 -25 83 -27 115 -4 136 48 2 26 -39 -17 -140 1 8 1 -11 -9 -2 0
0 182 -3 -2 3 72 478 2 7 155 7 -6 -123 -246 0 -1 0 5 48 -66 155 0 11 63 9
-580 -3 377 181 50 -16 11 116 112 5 5 -144 4 11 -9 84 36 124 98 33 -7 120 44 25 13
-142 -2 181 -776 -43 27 -8 -72 -48 24 -6 -218 7 -10 245 91 -84 9 8 77 4 -96 190 -17 -1
-5 3 50 -43 -252 -12 4 10 292 -6 0 126 -2 -2 0 -21 -56 -61 4 -81 -3 29 -26 -15 -377
15 72 -16 27 -12 -300 25 3 -30 3 165 81 -20 -3 0 412 4 -2 -14 -11 56 -1 -30 2 -10
-25 478 11 -8 4 25 -17 25 1 -51 -62 31 66 -24 -1 -58 -11 -24 -73 94 370 6 -28 3 -12
83 2 116 -72 10 3 25 184 3 -118 2 116 -38 24 5 -27 -78 -76 -12 -57 -2 40 -42 -29 1
-27 7 112 -48 292 -30 1 3 93 3 0 199 1 -6 -8 -15 -119 -117 -148 -124 -4 24 -39 -34 190
115 155 5 24 -6 3 -51 -118 3 204 -42 -100 -261 119 6 17 53 76 -5 66 5 -26 41 -15 -3
-4 7 5 -6 0 165 -62 2 0 -42 405 61 83 -62 0 -97 0 70 -4 16 55 0 87 16 -1
136 -6 -144 -218 126 81 31 116 199 -100 61 -150 -47 18 66 -44 101 25 239 49 -17 219 -79 35 59
48 -123 4 7 -2 -20 66 -38 1 -261 83 -47 771 -321 3 24 22 17 4 12 160 -10 -4 87 1
2 -246 11 -10 -2 -3 -24 24 -6 119 -62 18 -321 -405 1 -4 -2 -4 -3 -10 340 2 -13 194 0
26 0 -9 245 0 0 -1 5 -8 6 0 66 3 1 -152 -34 0 -18 -8 -30 0 0 -45 0 0
-39 -1 84 91 -21 412 -58 -27 -15 17 -97 -44 24 -4 -34 -473 -41 -12 -4 9 2 -48 51 -8 0
-17 0 36 -84 -56 4 -11 -78 -119 53 0 101 22 -2 0 -41 200 186 -45 -104 0 -127 -264 -33 -2
-140 5 124 9 -61 -2 -24 -76 -117 76 70 25 17 -4 -18 -12 186 54 -86 -102 6 -143 -284 -34 -7
1 48 98 8 4 -14 -73 -12 -148 -5 -4 239 4 -3 -8 -4 -45 -86 204 586 34 -17 -163 -10 64
8 -66 33 77 -81 -11 94 -57 -124 66 16 49 12 -10 -30 9 -104 -102 586 -306 -43 -94 22 -22 76
1 155 -7 4 -3 56 370 -2 -4 5 55 -17 160 340 0 2 0 6 34 -43 82 0 17 -85 7
-11 0 120 -96 29 -1 6 40 24 -26 0 219 -10 2 0 -48 -127 -143 -17 -94 0 279 -78 -37 2
-9 11 44 190 -26 -30 -28 -42 -39 41 87 -79 -4 -13 -45 51 -264 -284 -163 22 17 -78 68 -7 -23
-2 63 25 -17 -15 2 3 -29 -34 -15 16 35 87 194 0 -8 -33 -34 -10 -22 -85 -37 -7 308 0
0 9 13 -1 -377 -10 -12 1 190 -3 -1 59 1 0 0 0 -2 -7 64 76 7 2 -23 0 -414

