Q_obj 
765 4 0 10 1 -9 0 -5 5 -3 -24 0 -2 14 -6 12 -3 1 0 6 0 30 -122 10 1
4 -109 -40 57 -50 -15 -135 363 362 19 89 20 5 23 79 69 37 20 21 47 10 17 41 -86 -24
0 -40 817 52 -90 35 25 39 32 -108 63 60 9 -75 -204 -49 80 237 -3 112 -33 47 -4 -57 55
10 57 52 -55 -86 6 -57 -51 -134 154 162 5 2 -8 8 -20 11 17 65 4 86 76 111 -121 11
1 -50 -90 -86 47 12 45 22 251 30 -11 -6 154 13 -30 -16 13 -11 -82 -26 -131 0 4 28 102
-9 -15 35 6 12 -98 -48 18 -18 -33 126 -28 8 -23 -49 0 -68 -91 -25 99 0 133 -117 220 4
0 -135 25 -57 45 -48 326 75 35 -86 48 25 -137 47 187 152 -385 -5 340 71 -95 -22 -6 -83 136
-5 363 39 -51 22 18 75 273 182 -35 -116 -13 -6 -27 -154 -89 -32 16 154 -31 105 -23 -62 106 -7
5 362 32 -134 251 -18 35 182 91 23 105 23 5 27 93 82 -43 23 -148 56 -42 20 49 -102 -118
-3 19 -108 154 30 -33 -86 -35 23 -77 190 36 30 -137 -35 -314 -272 53 -59 71 1 247 -41 59 -31
-24 89 63 162 -11 126 48 -116 105 190 69 -14 4 -55 12 406 71 -10 38 19 0 39 -150 148 31
0 20 60 5 -6 -28 25 -13 23 36 -14 878 -8 39 104 -70 80 -205 20 -120 0 29 5 77 16
-2 5 9 2 154 8 -137 -6 5 30 4 -8 -778 -115 -31 6 21 -19 6 9 0 10 -25 31 230
14 23 -75 -8 13 -23 47 -27 27 -137 -55 39 -115 -102 50 -114 95 124 37 -134 0 -47 162 -299 30
-6 79 -204 8 -30 -49 187 -154 93 -35 12 104 -31 50 -57 56 373 353 115 74 0 12 -76 -52 26
12 69 -49 -20 -16 0 152 -89 82 -314 406 -70 6 -114 56 434 344 -125 106 -131 0 103 82 97 59
-3 37 80 11 13 -68 -385 -32 -43 -272 71 80 21 95 373 344 -9 70 -213 184 37 -70 -42 -138 -104
1 20 237 17 -11 -91 -5 16 23 53 -10 -205 -19 124 353 -125 70 433 5 -308 0 71 11 175 22
0 21 -3 65 -82 -25 340 154 -148 -59 38 20 6 37 115 106 -213 5 32 47 98 -13 -1 -51 318
6 47 112 4 -26 99 71 -31 56 71 19 -120 9 -134 74 -131 184 -308 47 130 0 5 55 144 20
0 10 -33 86 -131 0 -95 105 -42 1 0 0 0 0 0 0 37 0 98 0 -408 0 0 0 30
30 17 47 76 0 133 -22 -23 20 247 39 29 10 -47 12 103 -70 71 -13 5 0 -154 150 9 -2
-122 41 -4 111 4 -117 -6 -62 49 -41 -150 5 -25 162 -76 82 -42 11 -1 55 0 150 -776 109 7
10 -86 -57 -121 28 220 -83 106 -102 59 148 77 31 -299 -52 97 -138 175 -51 144 0 9 109 454 -11
1 -24 55 11 102 4 136 -7 -118 -31 31 16 230 30 26 59 -104 22 318 20 30 -2 7 -11 206

