Q_obj 
134 -9 62 68 -5 -288 147 -86 -68 -7 132 18 7 111 -204 -39 -29 306 64 21 0 18 -426 -83 87
-9 102 -5 -18 4 -1 -17 3 -16 5 10 -235 137 4 2 -33 -412 -11 37 20 -13 -1 -1 0 -22
62 -5 422 -114 -50 -1 133 -59 39 -75 -57 -7 -46 59 -11 -102 -6 87 -58 118 -2 -53 11 84 41
68 -18 -114 465 -40 -213 -43 36 1 -60 41 -5 9 30 -12 72 -34 -12 497 2 2 144 30 -100 7
-5 4 -50 -40 876 14 -20 11 15 -92 -13 -2 0 16 1 52 8 -37 -16 0 0 -2 27 9 -28
-288 -1 -1 -213 14 365 -62 -55 63 20 -6 37 20 -4 53 23 -23 135 323 -22 0 -100 -189 53 25
147 -17 133 -43 -20 -62 711 -109 -61 -30 -116 -62 -46 -94 -26 87 0 169 3 -85 1 -44 55 41 93
-86 3 -59 36 11 -55 -109 617 -79 16 18 -13 -116 -19 16 4 13 240 -3 -2 1 25 -35 93 11
-68 -16 39 1 15 63 -61 -79 532 22 -146 19 -71 74 13 -4 -43 137 -73 -36 -1 2 156 19 98
-7 5 -75 -60 -92 20 -30 16 22 799 -19 -3 0 24 2 78 12 -56 -25 -1 0 -3 40 13 -43
132 10 -57 41 -13 -6 -116 18 -146 -19 496 52 -40 -61 -23 -52 -8 50 -377 -18 -2 13 -93 -139 50
18 -235 -7 -5 -2 37 -62 -13 19 -3 52 12 96 22 -3 -40 -284 31 27 5 -9 62 -13 -35 16
7 137 -46 9 0 20 -46 -116 -71 0 -40 96 515 -1 -1 -35 228 158 -16 35 8 9 100 -33 -69
111 4 59 30 16 -4 -94 -19 74 24 -61 22 -1 573 -19 -159 -4 15 59 0 3 -19 -93 54 -6
-204 2 -11 -12 1 53 -26 16 13 2 -23 -3 -1 -19 -963 8 6 -55 -11 -3 1 -3 77 16 -15
-39 -33 -102 72 52 23 87 4 -4 78 -52 -40 -35 -159 8 470 -45 58 41 99 1 23 76 -58 35
-29 -412 -6 -34 8 -23 0 13 -43 12 -8 -284 228 -4 6 -45 -319 -41 60 39 -31 -36 6 19 -54
306 -11 87 -12 -37 135 169 240 137 -56 50 31 158 15 -55 58 -41 280 -1 36 -1 -13 161 4 -134
64 37 -58 497 -16 323 3 -3 -73 -25 -377 27 -16 59 -11 41 60 -1 -281 -2 4 -153 -242 9 2
21 20 118 2 0 -22 -85 -2 -36 -1 -18 5 35 0 -3 99 39 36 -2 311 2 -18 12 -1 -14
0 -13 -2 2 0 0 1 1 -1 0 -2 -9 8 3 1 1 -31 -1 4 2 655 -1 0 1 -1
18 -1 -53 144 -2 -100 -44 25 2 -3 13 62 9 -19 -3 23 -36 -13 -153 -18 -1 325 23 -60 -1
-426 -1 11 30 27 -189 55 -35 156 40 -93 -13 100 -93 77 76 6 161 -242 12 0 23 -45 33 -25
-83 0 84 -100 9 53 41 93 19 13 -139 -35 -33 54 16 -58 19 4 9 -1 1 -60 33 410 -19
87 -22 41 7 -28 25 93 11 98 -43 50 16 -69 -6 -15 35 -54 -134 2 -14 -1 -1 -25 -19 393

