Q_obj 
-490 113 9 2 25 -20 -43 39 -31 12 31 -80 -10 5 26 -9 21 -32 -143 8 18 140 17 -28 242
113 295 -22 22 -121 -16 42 -182 19 93 -170 1 11 -10 -38 85 -49 76 165 416 -15 -14 -11 -345 93
9 -22 718 -68 35 -129 -276 -14 -89 43 -56 24 -67 -89 33 8 21 -32 38 33 -73 56 38 -27 10
2 22 -68 233 -73 -189 -17 -230 -7 391 162 -27 -4 -215 53 118 -63 -111 62 -243 51 -36 -49 -152 54
25 -121 35 -73 -156 283 -58 -22 41 36 -72 -21 -14 272 -143 -92 130 -48 114 137 -63 -13 22 -46 142
-20 -16 -129 -189 283 231 -83 -279 0 15 -117 -67 -20 -296 138 -157 -98 -28 -10 -195 129 -110 -35 -258 -4
-43 42 -276 -17 -58 -83 -129 181 60 88 -44 -163 -27 -116 106 -92 -65 -12 16 133 104 -187 -29 98 -17
39 -182 -14 -230 -22 -279 181 -62 -7 -6 -179 41 45 -212 37 -47 -40 -1 62 110 14 40 -32 174 73
-31 19 -89 -7 41 0 60 -7 -8 -96 -58 149 15 112 5 35 349 -25 -14 -78 -100 -100 253 57 -18
12 93 43 391 36 15 88 -6 -96 -125 -539 123 22 -70 7 176 -50 64 -11 28 -40 111 -9 22 -51
31 -170 -56 162 -72 -117 -44 -179 -58 -539 121 91 -11 -226 67 279 -66 72 -53 89 3 79 -14 -199 30
-80 1 24 -27 -21 -67 -163 41 149 123 91 327 -40 -2 144 -42 -21 -80 35 -3 217 -359 -9 -12 1
-10 11 -67 -4 -14 -20 -27 45 15 22 -11 -40 -24 -28 26 -22 -16 -3 4 33 26 -45 -7 24 -4
5 -10 -89 -215 272 -296 -116 -212 112 -70 -226 -2 -28 470 84 150 -61 -14 7 -105 70 33 -94 -162 0
26 -38 33 53 -143 138 106 37 5 7 67 144 26 84 566 -46 -98 -121 121 77 -95 149 -93 -5 43
-9 85 8 118 -92 -157 -92 -47 35 176 279 -42 -22 150 -46 80 28 3 29 -53 -8 -22 -4 17 -2
21 -49 21 -63 130 -98 -65 -40 349 -50 -66 -21 -16 -61 -98 28 -115 4 -55 -128 98 120 -287 0 -21
-32 76 -32 -111 -48 -28 -12 -1 -25 64 72 -80 -3 -14 -121 3 4 320 301 29 -6 -90 -17 -152 61
-143 165 38 62 114 -10 16 62 -14 -11 -53 35 4 7 121 29 -55 301 213 39 45 62 13 -31 -15
8 416 33 -243 137 -195 133 110 -78 28 89 -3 33 -105 77 -53 -128 29 39 291 58 -42 -67 -129 -85
18 -15 -73 51 -63 129 104 14 -100 -40 3 217 26 70 -95 -8 98 -6 45 58 665 108 75 38 17
140 -14 56 -36 -13 -110 -187 40 -100 111 79 -359 -45 33 149 -22 120 -90 62 -42 108 145 93 17 -60
17 -11 38 -49 22 -35 -29 -32 253 -9 -14 -9 -7 -94 -93 -4 -287 -17 13 -67 75 93 477 -7 4
-28 -345 -27 -152 -46 -258 98 174 57 22 -199 -12 24 -162 -5 17 0 -152 -31 -129 38 17 -7 -18 114
242 93 10 54 142 -4 -17 73 -18 -51 30 1 -4 0 43 -2 -21 61 -15 -85 17 -60 4 114 -61

