Q_obj 
80 -27 63 0 -4 2 0 5 82 -21 47 -6 -108 -216 -8 139 35 7 14 -37 -148 -2 16 138 -48
-27 445 -194 -5 -76 12 -1 154 -2 199 7 2 -29 -85 176 48 -91 121 -132 -238 18 -68 14 -58 2
63 -194 193 38 -341 4 12 161 51 92 126 24 -43 61 39 -198 -376 51 -207 -86 -59 -43 63 -99 -179
0 -5 38 -604 5 0 -243 -1 -1 -265 1 -2 -37 108 380 49 -11 0 -5 -26 24 0 3 68 0
-4 -76 -341 5 350 -8 2 -160 0 -223 56 4 40 -283 -29 -123 -412 83 -151 141 42 12 18 12 1
2 12 4 0 -8 419 0 -27 0 37 5 5 19 -7 32 -26 -37 -28 73 41 -14 -58 3 28 0
0 -1 12 -243 2 0 140 0 0 -79 1 0 -11 32 114 15 -3 0 -1 -7 7 0 1 21 0
5 154 161 -1 -160 -27 0 -115 0 -94 -6 13 110 102 -94 24 39 265 223 53 -93 38 2 36 1
82 -2 51 -1 0 0 0 0 -691 -1 102 -3 -19 -111 0 71 7 0 0 -22 -30 0 -263 72 -9
-21 199 92 -265 -223 37 -79 -94 -1 -45 -15 27 -247 70 48 12 -77 -153 -336 235 144 68 -2 113 62
47 7 126 1 56 5 1 -6 102 -15 -81 -1 -43 -2 -18 -120 -64 11 -15 -120 -12 -7 33 -12 414
-6 2 24 -2 4 5 0 13 -3 27 -1 -714 -17 -5 19 -28 13 13 -26 61 15 -7 -2 0 1
-108 -29 -43 -37 40 19 -11 110 -19 -247 -43 -17 131 78 -142 89 205 114 -384 -142 -193 297 -16 -145 22
-216 -85 61 108 -283 -7 32 102 -111 70 -2 -5 78 58 -44 164 -351 12 -98 11 23 -15 -50 70 124
-8 176 39 380 -29 32 114 -94 0 48 -18 19 -142 -44 -169 -54 125 -96 -242 135 97 95 -1 29 0
139 48 -198 49 -123 -26 15 24 71 12 -120 -28 89 164 -54 457 -231 -13 99 227 -149 -3 -6 -72 372
35 -91 -376 -11 -412 -37 -3 39 7 -77 -64 13 205 -351 125 -231 389 -84 100 215 -48 57 -25 115 65
7 121 51 0 83 -28 0 265 0 -153 11 13 114 12 -96 -13 -84 -179 164 90 -76 39 7 38 0
14 -132 -207 -5 -151 73 -1 223 0 -336 -15 -26 -384 -98 -242 99 100 164 261 -164 270 -110 -9 -158 4
-37 -238 -86 -26 141 41 -7 53 -22 235 -120 61 -142 11 135 227 215 90 -164 208 129 -52 -66 12 237
-148 18 -59 24 42 -14 7 -93 -30 144 -12 15 -193 23 97 -149 -48 -76 270 129 -91 -178 -3 25 15
-2 -68 -43 0 12 -58 0 38 0 68 -7 -7 297 -15 95 -3 57 39 -110 -52 -178 509 -4 -14 0
16 14 63 3 18 3 1 2 -263 -2 33 -2 -16 -50 -1 -6 -25 7 -9 -66 -3 -4 -163 45 143
138 -58 -99 68 12 28 21 36 72 113 -12 0 -145 70 29 -72 115 38 -158 12 25 -14 45 87 -16
-48 2 -179 0 1 0 0 1 -9 62 414 1 22 124 0 372 65 0 4 237 15 0 143 -16 -97

