Q_obj 
-234 -31 -164 4 -402 75 -41 -164 7 79 18 36 -6 -20 -3 -48 57 2 17 -194 -72 12 2 294 -153
-31 329 -85 -41 88 38 -120 -111 84 1 -123 88 -2 -110 -9 88 -102 10 -71 5 -72 138 25 43 -22
-164 -85 -114 -74 -75 11 75 41 -94 -109 178 -69 15 -45 -127 -57 163 0 -7 91 -95 259 83 -40 22
4 -41 -74 110 17 12 -37 -3 -14 17 -11 59 -14 -17 -22 -318 66 -1 135 -16 3 29 -107 -35 19
-402 88 -75 17 274 -228 -45 154 66 55 104 21 -3 117 10 -4 7 -2 32 183 -53 -72 -9 62 -31
75 38 11 12 -228 -25 -1 128 -19 0 -117 -13 1 275 15 0 0 -4 27 -25 23 117 4 2 0
-41 -120 75 -37 -45 -1 309 71 -65 122 19 119 -23 30 2 0 0 172 -58 22 4 -32 2 -41 22
-164 -111 41 -3 154 128 71 53 40 44 -323 -17 -2 -232 -13 -36 26 6 -14 59 106 230 16 3 -1
7 84 -94 -14 66 -19 -65 40 6 95 167 27 2 4 -67 95 -49 5 36 -413 192 87 59 -68 36
79 1 -109 17 55 0 122 44 95 -105 -9 -78 57 6 0 0 0 -13 18 -32 -60 2 -6 73 -37
18 -123 178 -11 104 -117 19 -323 167 -9 -3 -8 8 175 -8 -241 224 10 11 -16 35 157 116 96 -49
36 88 -69 59 21 -13 119 -17 27 -78 -8 379 -43 0 1 0 0 230 80 -7 -13 -15 -12 36 -18
-6 -2 15 -14 -3 1 -23 -2 2 57 8 -43 25 0 0 0 0 -164 -17 -1 5 7 6 -6 4
-20 -110 -45 -17 117 275 30 -232 4 6 175 0 0 -221 4 58 -37 6 -49 1 -32 -166 -41 -14 8
-3 -9 -127 -22 10 15 2 -13 -67 0 -8 1 0 4 -218 -364 36 0 -2 -8 -3 -26 257 -62 33
-48 88 -57 -318 -4 0 0 -36 95 0 -241 0 0 58 -364 -116 462 0 23 -101 -34 -256 -305 -159 84
57 -102 163 66 7 0 0 26 -49 0 224 0 0 -37 36 462 460 0 178 119 29 239 132 228 -118
2 10 0 -1 -2 -4 172 6 5 -13 10 230 -164 6 0 0 0 -413 0 -1 -1 -4 3 2 0
17 -71 -7 135 32 27 -58 -14 36 18 11 80 -17 -49 -2 23 178 0 283 -11 15 106 38 18 -9
-194 5 91 -16 183 -25 22 59 -413 -32 -16 -7 -1 1 -8 -101 119 -1 -11 -564 25 12 -3 347 -181
-72 -72 -95 3 -53 23 4 106 192 -60 35 -13 5 -32 -3 -34 29 -1 15 25 582 -144 29 108 -56
12 138 259 29 -72 117 -32 230 87 2 157 -15 7 -166 -26 -256 239 -4 106 12 -144 -105 136 89 -46
2 25 83 -107 -9 4 2 16 59 -6 116 -12 6 -41 257 -305 132 3 38 -3 29 136 -353 34 -17
294 43 -40 -35 62 2 -41 3 -68 73 96 36 -6 -14 -62 -159 228 2 18 347 108 89 34 236 360
-153 -22 22 19 -31 0 22 -1 36 -37 -49 -18 4 8 33 84 -118 0 -9 -181 -56 -46 -17 360 737

