Q_obj 
566 67 16 -17 -191 -160 94 127 14 -69 -75 92 -9 58 -35 26 -26 -40 84 -4 149 72 -102 -2 2
67 294 -34 -146 -111 -3 -242 -37 50 -294 -11 44 11 27 19 -15 10 -19 48 -35 51 -120 12 -113 -45
16 -34 208 -38 -103 7 56 54 -14 -22 -45 62 143 0 6 4 -11 178 -4 -9 110 97 -18 -182 -42
-17 -146 -38 -1 -28 -48 -67 315 -9 -19 12 5 -79 0 -52 -26 -66 4 -26 98 -9 -131 20 50 7
-191 -111 -103 -28 203 -174 363 65 11 -99 31 -22 41 35 -3 10 -13 44 52 -6 -42 -27 -284 -52 108
-160 -3 7 -48 -174 386 260 182 107 -156 123 -102 28 2 -79 64 -41 -17 -13 -11 -221 -177 -87 67 -2
94 -242 56 -67 363 260 375 -126 16 -53 -33 47 21 -135 -10 17 23 218 -213 -16 72 -168 247 -42 -206
127 -37 54 315 65 182 -126 243 -105 590 28 -90 40 -31 -37 27 -107 -49 -11 77 -103 147 42 39 -13
14 50 -14 -9 11 107 16 -105 75 -43 58 -83 16 0 -214 27 22 -1 10 -2 -5 140 -7 16 57
-69 -294 -22 -19 -99 -156 -53 590 -43 -83 -29 65 7 0 45 -37 -125 149 -50 -4 129 -230 -6 -193 -25
-75 -11 -45 12 31 123 -33 28 58 -29 352 -25 -2 0 -84 71 -8 -48 -2 3 -69 16 4 -4 178
92 44 62 5 -22 -102 47 -90 -83 65 -25 152 10 0 101 -57 22 35 8 2 -512 -147 -2 15 -23
-9 11 143 -79 41 28 21 40 16 7 -2 10 306 0 5 7 -8 -172 -3 -19 10 -46 64 -66 -38
58 27 0 0 35 2 -135 -31 0 0 0 0 0 532 0 1 2 25 -287 0 0 0 52 -44 0
-35 19 6 -52 -3 -79 -10 -37 -214 45 -84 101 5 0 19 -260 17 5 4 -12 178 -53 0 2 -80
26 -15 4 -26 10 64 17 27 27 -37 71 -57 7 1 -260 27 -15 -11 -2 -6 -181 44 -1 -29 67
-26 10 -11 -66 -13 -41 23 -107 22 -125 -8 22 -8 2 17 -15 -235 12 12 -16 29 -33 -7 -8 1
-40 -19 178 4 44 -17 218 -49 -1 149 -48 35 -172 25 5 -11 12 119 46 1 60 178 -176 285 9
84 48 -4 -26 52 -13 -213 -11 10 -50 -2 8 -3 -287 4 -2 12 46 233 -6 9 -13 82 -76 1
-4 -35 -9 98 -6 -11 -16 77 -2 -4 3 2 -19 0 -12 -6 -16 1 -6 -382 -2 -31 5 13 2
149 51 110 -9 -42 -221 72 -103 -5 129 -69 -512 10 0 178 -181 29 60 9 -2 -390 -311 0 19 -66
72 -120 97 -131 -27 -177 -168 147 140 -230 16 -147 -46 0 -53 44 -33 178 -13 -31 -311 85 55 -119 84
-102 12 -18 20 -284 -87 247 42 -7 -6 4 -2 64 52 0 -1 -7 -176 82 5 0 55 388 94 55
-2 -113 -182 50 -52 67 -42 39 16 -193 -4 15 -66 -44 2 -29 -8 285 -76 13 19 -119 94 417 -63
2 -45 -42 7 108 -2 -206 -13 57 -25 178 -23 -38 0 -80 67 1 9 1 2 -66 84 55 -63 405

