Q_obj 
-49 74 -44 112 60 -31 88 -4 -19 23 20 -36 -45 -13 11 22 -49 -28 55 6 37 282 21 177 97
74 60 -39 12 -218 49 -174 -24 24 -81 64 185 98 -102 -28 -20 -115 119 -230 -40 -39 96 -53 16 29
-44 -39 748 -11 -34 -9 -45 -31 -127 -2 -8 72 256 7 17 -2 -12 21 -58 9 -9 35 -2 80 106
112 12 -11 -266 -8 -2 76 2 14 -2 -24 17 19 0 108 0 31 -2 0 -3 17 -82 -1 205 31
60 -218 -34 -8 80 7 -187 60 76 -80 77 185 99 -131 -33 -7 -122 116 -208 -45 -55 115 -44 95 24
-31 49 -9 -2 7 -36 -66 -237 65 27 -371 38 12 -146 0 237 -338 -88 -13 -8 -17 -29 172 29 -7
88 -174 -45 76 -187 -66 181 -6 -187 -45 -69 104 57 1 4 28 -96 58 -247 -5 27 -18 -1 -252 35
-4 -24 -31 2 60 -237 -6 585 19 -6 191 -3 39 -24 1 1 123 14 47 -4 -10 -8 -2 -9 0
-19 24 -127 14 76 65 -187 19 -340 -54 98 162 41 -89 70 -44 -95 91 -196 -31 -69 -19 -51 63 -13
23 -81 -2 -2 -80 27 -45 -6 -54 -281 -38 -54 16 68 -6 -28 78 -143 48 427 36 28 -10 17 6
20 64 -8 -24 77 -371 -69 191 98 -38 -238 172 16 -217 0 200 154 -39 -203 -63 222 -20 118 19 -12
-36 185 72 17 185 38 104 -3 162 -54 172 557 -91 -219 1 5 -163 118 414 -39 -90 -48 -21 -83 -1
-45 98 256 19 99 12 57 39 41 16 16 -91 636 -15 15 4 9 -41 76 -10 9 -42 8 -98 87
-13 -102 7 0 -131 -146 1 -24 -89 68 -217 -219 -15 42 5 84 24 -176 225 210 63 -23 64 -1 -5
11 -28 17 108 -33 0 4 1 70 -6 0 1 15 5 -125 0 1 10 0 0 0 38 -2 10 -149
22 -20 -2 0 -7 237 28 1 -44 -28 200 5 4 84 0 -3 161 74 -1 -1 3 28 -122 -6 6
-49 -115 -12 31 -122 -338 -96 123 -95 78 154 -163 9 24 1 161 -361 -71 136 69 -296 -9 142 27 11
-28 119 21 -2 116 -88 58 14 91 -143 -39 118 -41 -176 10 74 -71 -208 -110 210 -14 -45 -20 -18 -11
55 -230 -58 0 -208 -13 -247 47 -196 48 -203 414 76 225 0 -1 136 -110 488 39 99 43 20 28 9
6 -40 9 -3 -45 -8 -5 -4 -31 427 -63 -39 -10 210 0 -1 69 210 39 -424 39 1 171 4 -1
37 -39 -9 17 -55 -17 27 -10 -69 36 222 -90 9 63 0 3 -296 -14 99 39 304 88 15 -11 22
282 96 35 -82 115 -29 -18 -8 -19 28 -20 -48 -42 -23 38 28 -9 -45 43 1 88 166 26 -151 54
21 -53 -2 -1 -44 172 -1 -2 -51 -10 118 -21 8 64 -2 -122 142 -20 20 171 15 26 -350 4 6
177 16 80 205 95 29 -252 -9 63 17 19 -83 -98 -1 10 -6 27 -18 28 4 -11 -151 4 -393 78
97 29 106 31 24 -7 35 0 -13 6 -12 -1 87 -5 -149 6 11 -11 9 -1 22 54 6 78 -325

