Q_obj 
-7 89 -240 -2 -31 97 -15 -22 114 -6 72 53 18 141 143 35 -18 -71 -154 -70 -24 -205 202 -15 -3
89 109 -101 35 -81 -40 22 32 26 113 -233 51 2 -313 84 72 45 12 75 30 275 -101 -27 134 -110
-240 -101 244 48 -98 -181 37 -86 -160 157 193 -117 77 104 -202 95 -206 -170 66 20 75 -4 188 98 49
-2 35 48 48 -91 -67 -26 -84 -28 -50 -30 -25 -47 -43 -26 -19 8 -70 14 -18 8 -3 20 1 -8
-31 -81 -98 -91 166 156 -69 19 -10 -301 95 72 0 106 -252 -41 50 151 -32 77 -45 7 18 124 76
97 -40 -181 -67 156 -421 -118 -52 63 -224 -121 -13 -49 6 -94 -48 -14 -146 -58 108 -83 25 55 -35 46
-15 22 37 -26 -69 -118 -515 70 -102 -87 39 31 32 62 114 58 48 48 77 124 71 -81 73 -70 -83
-22 32 -86 -84 19 -52 70 163 -139 -277 56 152 -167 -12 -55 -315 -60 -124 22 -150 269 -12 -60 9 -78
114 26 -160 -28 -10 63 -102 -139 -227 -94 17 -50 32 75 231 108 -63 -17 -19 -140 -75 -112 45 50 238
-6 113 157 -50 -301 -224 -87 -277 -94 -103 -99 -83 -157 -144 -87 -63 26 -233 46 -61 25 -11 65 2 -28
72 -233 193 -30 95 -121 39 56 17 -99 -179 -43 55 24 -197 -49 66 166 84 25 -126 -293 166 100 158
53 51 -117 -25 72 -13 31 152 -50 -83 -43 -84 -199 64 119 53 -360 272 72 -61 -76 -87 110 -49 70
18 2 77 -47 0 -49 32 -167 32 -157 55 -199 -269 -113 278 -222 38 137 47 72 297 41 -26 -2 -33
141 -313 104 -43 106 6 62 -12 75 -144 24 64 -113 52 -121 -71 -166 97 -29 -199 -134 -91 -196 -97 -72
143 84 -202 -26 -252 -94 114 -55 231 -87 -197 119 278 -121 -89 68 -105 -120 -152 -1 -243 39 -8 -5 -71
35 72 95 -19 -41 -48 58 -315 108 -63 -49 53 -222 -71 68 193 54 191 12 143 -29 219 37 10 -54
-18 45 -206 8 50 -14 48 -60 -63 26 66 -360 38 -166 -105 54 -254 -163 28 168 24 -41 55 27 18
-71 12 -170 -70 151 -146 48 -124 -17 -233 166 272 137 97 -120 191 -163 -41 -56 -65 -76 82 85 19 -54
-154 75 66 14 -32 -58 77 22 -19 46 84 72 47 -29 -152 12 28 -56 -379 66 220 -184 -128 19 -35
-70 30 20 -18 77 108 124 -150 -140 -61 25 -61 72 -199 -1 143 168 -65 66 -79 -95 -164 -17 -157 -127
-24 275 75 8 -45 -83 71 269 -75 25 -126 -76 297 -134 -243 -29 24 -76 220 -95 -116 110 10 -28 -9
-205 -101 -4 -3 7 25 -81 -12 -112 -11 -293 -87 41 -91 39 219 -41 82 -184 -164 110 -91 17 18 -79
202 -27 188 20 18 55 73 -60 45 65 166 110 -26 -196 -8 37 55 85 -128 -17 10 17 403 -60 -52
-15 134 98 1 124 -35 -70 9 50 2 100 -49 -2 -97 -5 10 27 19 19 -157 -28 18 -60 -124 -114
-3 -110 49 -8 76 46 -83 -78 238 -28 158 70 -33 -72 -71 -54 18 -54 -35 -127 -9 -79 -52 -114 -208

