Q_obj 
546 -28 -3 -20 31 134 356 135 192 -62 -4 -9 -4 0 85 76 -80 103 1 -6 228 64 1 -62 5
-28 601 3 12 -65 -12 136 -5 46 -25 110 -3 -1 2 -38 -11 -47 9 -2 -3 36 -43 0 -14 -2
-3 3 81 30 1 24 1 -12 -40 -19 -7 -47 2 0 -11 -1 -19 -24 2 -13 -1 82 7 27 -10
-20 12 30 242 5 133 3 -68 -225 -147 -39 -13 6 -5 -62 -5 -108 -137 11 -77 -10 462 38 148 -57
31 -65 1 5 -261 52 -7 17 63 219 -11 32 0 0 108 66 -27 48 0 297 201 72 1 -2 0
134 -12 24 133 52 -127 -223 -197 -135 13 26 2 2 5 -263 351 -97 -46 -9 42 336 -49 16 89 -26
356 136 1 3 -7 -223 27 -70 -368 120 18 18 -2 0 -165 -124 -59 -191 1 19 -414 -145 0 -28 0
135 -5 -12 -68 17 -197 -70 -128 51 -208 -55 -29 -4 7 24 -118 -117 -148 -13 -135 -17 -365 -9 -94 14
192 46 -40 -225 63 -135 -368 51 -356 114 44 17 0 -8 331 -35 61 124 17 49 239 219 10 -216 46
-62 -25 -19 -147 219 13 120 -208 114 -567 98 -18 0 0 69 16 6 -73 1 -48 36 104 22 -240 30
-4 110 -7 -39 -11 26 18 -55 44 98 -560 14 0 2 -31 16 84 -75 -2 -78 6 28 12 -172 9
-9 -3 -47 -13 32 2 18 -29 17 -18 14 -443 0 0 10 3 1 -10 1 -6 6 15 4 -34 5
-4 -1 2 6 0 2 -2 -4 0 0 0 0 603 0 -2 0 1 4 0 0 -1 7 0 1 -1
0 2 0 -5 0 5 0 7 -8 0 2 0 0 514 11 9 0 1 618 -2 -6 10 1 1 2
85 -38 -11 -62 108 -263 -165 24 331 69 -31 10 -2 11 -123 -112 -74 -160 -20 181 340 -65 42 146 13
76 -11 -1 -5 66 351 -124 -118 -35 16 16 3 0 9 -112 -549 -60 -58 -16 49 235 -109 0 65 2
-80 -47 -19 -108 -27 -97 -59 -117 61 6 84 1 1 0 -74 -60 -39 -137 1 -241 -143 98 26 157 22
103 9 -24 -137 48 -46 -191 -148 124 -73 -75 -10 4 1 -160 -58 -137 444 -1 234 -218 184 23 168 28
1 -2 2 11 0 -9 1 -13 17 1 -2 1 0 618 -20 -16 1 -1 -397 5 14 -18 0 -1 -2
-6 -3 -13 -77 297 42 19 -135 49 -48 -78 -6 0 -2 181 49 -241 234 5 -559 144 -21 -13 171 16
228 36 -1 -10 201 336 -414 -17 239 36 6 6 -1 -6 340 235 -143 -218 14 144 -199 -3 -19 41 3
64 -43 82 462 72 -49 -145 -365 219 104 28 15 7 10 -65 -109 98 184 -18 -21 -3 82 -44 -301 -93
1 0 7 38 1 16 0 -9 10 22 12 4 0 1 42 0 26 23 0 -13 -19 -44 245 -49 -7
-62 -14 27 148 -2 89 -28 -94 -216 -240 -172 -34 1 1 146 65 157 168 -1 171 41 -301 -49 -141 -29
5 -2 -10 -57 0 -26 0 14 46 30 9 5 -1 2 13 2 22 28 -2 16 3 -93 -7 -29 -37

