Q_obj 
205 -220 2 -56 29 -3 0 -38 12 -33 -35 44 14 18 -5 -42 -21 8 131 -42 -51 -50 226 -33 4
-220 457 16 14 29 -30 -31 177 -5 96 24 28 -67 7 0 -44 15 88 34 -50 -26 -17 -134 144 7
2 16 -247 73 -197 10 204 -101 157 99 -116 27 -39 -111 -123 -109 -2 17 -6 16 8 -48 6 13 109
-56 14 73 -257 -51 40 1 4 39 15 -123 109 15 300 27 75 66 -20 -14 86 5 7 -31 58 196
29 29 -197 -51 -560 -86 0 70 -241 -259 83 29 120 -180 -76 98 -12 -21 -56 -64 -28 -39 5 80 324
-3 -30 10 40 -86 -339 -496 11 67 27 -62 9 -11 -39 4 58 1 32 6 15 6 -20 -40 -220 65
0 -31 204 1 0 -496 -499 -71 0 9 1 0 4 -14 76 -84 1 -250 0 0 0 0 -32 152 -3
-38 177 -101 4 70 11 -71 166 -64 -107 3 -45 -2 105 -34 -485 37 78 74 36 12 22 119 -268 171
12 -5 157 39 -241 67 0 -64 -688 189 -69 49 -90 147 56 -88 -30 19 -51 -14 12 37 -16 -72 -246
-33 96 99 15 -259 27 9 -107 189 -357 10 -41 307 100 34 -91 178 -19 69 -66 35 -59 47 -87 -259
-35 24 -116 -123 83 -62 1 3 -69 10 -143 -178 9 -475 -42 -98 -86 29 -8 -131 4 4 -4 -81 -297
44 28 27 109 29 9 0 -45 49 -41 -178 -489 10 103 -3 -31 -81 4 -121 -136 -105 3 -18 -24 54
14 -67 -39 15 120 -11 4 -2 -90 307 9 10 104 -57 -28 112 137 -38 -17 -107 -10 28 -38 2 119
18 7 -111 300 -180 -39 -14 105 147 100 -475 103 -57 -318 -43 -45 24 29 -28 49 2 -49 24 -13 -20
-5 0 -123 27 -76 4 76 -34 56 34 -42 -3 -28 -43 39 -36 16 6 16 13 11 -18 3 8 41
-42 -44 -109 75 98 58 -84 -485 -88 -91 -98 -31 112 -45 -36 59 58 -4 80 47 14 23 -115 -440 137
-21 15 -2 66 -12 1 1 37 -30 178 -86 -81 137 24 16 58 148 -13 64 -429 61 4 46 31 48
8 88 17 -20 -21 32 -250 78 19 -19 29 4 -38 29 6 -4 -13 594 -14 -8 0 -6 103 275 -46
131 34 -6 -14 -56 6 0 74 -51 69 -8 -121 -17 -28 16 80 64 -14 -267 118 144 -28 -54 64 -6
-42 -50 16 86 -64 15 0 36 -14 -66 -131 -136 -107 49 13 47 -429 -8 118 -157 100 -5 -11 48 24
-51 -26 8 5 -28 6 0 12 12 35 4 -105 -10 2 11 14 61 0 144 100 -861 -5 20 11 -26
-50 -17 -48 7 -39 -20 0 22 37 -59 4 3 28 -49 -18 23 4 -6 -28 -5 -5 -113 25 19 72
226 -134 6 -31 5 -40 -32 119 -16 47 -4 -18 -38 24 3 -115 46 103 -54 -11 20 25 472 93 24
-33 144 13 58 80 -220 152 -268 -72 -87 -81 -24 2 -13 8 -440 31 275 64 48 11 19 93 271 118
4 7 109 196 324 65 -3 171 -246 -259 -297 54 119 -20 41 137 48 -46 -6 24 -26 72 24 118 -298

