Q_obj 
-877 129 2 0 0 49 2 12 1 1 -10 -3 1 1 0 1 1 1 -63 0 -38 1 -2 1 -82
129 -420 0 18 105 -113 38 17 19 16 29 -16 -3 29 35 187 -23 57 213 1 28 -2 52 3 34
2 0 187 -20 55 56 -118 -37 8 7 16 68 7 -12 11 -76 -1 9 33 0 -2 0 -98 3 1
0 18 -20 -94 -92 181 -90 -12 -70 -59 -67 1 1 21 -64 127 20 -61 182 0 -12 2 1 -19 6
0 105 55 -92 274 50 225 -59 -103 -87 0 -308 -53 -4 -202 -36 -93 82 269 1 43 -8 405 -50 15
49 -113 56 181 50 -165 16 30 27 23 -52 1 -5 -66 -67 -430 -10 19 103 1 13 -1 24 6 20
2 38 -118 -90 225 16 -48 -4 -35 -29 -42 276 -48 -4 216 -15 71 -140 91 1 13 7 -154 1 15
12 17 -37 -12 -59 30 -4 -195 -9 -8 242 -41 3 -14 -20 -90 12 -26 37 0 -14 2 -2 -1 -33
1 19 8 -70 -103 27 -35 -9 -29 235 -28 9 6 -5 3 -32 -12 -64 57 0 -10 -1 -54 146 3
1 16 7 -59 -87 23 -29 -8 235 -90 -23 7 5 -4 3 -27 0 -52 48 0 -8 0 -46 66 2
-10 29 16 -67 0 -52 -42 242 -28 -23 -49 31 -2 -2 3 -15 1 -11 79 1 -15 1 4 -8 -44
-3 -16 68 1 -308 1 276 -41 9 7 31 658 -3 0 -167 -8 -76 -48 -18 0 -3 -7 431 -21 1
1 -3 7 1 -53 -5 -48 3 6 5 -2 -3 -428 1 4 4 -16 73 -15 6 0 -1 0 2 0
1 29 -12 21 -4 -66 -4 -14 -5 -4 -2 0 1 44 10 -43 1 0 5 0 0 1 0 -1 1
0 35 11 -64 -202 -67 216 -20 3 3 3 -167 4 10 718 91 4 -15 19 0 0 1 226 1 1
1 187 -76 127 -36 -430 -15 -90 -32 -27 -15 -8 4 -43 91 -223 5 -6 27 0 -2 1 10 -8 3
1 -23 -1 20 -93 -10 71 12 -12 0 1 -76 -16 1 4 5 -651 -285 -64 1 -13 -81 -207 -48 -3
1 57 9 -61 82 19 -140 -26 -64 -52 -11 -48 73 0 -15 -6 -285 396 147 0 43 -26 167 -38 18
-63 213 33 182 269 103 91 37 57 48 79 -18 -15 5 19 27 -64 147 -29 1 19 -5 144 8 -22
0 1 0 0 1 1 1 0 0 0 1 0 6 0 0 0 1 0 1 -647 0 1 0 0 0
-38 28 -2 -12 43 13 13 -14 -10 -8 -15 -3 0 0 0 -2 -13 43 19 0 -278 -1 25 -4 -252
1 -2 0 2 -8 -1 7 2 -1 0 1 -7 -1 1 1 1 -81 -26 -5 1 -1 227 -19 -4 0
-2 52 -98 1 405 24 -154 -2 -54 -46 4 431 0 0 226 10 -207 167 144 0 25 -19 185 -61 0
1 3 3 -19 -50 6 1 -1 146 66 -8 -21 2 -1 1 -8 -48 -38 8 0 -4 -4 -61 -525 1
-82 34 1 6 15 20 15 -33 3 2 -44 1 0 1 1 3 -3 18 -22 0 -252 0 0 1 -704

