Q_obj 
118 68 -95 24 -26 50 -19 -245 26 -96 133 -15 -24 -98 -104 -158 121 100 -5 5 -55 19 29 188 351
68 -290 187 18 -12 25 -8 -74 40 -37 -25 -50 96 151 26 28 -96 -26 37 -7 17 74 -155 138 -65
-95 187 149 -64 -8 -5 36 55 -164 -62 19 -19 56 306 -141 -9 8 -51 9 -16 -122 -461 40 -50 -25
24 18 -64 -415 26 413 -332 52 49 165 57 12 39 103 33 -69 75 -56 26 3 -96 -6 12 -21 -7
-26 -12 -8 26 251 50 -15 -3 2 42 -43 29 21 3 62 71 -232 30 10 1 5 -13 38 2 -29
50 25 -5 413 50 388 -248 -17 -229 208 156 -21 8 26 42 -175 148 -20 52 1 9 -10 -87 -122 -161
-19 -8 36 -332 -15 -248 -807 -23 -23 -93 -34 -6 -21 -64 -29 43 -44 32 -12 -1 51 3 3 45 16
-245 -74 55 52 -3 -17 -23 9 -33 -11 -25 3 8 -112 -173 30 7 -18 -105 -2 -149 50 122 -84 -133
26 40 -164 49 2 -229 -23 -33 -148 -76 -26 32 35 246 -13 11 0 43 18 7 -163 12 96 62 42
-96 -37 -62 165 42 208 -93 -11 -76 227 -100 0 -35 8 101 128 -136 242 -17 3 -6 94 -68 -52 106
133 -25 19 57 -43 156 -34 -25 -26 -100 -325 -8 -63 -31 -123 100 34 -207 -50 0 1 2 59 -91 121
-15 -50 -19 12 29 -21 -6 3 32 0 -8 -213 128 -15 115 -46 82 40 6 1 15 -42 131 12 -16
-24 96 56 39 21 8 -21 8 35 -35 -63 128 491 10 184 -87 58 36 1 -2 0 81 228 3 5
-98 151 306 103 3 26 -64 -112 246 8 -31 -15 10 -96 94 17 -61 -59 44 -12 202 -380 -105 60 33
-104 26 -141 33 62 42 -29 -173 -13 101 -123 115 184 94 219 64 -39 -7 116 6 -52 -108 -24 248 48
-158 28 -9 -69 71 -175 43 30 11 128 100 -46 -87 17 64 -251 24 227 55 1 -4 1 -168 105 -145
121 -96 8 75 -232 148 -44 7 0 -136 34 82 58 -61 -39 24 -160 -228 -75 0 14 -37 251 -123 131
100 -26 -51 -56 30 -20 32 -18 43 242 -207 40 36 -59 -7 227 -228 344 8 3 0 129 114 20 -60
-5 37 9 26 10 52 -12 -105 18 -17 -50 6 1 44 116 55 -75 8 3 0 -21 -51 -62 91 -11
5 -7 -16 3 1 1 -1 -2 7 3 0 1 -2 -12 6 1 0 3 0 -233 6 20 -1 3 2
-55 17 -122 -96 5 9 51 -149 -163 -6 1 15 0 202 -52 -4 14 0 -21 6 829 39 76 -67 -30
19 74 -461 -6 -13 -10 3 50 12 94 2 -42 81 -380 -108 1 -37 129 -51 20 39 143 -43 -138 110
29 -155 40 12 38 -87 3 122 96 -68 59 131 228 -105 -24 -168 251 114 -62 -1 76 -43 87 -132 -76
188 138 -50 -21 2 -122 45 -84 62 -52 -91 12 3 60 248 105 -123 20 91 3 -67 -138 -132 -274 -141
351 -65 -25 -7 -29 -161 16 -133 42 106 121 -16 5 33 48 -145 131 -60 -11 2 -30 110 -76 -141 255

