Q_obj 
390 -111 403 -9 138 -371 -108 -87 0 0 152 0 -136 3 47 0 -27 0 2 -177 8 141 0 -34 0
-111 -609 -17 -19 92 55 -98 -8 1 14 90 -221 77 21 -77 40 131 -68 -137 -4 96 96 -2 -10 -69
403 -17 -504 -10 20 -63 -139 33 1 -47 -312 -100 165 -70 -1 -132 42 -30 -63 15 -56 -257 8 -3 -31
-9 -19 -10 -301 -22 -66 179 -6 0 -143 1 30 74 -8 -165 52 -17 -172 55 -129 10 -10 45 49 188
138 92 20 -22 -394 97 -145 -49 1 132 -68 -119 -209 158 -248 371 133 -36 -71 44 128 -139 -21 -56 -37
-371 55 -63 -66 97 -464 -238 -87 0 -36 35 -77 -159 -47 -101 -24 -1 -55 -40 -194 -28 34 18 -57 7
-108 -98 -139 179 -145 -238 -4 -123 1 44 -32 257 -38 119 10 -8 -100 133 141 -221 142 -18 -14 44 29
-87 -8 33 -6 -49 -87 -123 -144 1 -110 3 1 -72 0 86 -71 40 -21 1 132 0 19 -18 -24 21
0 1 1 0 1 0 1 1 -244 0 -34 1 1 -1 1 10 1 1 0 1 3 38 0 1 1
0 14 -47 -143 132 -36 44 -110 0 49 29 0 74 -3 -6 233 -93 66 23 56 -10 -30 -110 -6 -64
152 90 -312 1 -68 35 -32 3 -34 29 98 -24 40 13 -5 117 -28 -10 -12 26 -40 339 -9 -3 -4
0 -221 -100 30 -119 -77 257 1 1 0 -24 411 -194 -118 162 1 -164 -164 208 1 50 -19 0 25 -168
-136 77 165 74 -209 -159 -38 -72 1 74 40 -194 238 -27 118 127 215 -27 -137 -133 -151 12 -45 46 -93
3 21 -70 -8 158 -47 119 0 -1 -3 13 -118 -27 301 96 -15 240 -36 -83 0 166 -21 3 19 -37
47 -77 -1 -165 -248 -101 10 86 1 -6 -5 162 118 96 209 135 35 -14 134 136 47 -31 -15 15 115
0 40 -132 52 371 -24 -8 -71 10 233 117 1 127 -15 135 669 -258 -27 -8 27 -20 -125 -80 -2 28
-27 131 42 -17 133 -1 -100 40 1 -93 -28 -164 215 240 35 -258 -383 -50 -99 -10 120 61 21 12 -51
0 -68 -30 -172 -36 -55 133 -21 1 66 -10 -164 -27 -36 -14 -27 -50 12 93 11 16 -2 -20 17 810
2 -137 -63 55 -71 -40 141 1 0 23 -12 208 -137 -83 134 -8 -99 93 45 21 43 -15 -6 9 38
-177 -4 15 -129 44 -194 -221 132 1 56 26 1 -133 0 136 27 -10 11 21 61 0 16 9 -56 -10
8 96 -56 10 128 -28 142 0 3 -10 -40 50 -151 166 47 -20 120 16 43 0 -269 26 8 10 16
141 96 -257 -10 -139 34 -18 19 38 -30 339 -19 12 -21 -31 -125 61 -2 -15 16 26 48 11 0 -9
0 -2 8 45 -21 18 -14 -18 0 -110 -9 0 -45 3 -15 -80 21 -20 -6 9 8 11 -197 -1 20
-34 -10 -3 49 -56 -57 44 -24 1 -6 -3 25 46 19 15 -2 12 17 9 -56 10 0 -1 -275 0
0 -69 -31 188 -37 7 29 21 1 -64 -4 -168 -93 -37 115 28 -51 810 38 -10 16 -9 20 0 49

