Q_obj 
467 4 0 0 0 7 0 0 0 0 0 0 0 0 9 0 -27 0 1 0 0 0 0 0 0 51 0 0 0 0 0 0 0 0 45 0 0 100 0 0 0 0 -44 0 0 0 0 0 0 11 -12 0 0 0 0 0 111 0 0 0 0 0 0 0 0 0 0 0 0 0 0 0 0 0 0 13 1 483 0 2 -57 0 0 2 0 0 0 0 0 0 0 0 0 73 0 0 0 0 -8 0 0 0 0 0 0 3 0 0 1 0
4 -290 0 0 0 -1 -1 0 0 0 0 0 -25 25 -5 0 8 -4 -2 0 0 0 0 0 0 -14 0 0 0 0 0 0 0 0 -12 0 0 0 0 0 0 0 13 0 -7 1 0 0 0 -6 8 0 0 0 0 0 0 2 0 0 0 0 0 0 1 0 0 0 0 0 0 0 0 0 0 -7 19 2 0 -44 17 0 0 28 0 1 0 0 0 0 0 0 0 -20 0 0 0 0 -182 0 0 0 0 0 0 -106 0 0 -23 0
0 0 -26 0 0 0 0 0 0 0 0 0 0 0 0 0 0 0 0 0 0 0 0 0 0 0 0 0 0 0 0 0 0 0 0 0 0 0 0 0 0 0 0 0 0 0 0 0 0 0 0 0 0 0 0 0 0 0 0 0 0 0 0 0 0 0 0 0 0 0 0 0 0 0 0 0 0 0 0 0 0 0 0 0 0 0 0 0 0 0 0 0 0 0 0 0 0 0 0 0 0 0 0 0 0 0 0 0 0 0
0 0 0 186 0 0 0 0 0 0 0 0 0 0 0 0 0 0 0 -38 0 0 0 -90 0 0 0 0 0 0 85 0 0 0 0 0 0 0 0 0 0 0 0 0 0 0 0 0 0 0 0 0 0 0 0 0 0 0 0 0 0 0 0 0 0 0 0 0 0 0 0 0 0 0 0 0 0 0 0 0 0 0 0 0 0 0 0 0 0 0 0 0 0 0 0 0 0 0 0 0 0 0 0 0 0 0 0 0 0 0
0 0 0 0 -19 0 0 0 0 0 0 0 0 0 0 0 0 0 0 0 0 0 0 0 0 0 0 0 0 0 0 -48 0 0 0 -19 0 0 0 0 0 0 0 0 0 0 0 0 0 0 0 0 0 0 0 0 0 0 0 0 0 0 0 0 0 0 0 0 0 0 0 0 0 0 0 0 0 0 0 0 0 0 0 0 0 0 0 0 0 0 0 0 0 0 0 0 0 0 0 0 0 0 0 0 0 0 0 0 0 0
7 -1 0 0 0 -488 0 0 0 0 0 0 0 0 -4 0 5 0 0 0 0 0 0 0 0 -9 0 0 0 0 0 0 0 0 -8 0 1 0 0 0 0 0 8 0 0 0 0 -5 0 -5 6 0 0 0 0 0 0 0 -45 0 0 0 0 0 0 0 0 0 0 107 0 0 0 0 8 -5 0 3 0 0 -35 0 0 0 -13 0 0 0 0 0 0 61 0 -13 0 0 0 0 4 0 0 0 0 0 0 -1 0 0 0 0
0 -1 0 0 0 0 224 0 0 0 0 0 0 0 0 0 0 0 6 0 0 0 0 0 0 0 0 0 0 0 0 0 0 0 0 0 0 0 0 0 0 0 0 0 0 0 0 0 0 0 0 0 0 0 0 0 0 -559 0 0 0 0 0 0 0 0 0 0 0 0 0 0 0 0 0 0 0 0 0 0 0 0 0 0 0 0 0 0 0 0 0 0 0 0 0 0 0 0 3 0 0 0 0 0 0 0 0 0 48 0
0 0 0 0 0 0 0 -6 -2 0 0 0 0 0 0 0 0 0 0 0 0 0 0 0 -28 0 0 0 0 24 0 0 0 0 0 0 0 0 5 32 0 0 0 0 0 39 0 5 0 0 0 0 0 0 0 0 0 0 0 0 0 0 0 0 0 0 0 0 0 0 0 0 17 6 0 0 0 0 0 0 0 0 0 0 0 0 0 0 0 0 0 0 0 0 0 0 0 0 0 0 0 0 -278 -8 0 0 0 0 0 0
0 0 0 0 0 0 0 -2 760 0 -65 0 0 0 0 0 0 0 0 0 0 0 0 0 -1 0 0 0 0 32 0 5 0 -10 0 -11 0 0 354 -4 0 0 0 0 0 -4 0 6 0 0 0 0 0 0 0 0 0 0 0 0 0 0 0 0 0 0 0 0 0 0 0 0 22 -226 0 0 0 0 0 0 0 0 28 0 0 0 0 0 0 0 0 0 0 0 -154 0 0 0 0 0 0 0 2 2 0 0 0 0 0 0
0 0 0 0 0 0 0 0 0 -465 0 0 0 0 0 0 0 0 0 2 0 302 0 0 0 0 0 0 0 0 0 0 0 0 0 0 0 0 0 0 0 0 0 0 0 0 0 0 0 0 0 0 2 0 0 0 0 0 0 0 0 0 0 0 0 0 0 0 0 0 0 0 0 0 0 0 0 0 0 0 0 0 0 0 0 0 0 0 0 0 0 0 0 0 0 0 0 0 0 0 0 0 0 0 0 0 0 0 0 0
0 0 0 0 0 0 0 0 -65 0 -203 0 0 0 0 0 0 0 0 0 0 0 0 0 0 0 0 0 0 0 0 8 0 0 0 -18 0 0 -27 0 0 0 0 -9 0 0 0 0 0 0 0 0 0 0 0 0 0 0 0 0 0 0 0 0 0 0 0 0 0 0 0 0 0 0 0 0 0 0 0 0 0 0 2 0 0 -3 0 0 0 0 0 0 0 0 0 0 0 0 0 0 0 0 0 0 0 0 0 0 0 0
0 0 0 0 0 0 0 0 0 0 0 -994 0 0 0 0 0 0 0 0 0 0 0 0 0 0 0 0 0 0 0 0 0 0 0 0 0 0 0 0 0 0 0 0 0 0 0 0 0 0 0 0 0 0 0 0 0 0 0 0 0 0 0 0 0 0 0 0 0 0 0 0 0 0 0 0 0 0 0 0 0 0 0 0 0 0 0 0 0 0 0 0 0 0 0 0 0 0 0 0 0 0 0 0 0 0 0 0 0 0
0 -25 0 0 0 0 0 0 0 0 0 0 -443 60 0 0 0 19 0 0 0 0 0 0 0 0 0 0 0 0 0 0 0 0 0 0 0 0 0 0 0 0 0 1 29 1 0 0 0 0 0 0 0 0 0 0 0 0 0 0 0 0 0 0 -1 0 0 0 118 0 0 0 0 0 0 0 0 0 0 67 0 0 0 0 0 -2 0 0 0 0 0 0 0 0 0 0 0 0 54 0 0 0 0 3 0 161 0 0 -4 0
0 25 0 0 0 0 0 0 0 0 0 0 60 -439 0 0 0 -17 1 0 0 0 0 0 0 0 0 0 0 0 0 0 0 0 0 0 0 0 0 0 0 0 0 0 -27 0 0 0 0 0 0 0 0 0 0 0 0 0 0 0 0 0 0 0 2 0 0 0 -113 0 0 0 0 0 0 0 0 0 0 -64 0 0 0 0 0 3 0 0 0 0 0 0 0 0 0 0 0 0 -51 0 0 0 0 -2 0 -154 0 0 4 0
9 -5 0 0 0 -4 0 0 0 0 0 0 0 0 -578 45 19 2 0 0 0 0 0 0 0 -33 0 -80 0 -6 0 0 0 0 -29 0 1 13 0 0 0 0 30 8 -1 -4 0 0 0 341 -22 0 0 0 0 0 -11 0 0 6 -85 0 0 0 0 0 0 0 0 0 0 0 10 0 0 -343 0 4 3 -34 39 0 0 0 0 -23 44 0 0 0 0 0 0 -47 0 0 0 0 12 0 0 0 0 -23 0 10 0 0 0 -1
0 0 0 0 0 0 0 0 0 0 0 0 0 0 45 589 0 0 0 0 0 0 0 0 0 0 0 273 0 0 0 0 0 0 0 0 0 0 0 0 0 0 0 0 0 0 0 0 0 67 93 0 0 0 0 0 0 0 0 -395 141 0 0 0 0 0 0 0 0 0 0 0 0 0 0 0 0 0 73 120 0 0 0 0 0 0 -99 0 0 0 0 0 0 0 0 0 0 0 0 0 0 0 0 0 0 -49 0 0 0 0
-27 8 0 0 0 5 0 0 0 0 0 0 0 0 19 0 -795 0 1 0 0 0 0 0 0 -94 0 0 0 0 0 0 0 0 35 0 1 0 0 0 0 0 -33 0 0 0 0 -3 0 23 -24 0 0 0 0 0 0 0 -30 0 0 0 0 0 0 0 0 0 0 -8 0 0 0 0 5 26 2 -10 0 3 -69 0 0 3 -9 0 0 0 0 0 0 -15 0 -135 0 0 -11 0 -16 0 0 0 0 0 0 6 0 0 2 0
0 -4 0 0 0 0 0 0 0 0 0 0 19 -17 2 0 0 406 0 0 0 0 0 0 0 -4 0 0 0 -85 0 0 0 0 0 0 0 0 0 0 0 0 0 34 -715 23 0 0 0 3 4 0 0 0 19 0 0 0 0 0 6 0 0 4 -76 0 0 0 -340 0 0 0 124 0 0 0 0 0 -22 13 0 0 0 0 0 -100 -3 0 0 0 0 0 0 4 0 0 0 -12 11 0 8 0 0 105 0 31 96 0 0 0
1 -2 0 0 0 0 6 0 0 0 0 0 0 1 0 0 1 0 178 0 0 0 0 0 0 0 0 0 0 0 0 0 0 0 0 0 0 0 0 0 0 0 1 0 0 0 0 0 0 0 1 0 0 0 0 0 0 -7 0 0 0 0 0 0 1 0 0 0 0 0 0 0 0 0 0 0 1 1 0 0 1 0 0 1 0 1 0 -25 0 0 0 0 32 0 0 0 0 0 6 0 0 0 0 0 0 -1 0 0 82 0
0 0 0 -38 0 0 0 0 0 2 0 0 0 0 0 0 0 0 0 -585 0 0 0 186 0 0 0 0 0 0 -131 0 0 16 0 0 0 0 0 0 0 0 0 0 0 0 0 0 0 0 0 0 -94 0 0 0 0 0 0 0 0 0 0 0 0 0 0 0 0 0 0 0 0 0 0 0 0 0 0 0 0 0 6 0 0 0 0 0 0 0 0 0 0 0 0 0 0 0 0 0 0 0 0 0 0 0 0 30 0 0
0 0 0 0 0 0 0 0 0 0 0 0 0 0 0 0 0 0 0 0 529 0 0 0 0 0 0 0 0 0 0 0 0 0 0 0 0 0 0 0 0 0 0 0 0 0 0 0 0 0 0 0 0 -112 0 0 0 0 0 0 0 0 0 0 0 0 0 0 0 0 0 0 0 0 0 0 0 0 0 0 0 0 0 0 0 0 0 0 0 0 0 0 0 0 0 0 0 0 0 0 0 0 0 0 0 0 0 0 0 0
0 0 0 0 0 0 0 0 0 302 0 0 0 0 0 0 0 0 0 0 0 560 0 1 0 0 0 0 0 0 0 0 0 1 0 0 0 0 0 0 0 0 0 0 0 0 0 0 0 0 0 0 0 0 0 0 0 0 0 0 0 0 0 0 0 0 0 0 0 0 0 0 0 0 0 0 0 0 0 0 0 0 1 0 0 0 0 0 0 0 0 0 0 0 0 0 0 0 0 0 0 0 0 0 0 0 0 1 0 0
0 0 0 0 0 0 0 0 0 0 0 0 0 0 0 0 0 0 0 0 0 0 425 0 0 0 0 0 0 0 0 0 0 0 0 0 0 0 0 0 0 0 0 0 0 0 0 0 0 0 0 0 0 0 0 0 0 0 0 0 0 0 0 0 0 0 0 0 0 0 0 0 0 0 0 0 0 0 0 0 0 0 0 0 0 0 0 0 0 0 0 0 0 0 0 0 0 0 0 0 0 0 0 0 0 0 0 0 0 0
0 0 0 -90 0 0 0 0 0 0 0 0 0 0 0 0 0 0 0 186 0 1 0 -221 0 0 0 0 0 0 -312 0 0 -6 0 0 0 0 0 0 0 0 0 0 0 0 0 0 0 0 0 0 40 0 0 0 0 0 0 0 0 0 0 0 0 0 0 0 0 0 0 0 0 0 0 0 0 0 0 0 0 0 -2 0 0 0 0 0 0 0 0 0 0 0 0 0 0 0 0 0 0 0 0 0 0 0 0 -12 0 0
0 0 0 0 0 0 0 -28 -1 0 0 0 0 0 0 0 0 0 0 0 0 0 0 0 -17 0 0 0 0 13 0 0 0 0 0 0 0 0 3 -57 0 0 0 0 0 -68 0 3 0 0 0 0 0 0 0 0 0 0 0 0 0 0 0 0 0 0 0 0 0 0 0 0 9 3 0 0 0 0 0 0 0 0 0 0 0 0 0 0 0 0 0 0 0 0 0 0 0 0 0 0 0 0 18 15 0 0 0 0 0 0
51 -14 0 0 0 -9 0 0 0 0 0 0 0 0 -33 0 -94 -4 0 0 0 0 0 0 0 220 0 0 0 0 0 0 0 0 -63 0 0 0 0 0 0 0 63 5 0 3 0 7 0 -41 46 1 0 0 243 0 0 0 57 0 0 0 0 46 -9 0 0 0 0 16 0 0 0 0 -8 -46 -2 20 0 -4 129 0 0 -4 18 -12 0 0 0 0 0 29 0 -374 0 0 -2 0 31 0 102 0 0 13 0 -10 -37 0 -2 0
0 0 0 0 0 0 0 0 0 0 0 0 0 0 0 0 0 0 0 0 0 0 0 0 0 0 467 0 0 0 0 0 0 0 0 0 0 0 0 0 0 0 0 0 0 0 0 0 0 0 0 0 0 0 0 0 0 0 0 0 0 0 0 0 0 0 0 0 0 0 0 0 0 0 0 0 0 0 0 0 0 0 0 0 0 0 0 0 0 0 0 0 0 0 0 0 0 0 0 0 0 0 0 0 0 0 0 0 0 0
0 0 0 0 0 0 0 0 0 0 0 0 0 0 -80 273 0 0 0 0 0 0 0 0 0 0 0 296 0 0 0 0 0 0 0 0 0 0 0 0 0 0 0 0 0 0 0 0 0 -84 -136 0 0 0 0 0 0 0 0 -41 -206 0 0 0 0 0 0 0 0 0 0 0 0 0 0 0 0 0 -106 -340 0 0 0 0 0 0 146 0 0 0 0 0 0 0 0 0 0 0 0 0 0 0 0 0 0 143 0 0 0 0
0 0 0 0 0 0 0 0 0 0 0 0 0 0 0 0 0 0 0 0 0 0 0 0 0 0 0 0 -669 0 0 0 0 0 0 0 0 0 0 0 0 0 0 0 0 0 0 0 0 0 0 0 0 0 0 0 0 0 0 0 0 0 0 0 0 0 0 0 0 0 0 0 0 0 0 0 0 0 0 0 0 0 0 0 0 0 0 0 0 0 0 0 0 0 0 0 0 0 0 0 0 0 0 0 0 0 0 0 0 0
0 0 0 0 0 0 0 24 32 0 0 0 0 0 -6 0 0 -85 0 0 0 0 0 0 13 0 0 0 0 160 0 0 0 0 0 0 0 0 -73 47 0 0 0 -3 58 54 0 -102 0 -8 -12 0 0 0 0 0 0 0 13 0 -19 0 0 0 9 0 0 0 0 0 0 0 -177 -82 0 0 0 0 84 0 0 0 0 0 0 12 14 0 0 0 0 0 0 0 0 0 0 0 0 0 0 0 -14 -23 0 0 0 0 0 0
0 0 0 85 0 0 0 0 0 0 0 0 0 0 0 0 0 0 0 -131 0 0 0 -312 0 0 0 0 0 0 451 0 0 0 0 0 0 0 0 0 0 0 0 0 0 0 0 0 0 0 0 0 0 0 0 0 0 0 0 0 0 0 0 0 0 0 0 0 0 0 0 0 0 0 0 0 0 0 0 0 0 0 0 0 0 0 0 0 0 0 0 0 0 0 0 0 0 0 0 0 0 0 0 0 0 0 0 0 0 0
0 0 0 0 -48 0 0 0 5 0 8 0 0 0 0 0 0 0 0 0 0 0 0 0 0 0 0 0 0 0 0 431 0 1 0 218 0 0 3 0 0 0 0 -19 0 0 0 0 0 0 0 0 0 0 0 0 0 0 0 0 0 0 0 0 0 0 0 0 0 0 0 0 0 0 0 0 0 0 0 0 0 0 0 0 0 -6 0 0 0 0 0 0 0 0 0 0 0 0 0 0 0 0 0 0 0 0 0 0 0 0
0 0 0 0 0 0 0 0 0 0 0 0 0 0 0 0 0 0 0 0 0 0 0 0 0 0 0 0 0 0 0 0 888 0 0 0 0 0 0 0 0 0 0 0 0 0 0 0 0 0 0 0 0 0 0 0 0 0 0 0 0 0 0 0 0 0 0 0 0 0 0 0 0 0 0 0 0 0 0 0 0 0 0 0 0 0 0 0 0 0 0 0 0 0 0 0 0 0 0 0 0 0 0 0 0 0 0 0 0 0
0 0 0 0 0 0 0 0 -10 0 0 0 0 0 0 0 0 0 0 16 0 1 0 -6 0 0 0 0 0 0 0 1 0 -810 0 0 0 0 -4 0 0 0 0 0 0 0 0 0 0 0 0 0 2 0 38 0 0 0 0 0 0 0 0 -198 0 0 0 0 0 0 0 0 0 0 0 0 0 0 0 0 0 0 -225 0 0 0 0 0 -99 0 0 0 0 0 0 0 0 0 0 0 0 0 0 0 0 0 0 0 0 0
45 -12 0 0 0 -8 0 0 0 0 0 0 0 0 -29 0 35 0 0 0 0 0 0 0 0 -63 0 0 0 0 0 0 0 0 -241 0 0 0 0 0 0 0 -52 0 0 0 0 0 0 -36 41 0 0 0 0 0 0 0 0 0 0 0 -340 0 0 0 0 0 0 0 0 0 0 0 0 -40 -2 18 0 -3 73 0 0 -3 0 0 0 0 0 0 0 0 0 -90 0 0 0 0 28 0 0 0 0 0 26 -9 0 0 -2 0
0 0 0 0 -19 0 0 0 -11 0 -18 0 0 0 0 0 0 0 0 0 0 0 0 0 0 0 0 0 0 0 0 218 0 0 0 -13 0 0 -4 0 0 0 0 49 0 0 0 0 0 0 0 0 0 0 0 0 0 0 0 0 0 0 0 0 0 0 0 0 0 0 0 0 0 0 0 0 0 0 0 0 0 0 1 0 0 17 0 0 0 0 0 0 0 0 0 0 0 0 0 0 0 0 0 0 0 0 0 0 0 0
0 0 0 0 0 1 0 0 0 0 0 0 0 0 1 0 1 0 0 0 0 0 0 0 0 0 0 0 0 0 0 0 0 0 0 0 -191 0 0 0 0 0 0 0 0 1 0 0 0 1 0 -149 0 0 0 0 0 0 0 0 0 0 0 0 0 0 0 0 0 2 0 0 0 0 39 0 0 0 0 0 -1 0 0 0 0 1 0 0 0 0 0 1 0 0 0 89 0 0 0 0 0 0 0 1 0 0 0 0 0 0
100 0 0 0 0 0 0 0 0 0 0 0 0 0 13 0 0 0 0 0 0 0 0 0 0 0 0 0 0 0 0 0 0 0 0 0 0 -363 0 0 0 0 0 0 0 0 0 0 0 16 24 0 0 0 0 0 159 0 0 0 0 0 0 0 0 0 0 0 0 0 0 0 0 0 0 0 0 -259 0 0 0 0 0 0 0 0 39 0 0 0 0 0 0 0 0 0 0 0 0 0 0 0 0 0 0 0 0 0 0 0
0 0 0 0 0 0 0 5 354 0 -27 0 0 0 0 0 0 0 0 0 0 0 0 0 3 0 0 0 0 -73 0 3 0 -4 0 -4 0 0 78 10 0 0 0 0 0 12 0 -13 0 0 0 0 0 0 0 0 0 0 2 0 0 0 0 0 0 0 0 0 0 0 0 0 -50 535 0 0 0 0 0 0 0 0 12 0 0 0 0 0 0 0 0 0 0 0 364 0 0 0 0 0 0 0 -2 -2 0 0 0 0 0 0
0 0 0 0 0 0 0 32 -4 0 0 0 0 0 0 0 0 0 0 0 0 0 0 0 -57 0 0 0 0 47 0 0 0 0 0 0 0 0 10 -220 0 0 0 0 0 190 0 9 0 0 0 0 0 0 0 0 0 0 0 0 0 0 0 0 0 0 0 0 0 0 0 0 33 11 0 0 0 0 0 0 0 0 0 0 0 0 0 0 0 0 0 0 0 0 0 0 0 0 0 0 0 0 -19 -40 0 0 0 0 0 0
0 0 0 0 0 0 0 0 0 0 0 0 0 0 0 0 0 0 0 0 0 0 0 0 0 0 0 0 0 0 0 0 0 0 0 0 0 0 0 0 777 0 0 0 0 0 0 0 0 0 0 0 0 0 0 0 0 0 0 0 0 0 0 0 0 0 0 0 0 0 0 0 0 0 0 0 0 0 0 0 0 0 0 0 0 0 0 0 0 0 0 0 0 0 0 0 0 0 0 0 0 0 0 0 0 0 0 0 0 0
0 0 0 0 0 0 0 0 0 0 0 0 0 0 0 0 0 0 0 0 0 0 0 0 0 0 0 0 0 0 0 0 0 0 0 0 0 0 0 0 0 124 0 0 0 0 0 0 0 0 0 0 0 0 0 0 0 0 0 0 0 0 0 0 0 0 0 0 0 0 0 0 0 0 0 0 0 0 0 0 0 0 0 0 0 0 0 0 0 0 0 0 0 0 0 0 0 0 0 0 0 0 0 0 0 0 0 0 0 0
-44 13 0 0 0 8 0 0 0 0 0 0 0 0 30 0 -33 0 1 0 0 0 0 0 0 63 0 0 0 0 0 0 0 0 -52 0 0 0 0 0 0 0 -242 0 0 0 0 0 0 37 -39 0 0 0 0 0 0 0 0 0 0 0 -344 0 0 0 0 0 0 0 0 0 0 0 0 41 3 -16 0 4 -71 0 0 4 0 0 0 0 0 0 0 0 0 90 0 0 0 0 -26 0 0 0 0 0 26 10 0 0 3 0
0 0 0 0 0 0 0 0 0 0 -9 0 1 0 8 0 0 34 0 0 0 0 0 0 0 5 0 0 0 -3 0 -19 0 0 0 49 0 0 0 0 0 0 0 29 -32 -3 0 0 0 10 -10 1 5 0 -16 0 0 0 0 0 1 0 0 -3 59 0 0 0 -15 0 0 0 6 0 1 -24 0 0 -1 1 0 0 0 0 0 49 0 0 0 0 0 0 0 -2 0 0 0 12 1 0 -7 0 0 -18 0 2 -84 15 0 0
0 -7 0 0 0 0 0 0 0 0 0 0 29 -27 -1 0 0 -715 0 0 0 0 0 0 0 0 0 0 0 58 0 0 0 0 0 0 0 0 0 0 0 0 0 -32 -196 -21 0 0 0 -1 -2 0 0 0 0 0 0 0 0 0 -3 0 0 0 74 0 0 0 -533 0 0 0 -82 0 0 0 0 0 15 20 0 0 0 0 0 96 3 0 0 0 0 0 0 0 0 0 0 0 16 0 0 0 0 -99 0 48 0 0 -1 0
0 1 0 0 0 0 0 39 -4 0 0 0 1 0 -4 0 0 23 0 0 0 0 0 0 -68 3 0 0 0 54 0 0 0 0 0 0 1 0 12 190 0 0 0 -3 -21 -136 0 10 0 -6 7 0 3 0 -11 0 0 0 -1 0 1 0 0 -2 39 0 0 0 -10 0 0 0 43 13 0 17 0 0 0 1 0 0 0 0 0 12 0 0 0 0 0 0 0 -1 0 0 0 8 1 0 -4 0 -23 5 0 1 -55 10 0 0
0 0 0 0 0 0 0 0 0 0 0 0 0 0 0 0 0 0 0 0 0 0 0 0 0 0 0 0 0 0 0 0 0 0 0 0 0 0 0 0 0 0 0 0 0 0 480 0 0 0 0 0 0 0 0 0 0 0 0 0 0 0 0 0 0 0 0 0 0 0 0 0 0 0 0 0 0 0 0 0 0 0 0 0 0 0 0 0 0 0 0 0 0 0 0 0 0 0 0 0 0 0 0 0 0 0 0 0 0 0
0 0 0 0 0 -5 0 5 6 0 0 0 0 0 0 0 -3 0 0 0 0 0 0 0 3 7 0 0 0 -102 0 0 0 0 0 0 0 0 -13 9 0 0 0 0 0 10 0 858 0 0 0 1 0 0 0 0 0 0 -154 0 0 0 0 0 0 0 0 0 0 -14 0 0 -71 -14 -1 0 0 0 0 0 19 0 0 0 -21 0 0 0 0 0 0 -6 0 10 0 0 0 0 0 0 0 0 -2 -2 0 0 0 0 0 0
0 0 0 0 0 0 0 0 0 0 0 0 0 0 0 0 0 0 0 0 0 0 0 0 0 0 0 0 0 0 0 0 0 0 0 0 0 0 0 0 0 0 0 0 0 0 0 0 639 0 0 0 0 0 0 0 0 0 0 0 0 0 0 0 0 0 0 0 0 0 0 0 0 0 0 0 0 0 0 0 0 0 0 0 0 0 0 0 0 0 0 0 0 0 0 0 0 0 0 0 0 0 0 0 0 0 0 0 0 0
11 -6 0 0 0 -5 0 0 0 0 0 0 0 0 341 67 23 3 0 0 0 0 0 0 0 -41 0 -84 0 -8 0 0 0 0 -36 0 1 16 0 0 0 0 37 10 -1 -6 0 0 0 -425 -27 0 0 0 0 0 -14 0 0 8 -107 0 0 0 0 0 0 0 0 0 0 0 13 0 0 -429 0 5 4 -56 48 0 0 0 0 -28 54 0 0 0 0 0 0 -59 0 0 0 0 15 0 0 0 0 -29 0 18 0 0 -1 -1
-12 8 0 0 0 6 0 0 0 0 0 0 0 0 -22 93 -24 4 1 0 0 0 0 0 0 46 0 -136 0 -12 0 0 0 0 41 0 0 24 0 0 0 0 -39 -10 -2 7 0 0 0 -27 -164 1 0 0 0 0 -21 0 0 11 -160 0 0 0 0 0 0 0 0 0 0 0 19 0 1 470 0 -4 5 -71 -52 0 0 0 0 31 81 0 0 0 0 0 0 66 0 0 0 0 -15 0 0 0 0 33 0 37 0 0 2 -2
0 0 0 0 0 0 0 0 0 0 0 0 0 0 0 0 0 0 0 0 0 0 0 0 0 1 0 0 0 0 0 0 0 0 0 0 -149 0 0 0 0 0 0 1 0 0 0 1 0 0 1 -360 0 0 0 0 0 0 1 0 0 0 0 0 0 0 0 0 0 0 0 0 0 0 -22 1 0 0 0 0 1 0 0 0 0 0 0 0 0 0 0 0 0 1 0 152 0 0 0 0 0 0 0 0 0 0 0 0 0 0
0 0 0 0 0 0 0 0 0 2 0 0 0 0 0 0 0 0 0 -94 0 0 0 40 0 0 0 0 0 0 0 0 0 2 0 0 0 0 0 0 0 0 0 5 0 3 0 0 0 0 0 0 -772 0 7 0 0 0 0 0 0 0 0 -34 40 0 0 0 0 0 0 0 0 0 0 0 0 0 0 0 0 0 1 0 0 -13 0 0 -17 0 0 0 0 0 0 0 0 0 0 0 0 0 0 15 0 0 0 415 0 0
0 0 0 0 0 0 0 0 0 0 0 0 0 0 0 0 0 0 0 0 -112 0 0 0 0 0 0 0 0 0 0 0 0 0 0 0 0 0 0 0 0 0 0 0 0 0 0 0 0 0 0 0 0 499 0 0 0 0 0 0 0 0 0 0 0 0 0 0 0 0 0 0 0 0 0 0 0 0 0 0 0 0 0 0 0 0 0 0 0 0 0 0 0 0 0 0 0 0 0 0 0 0 0 0 0 0 0 0 0 0
0 0 0 0 0 0 0 0 0 0 0 0 0 0 0 0 0 19 0 0 0 0 0 0 0 243 0 0 0 0 0 0 0 38 0 0 0 0 0 0 0 0 0 -16 0 -11 0 0 0 0 0 0 7 0 -446 0 0 0 0 0 0 0 0 -72 39 0 0 0 0 0 0 144 0 0 0 0 0 0 0 0 0 0 14 0 0 50 0 0 -44 0 0 0 0 -169 0 0 0 0 0 0 -381 0 0 -51 0 0 153 -2 0 0
0 0 0 0 0 0 0 0 0 0 0 0 0 0 0 0 0 0 0 0 0 0 0 0 0 0 0 0 0 0 0 0 0 0 0 0 0 0 0 0 0 0 0 0 0 0 0 0 0 0 0 0 0 0 0 -373 0 0 0 0 0 0 0 0 0 0 0 0 0 0 0 0 0 0 0 0 0 0 0 0 0 0 0 0 0 0 0 0 0 0 0 0 0 0 0 0 0 0 0 0 0 0 0 0 0 0 0 0 0 0
111 0 0 0 0 0 0 0 0 0 0 0 0 0 -11 0 0 0 0 0 0 0 0 0 0 0 0 0 0 0 0 0 0 0 0 0 0 159 0 0 0 0 0 0 0 0 0 0 0 -14 -21 0 0 0 0 0 -330 0 0 0 0 0 0 0 0 0 0 0 0 0 0 0 0 0 0 0 0 -287 0 0 0 0 0 0 0 0 -34 0 0 0 0 0 0 0 0 0 0 0 0 0 0 0 0 0 0 0 0 0 0 1
0 2 0 0 0 0 -559 0 0 0 0 0 0 0 0 0 0 0 -7 0 0 0 0 0 0 0 0 0 0 0 0 0 0 0 0 0 0 0 0 0 0 0 0 0 0 0 0 0 0 0 0 0 0 0 0 0 0 515 0 0 0 0 0 0 0 0 0 0 0 0 0 0 0 0 0 0 0 0 0 0 0 0 0 0 0 0 0 0 0 0 0 0 0 0 0 0 0 0 -3 0 0 0 0 0 0 0 0 0 -61 0
0 0 0 0 0 -45 0 0 0 0 0 0 0 0 0 0 -30 0 0 0 0 0 0 0 0 57 0 0 0 13 0 0 0 0 0 0 0 0 2 0 0 0 0 0 0 -1 0 -154 0 0 0 1 0 0 0 0 0 0 -428 0 0 0 0 0 0 0 0 0 0 -125 0 0 9 2 -15 0 0 0 0 0 160 0 0 0 -178 0 0 0 0 0 0 -56 0 81 0 0 0 0 0 0 0 0 1 1 0 0 0 0 0 0
0 0 0 0 0 0 0 0 0 0 0 0 0 0 6 -395 0 0 0 0 0 0 0 0 0 0 0 -41 0 0 0 0 0 0 0 0 0 0 0 0 0 0 0 0 0 0 0 0 0 8 11 0 0 0 0 0 0 0 0 -720 17 0 0 0 0 0 0 0 0 0 0 0 0 0 0 0 0 0 9 -310 0 0 0 0 0 0 -11 0 0 0 0 0 0 0 0 0 0 0 0 0 0 0 0 0 0 130 0 0 0 0
0 0 0 0 0 0 0 0 0 0 0 0 0 0 -85 141 0 6 0 0 0 0 0 0 0 0 0 -206 0 -19 0 0 0 0 0 0 0 0 0 0 0 0 0 1 -3 1 0 0 0 -107 -160 0 0 0 0 0 0 0 0 17 -219 0 0 0 0 0 0 0 0 0 0 0 28 0 0 0 0 0 7 -112 0 0 0 0 0 0 172 0 0 0 0 0 0 0 0 0 0 0 0 0 0 0 0 1 0 47 0 0 0 0
0 0 0 0 0 0 0 0 0 0 0 0 0 0 0 0 0 0 0 0 0 0 0 0 0 0 0 0 0 0 0 0 0 0 0 0 0 0 0 0 0 0 0 0 0 0 0 0 0 0 0 0 0 0 0 0 0 0 0 0 0 -35 0 0 0 82 0 0 0 0 0 0 0 0 0 0 -3 0 0 0 0 0 0 3 0 0 0 0 0 0 45 0 0 0 0 0 0 0 0 0 0 0 0 0 0 0 0 0 0 0
0 0 0 0 0 0 0 0 0 0 0 0 0 0 0 0 0 0 0 0 0 0 0 0 0 0 0 0 0 0 0 0 0 0 -340 0 0 0 0 0 0 0 -344 0 0 0 0 0 0 0 0 0 0 0 0 0 0 0 0 0 0 0 -635 0 0 0 0 0 0 0 0 0 0 0 0 0 0 0 0 0 0 0 0 0 0 0 0 0 0 0 0 0 0 0 0 0 0 0 0 0 0 0 0 0 41 0 0 0 0 0
0 0 0 0 0 0 0 0 0 0 0 0 0 0 0 0 0 4 0 0 0 0 0 0 0 46 0 0 0 0 0 0 0 -198 0 0 0 0 0 0 0 0 0 -3 0 -2 0 0 0 0 0 0 -34 0 -72 0 0 0 0 0 0 0 0 -72 8 0 0 0 0 0 0 27 0 0 0 0 0 0 0 0 0 0 -73 0 0 10 0 0 236 0 0 0 0 -31 0 0 0 0 0 0 -71 0 0 -9 0 0 29 11 0 0
0 1 0 0 0 0 0 0 0 0 0 0 -1 2 0 0 0 -76 1 0 0 0 0 0 0 -9 0 0 0 9 0 0 0 0 0 0 0 0 0 0 0 0 0 59 74 39 0 0 0 0 0 0 40 0 39 0 0 0 0 0 0 0 0 8 205 0 0 0 35 0 0 0 -12 0 0 0 0 0 3 -1 0 0 0 0 0 -173 1 0 0 0 0 0 0 7 0 0 0 -25 -1 0 16 0 0 181 0 -3 193 127 1 0
0 0 0 0 0 0 0 0 0 0 0 0 0 0 0 0 0 0 0 0 0 0 0 0 0 0 0 0 0 0 0 0 0 0 0 0 0 0 0 0 0 0 0 0 0 0 0 0 0 0 0 0 0 0 0 0 0 0 0 0 0 82 0 0 0 196 0 0 0 0 0 0 0 0 0 0 1 0 0 0 0 0 0 0 0 0 0 0 0 0 -271 0 0 0 0 0 0 0 0 0 0 0 0 0 0 0 0 0 0 0
0 0 0 0 0 0 0 0 0 0 0 0 0 0 0 0 0 0 0 0 0 0 0 0 0 0 0 0 0 0 0 0 0 0 0 0 0 0 0 0 0 0 0 0 0 0 0 0 0 0 0 0 0 0 0 0 0 0 0 0 0 0 0 0 0 0 593 0 0 0 0 0 0 0 0 0 0 0 0 0 0 0 0 0 0 0 0 0 0 0 0 0 0 0 0 0 0 0 0 0 0 0 0 0 0 0 0 0 0 0
0 0 0 0 0 0 0 0 0 0 0 0 0 0 0 0 0 0 0 0 0 0 0 0 0 0 0 0 0 0 0 0 0 0 0 0 0 0 0 0 0 0 0 0 0 0 0 0 0 0 0 0 0 0 0 0 0 0 0 0 0 0 0 0 0 0 0 181 0 0 0 0 0 0 0 0 0 0 0 0 0 0 0 0 0 0 0 0 0 0 0 0 0 0 0 0 0 0 0 0 0 186 0 0 0 0 0 0 0 0
0 0 0 0 0 0 0 0 0 0 0 0 118 -113 0 0 0 -340 0 0 0 0 0 0 0 0 0 0 0 0 0 0 0 0 0 0 0 0 0 0 0 0 0 -15 -533 -10 0 0 0 0 0 0 0 0 0 0 0 0 0 0 0 0 0 0 35 0 0 0 509 0 0 0 0 0 0 0 0 0 0 0 0 0 0 0 0 46 0 0 0 0 0 0 0 0 0 0 0 0 0 0 0 0 0 -47 0 0 0 0 0 0
0 0 0 0 0 107 0 0 0 0 0 0 0 0 0 0 -8 0 0 0 0 0 0 0 0 16 0 0 0 0 0 0 0 0 0 0 2 0 0 0 0 0 0 0 0 0 0 -14 0 0 0 0 0 0 0 0 0 0 -125 0 0 0 0 0 0 0 0 0 0 36 0 0 0 0 21 0 0 0 0 0 59 0 0 0 -38 0 0 0 0 0 0 149 0 23 0 0 0 0 0 0 0 0 0 0 0 0 0 0 0 0
0 0 0 0 0 0 0 0 0 0 0 0 0 0 0 0 0 0 0 0 0 0 0 0 0 0 0 0 0 0 0 0 0 0 0 0 0 0 0 0 0 0 0 0 0 0 0 0 0 0 0 0 0 0 0 0 0 0 0 0 0 0 0 0 0 0 0 0 0 0 -607 0 0 0 0 0 0 0 0 0 0 0 0 0 0 0 0 0 0 0 0 0 0 0 0 0 0 0 0 0 0 0 0 0 0 0 0 0 0 0
0 0 0 0 0 0 0 0 0 0 0 0 0 0 0 0 0 0 0 0 0 0 0 0 0 0 0 0 0 0 0 0 0 0 0 0 0 0 0 0 0 0 0 0 0 0 0 0 0 0 0 0 0 0 144 0 0 0 0 0 0 0 0 27 0 0 0 0 0 0 0 273 0 0 0 0 0 0 0 0 0 0 0 0 0 0 0 0 0 0 0 0 0 0 0 0 0 0 0 0 -356 0 0 0 0 0 0 0 0 0
0 0 0 0 0 0 0 17 22 0 0 0 0 0 10 0 0 124 0 0 0 0 0 0 9 0 0 0 0 -177 0 0 0 0 0 0 0 0 -50 33 0 0 0 6 -82 43 0 -71 0 13 19 0 0 0 0 0 0 0 9 0 28 0 0 0 -12 0 0 0 0 0 0 0 293 -57 0 0 0 0 -120 0 0 0 0 0 0 -16 -19 0 0 0 0 0 0 0 0 0 0 0 0 0 0 0 -10 9 0 0 0 0 0 0
0 0 0 0 0 0 0 6 -226 0 0 0 0 0 0 0 0 0 0 0 0 0 0 0 3 0 0 0 0 -82 0 0 0 0 0 0 0 0 535 11 0 0 0 0 0 13 0 -14 0 0 0 0 0 0 0 0 0 0 2 0 0 0 0 0 0 0 0 0 0 0 0 0 -57 -31 0 0 0 0 0 0 0 0 0 0 0 0 0 0 0 0 0 0 0 0 -381 0 0 0 0 0 0 0 -3 -2 0 0 0 0 0 0
0 0 0 0 0 8 0 0 0 0 0 0 0 0 0 0 5 0 0 0 0 0 0 0 0 -8 0 0 0 0 0 0 0 0 0 0 39 0 0 0 0 0 0 1 0 0 0 -1 0 0 1 -22 0 0 0 0 0 0 -15 0 0 0 0 0 0 0 0 0 0 21 0 0 0 0 575 1 0 0 0 0 -25 0 0 0 0 0 0 0 0 0 0 10 0 -12 0 0 0 0 0 0 0 0 0 0 0 0 0 0 0 0
13 -7 0 0 0 -5 0 0 0 0 0 0 0 0 -343 0 26 0 0 0 0 0 0 0 0 -46 0 0 0 0 0 0 0 0 -40 0 0 0 0 0 0 0 41 -24 0 17 0 0 0 -429 470 1 0 0 0 0 0 0 0 0 0 0 0 0 0 0 0 0 0 0 0 0 0 0 1 501 0 5 0 -2 53 0 0 0 0 74 0 0 0 0 0 0 0 -66 0 0 0 0 17 0 0 0 0 76 0 -5 0 0 -1 0
1 19 0 0 0 0 0 0 0 0 0 0 0 0 0 0 2 0 1 0 0 0 0 0 0 -2 0 0 0 0 0 0 0 0 -2 0 0 0 0 0 0 0 3 0 0 0 0 0 0 0 0 0 0 0 0 0 0 0 0 0 0 -3 0 0 0 1 0 0 0 0 0 0 0 0 0 0 363 1 0 6 4 0 0 217 0 0 0 0 0 0 12 0 0 -4 0 0 0 0 -38 0 0 0 0 0 0 14 0 0 3 0
483 2 0 0 0 3 0 0 0 0 0 0 0 0 4 0 -10 0 1 0 0 0 0 0 0 20 0 0 0 0 0 0 0 0 18 0 0 -259 0 0 0 0 -16 0 0 0 0 0 0 5 -4 0 0 0 0 0 -287 0 0 0 0 0 0 0 0 0 0 0 0 0 0 0 0 0 0 5 1 -601 0 1 -22 0 0 1 0 0 0 0 0 0 0 0 0 28 0 0 0 0 -3 0 0 0 0 0 0 2 0 0 1 0
0 0 0 0 0 0 0 0 0 0 0 0 0 0 3 73 0 -22 0 0 0 0 0 0 0 0 0 -106 0 84 0 0 0 0 0 0 0 0 0 0 0 0 0 -1 15 0 0 0 0 4 5 0 0 0 0 0 0 0 0 9 7 0 0 0 3 0 0 0 0 0 0 0 -120 0 0 0 0 0 -551 -57 0 0 0 0 0 3 -4 0 0 0 0 0 0 0 0 0 0 0 0 0 0 0 0 -3 0 25 0 0 0 0
2 -44 0 0 0 0 0 0 0 0 0 0 67 -64 -34 120 3 13 0 0 0 0 0 0 0 -4 0 -340 0 0 0 0 0 0 -3 0 0 0 0 0 0 0 4 1 20 1 0 0 0 -56 -71 0 0 0 0 0 0 0 0 -310 -112 0 0 0 -1 0 0 0 0 0 0 0 0 0 0 -2 6 1 -57 552 6 0 0 9 0 -1 80 0 0 0 0 0 0 -6 0 0 0 0 95 0 0 0 0 2 0 104 0 0 -7 0
-57 17 0 0 0 -35 0 0 0 0 0 0 0 0 39 0 -69 0 1 0 0 0 0 0 0 129 0 0 0 0 0 0 0 0 73 0 -1 0 0 0 0 0 -71 0 0 0 0 19 0 48 -52 1 0 0 0 0 0 0 160 0 0 0 0 0 0 0 0 0 0 59 0 0 0 0 -25 53 4 -22 0 6 -40 0 0 5 50 0 0 0 0 0 0 92 0 185 0 0 0 0 -35 0 0 0 0 0 0 13 0 0 3 0
0 0 0 0 0 0 0 0 0 0 0 0 0 0 0 0 0 0 0 0 0 0 0 0 0 0 0 0 0 0 0 0 0 0 0 0 0 0 0 0 0 0 0 0 0 0 0 0 0 0 0 0 0 0 0 0 0 0 0 0 0 0 0 0 0 0 0 0 0 0 0 0 0 0 0 0 0 0 0 0 0 370 0 0 0 0 0 0 0 0 0 0 0 0 0 0 0 0 0 0 0 0 0 0 0 0 0 0 0 0
0 0 0 0 0 0 0 0 28 0 2 0 0 0 0 0 0 0 0 6 0 1 0 -2 0 0 0 0 0 0 0 0 0 -225 0 1 0 0 12 0 0 0 0 0 0 0 0 0 0 0 0 0 1 0 14 0 0 0 0 0 0 0 0 -73 0 0 0 0 0 0 0 0 0 0 0 0 0 0 0 0 0 0 -288 0 0 0 0 0 -37 0 0 0 0 0 0 0 0 0 0 0 0 0 0 0 0 0 0 0 0 0
2 28 0 0 0 0 0 0 0 0 0 0 0 0 0 0 3 0 1 0 0 0 0 0 0 -4 0 0 0 0 0 0 0 0 -3 0 0 0 0 0 0 0 4 0 0 0 0 0 0 0 0 0 0 0 0 0 0 0 0 0 0 3 0 0 0 0 0 0 0 0 0 0 0 0 0 0 217 1 0 9 5 0 0 542 0 0 0 0 0 0 -7 0 0 -6 0 0 0 0 -57 0 0 0 0 0 0 21 0 0 5 0
0 0 0 0 0 -13 0 0 0 0 0 0 0 0 0 0 -9 0 0 0 0 0 0 0 0 18 0 0 0 0 0 0 0 0 0 0 0 0 0 0 0 0 0 0 0 0 0 -21 0 0 0 0 0 0 0 0 0 0 -178 0 0 0 0 0 0 0 0 0 0 -38 0 0 0 0 0 0 0 0 0 0 50 0 0 0 173 0 0 0 0 0 0 -17 0 25 0 0 0 0 0 0 0 0 0 0 0 0 0 0 0 0
0 1 0 0 0 0 0 0 0 0 -3 0 -2 3 -23 0 0 -100 1 0 0 0 0 0 0 -12 0 0 0 12 0 -6 0 0 0 17 1 0 0 0 0 0 0 49 96 12 0 0 0 -28 31 0 -13 0 50 0 0 0 0 0 0 0 0 10 -173 0 0 0 46 0 0 0 -16 0 0 74 0 0 3 -1 0 0 0 0 0 -97 1 0 0 0 0 0 0 9 0 0 0 -33 -1 0 21 0 0 56 0 -4 252 -43 1 0
0 0 0 0 0 0 0 0 0 0 0 0 0 0 44 -99 0 -3 0 0 0 0 0 0 0 0 0 146 0 14 0 0 0 0 0 0 0 39 0 0 0 0 0 0 3 0 0 0 0 54 81 0 0 0 0 0 -34 0 0 -11 172 0 0 0 1 0 0 0 0 0 0 0 -19 0 0 0 0 0 -4 80 0 0 0 0 0 1 -150 0 0 0 0 0 0 0 0 0 0 0 0 0 0 0 0 0 0 -33 0 0 0 -4
0 0 0 0 0 0 0 0 0 0 0 0 0 0 0 0 0 0 -25 0 0 0 0 0 0 0 0 0 0 0 0 0 0 0 0 0 0 0 0 0 0 0 0 0 0 0 0 0 0 0 0 0 0 0 0 0 0 0 0 0 0 0 0 0 0 0 0 0 0 0 0 0 0 0 0 0 0 0 0 0 0 0 0 0 0 0 0 522 0 0 0 0 325 0 0 0 0 0 0 0 0 0 0 0 0 0 0 0 3 0
0 0 0 0 0 0 0 0 0 0 0 0 0 0 0 0 0 0 0 0 0 0 0 0 0 0 0 0 0 0 0 0 0 -99 0 0 0 0 0 0 0 0 0 0 0 0 0 0 0 0 0 0 -17 0 -44 0 0 0 0 0 0 0 0 236 0 0 0 0 0 0 0 0 0 0 0 0 0 0 0 0 0 0 -37 0 0 0 0 0 -426 0 0 0 0 0 0 0 0 0 0 0 0 0 0 0 0 0 0 6 0 0
0 0 0 0 0 0 0 0 0 0 0 0 0 0 0 0 0 0 0 0 0 0 0 0 0 0 0 0 0 0 0 0 0 0 0 0 0 0 0 0 0 0 0 0 0 0 0 0 0 0 0 0 0 0 0 0 0 0 0 0 0 0 0 0 0 0 0 0 0 0 0 0 0 0 0 0 0 0 0 0 0 0 0 0 0 0 0 0 0 652 0 0 0 0 0 0 0 0 0 0 0 0 0 0 0 0 0 0 0 0
0 0 0 0 0 0 0 0 0 0 0 0 0 0 0 0 0 0 0 0 0 0 0 0 0 0 0 0 0 0 0 0 0 0 0 0 0 0 0 0 0 0 0 0 0 0 0 0 0 0 0 0 0 0 0 0 0 0 0 0 0 45 0 0 0 -271 0 0 0 0 0 0 0 0 0 0 12 0 0 0 0 0 0 -7 0 0 0 0 0 0 546 0 0 0 0 0 0 0 0 0 0 0 0 0 0 0 0 0 0 0
0 0 0 0 0 61 0 0 0 0 0 0 0 0 0 0 -15 0 0 0 0 0 0 0 0 29 0 0 0 0 0 0 0 0 0 0 1 0 0 0 0 0 0 0 0 0 0 -6 0 0 0 0 0 0 0 0 0 0 -56 0 0 0 0 0 0 0 0 0 0 149 0 0 0 0 10 0 0 0 0 0 92 0 0 0 -17 0 0 0 0 0 0 20 0 42 0 0 0 0 0 0 0 0 0 0 0 0 0 0 0 0
0 0 0 0 0 0 0 0 0 0 0 0 0 0 0 0 0 0 32 0 0 0 0 0 0 0 0 0 0 0 0 0 0 0 0 0 0 0 0 0 0 0 0 0 0 0 0 0 0 0 0 0 0 0 0 0 0 0 0 0 0 0 0 0 0 0 0 0 0 0 0 0 0 0 0 0 0 0 0 0 0 0 0 0 0 0 0 325 0 0 0 0 384 0 0 0 0 0 0 0 0 0 0 0 0 0 0 0 -3 0
73 -20 0 0 0 -13 0 0 0 0 0 0 0 0 -47 0 -135 4 0 0 0 0 0 0 0 -374 0 0 0 0 0 0 0 0 -90 0 0 0 0 0 0 0 90 -2 0 -1 0 10 0 -59 66 1 0 0 -169 0 0 0 81 0 0 0 0 -31 7 0 0 0 0 23 0 0 0 0 -12 -66 -4 28 0 -6 185 0 0 -6 25 9 0 0 0 0 0 42 0 -56 0 0 -2 0 45 0 -70 0 0 -8 0 -15 27 0 -3 0
0 0 0 0 0 0 0 0 -154 0 0 0 0 0 0 0 0 0 0 0 0 0 0 0 0 0 0 0 0 0 0 0 0 0 0 0 0 0 364 0 0 0 0 0 0 0 0 0 0 0 0 0 0 0 0 0 0 0 0 0 0 0 0 0 0 0 0 0 0 0 0 0 0 -381 0 0 0 0 0 0 0 0 0 0 0 0 0 0 0 0 0 0 0 0 575 0 0 0 0 0 0 0 0 0 0 0 0 0 0 0
0 0 0 0 0 0 0 0 0 0 0 0 0 0 0 0 0 0 0 0 0 0 0 0 0 0 0 0 0 0 0 0 0 0 0 0 89 0 0 0 0 0 0 0 0 0 0 0 0 0 0 152 0 0 0 0 0 0 0 0 0 0 0 0 0 0 0 0 0 0 0 0 0 0 0 0 0 0 0 0 0 0 0 0 0 0 0 0 0 0 0 0 0 0 0 -695 0 0 0 0 0 0 0 0 0 0 0 0 0 0
0 0 0 0 0 0 0 0 0 0 0 0 0 0 0 0 -11 0 0 0 0 0 0 0 0 -2 0 0 0 0 0 0 0 0 0 0 0 0 0 0 0 0 0 0 0 0 0 0 0 0 0 0 0 0 0 0 0 0 0 0 0 0 0 0 0 0 0 0 0 0 0 0 0 0 0 0 0 0 0 0 0 0 0 0 0 0 0 0 0 0 0 0 0 -2 0 0 380 0 0 0 0 0 0 0 0 0 0 0 0 0
0 0 0 0 0 0 0 0 0 0 0 0 0 0 0 0 0 -12 0 0 0 0 0 0 0 0 0 0 0 0 0 0 0 0 0 0 0 0 0 0 0 0 0 12 0 8 0 0 0 0 0 0 0 0 0 0 0 0 0 0 0 0 0 0 -25 0 0 0 0 0 0 0 0 0 0 0 0 0 0 0 0 0 0 0 0 -33 0 0 0 0 0 0 0 0 0 0 0 -309 0 0 0 0 0 36 0 0 33 0 0 0
-8 -182 0 0 0 4 3 0 0 0 0 0 54 -51 12 0 -16 11 6 0 0 0 0 0 0 31 0 0 0 0 0 0 0 0 28 0 0 0 0 0 0 0 -26 1 16 1 0 0 0 15 -15 0 0 0 0 0 0 -3 0 0 0 0 0 0 -1 0 0 0 0 0 0 0 0 0 0 17 -38 -3 0 95 -35 0 0 -57 0 -1 0 0 0 0 0 0 0 45 0 0 0 0 11 0 0 0 0 2 0 226 0 0 49 0
0 0 0 0 0 0 0 0 0 0 0 0 0 0 0 0 0 0 0 0 0 0 0 0 0 0 0 0 0 0 0 0 0 0 0 0 0 0 0 0 0 0 0 0 0 0 0 0 0 0 0 0 0 0 0 0 0 0 0 0 0 0 0 0 0 0 0 0 0 0 0 0 0 0 0 0 0 0 0 0 0 0 0 0 0 0 0 0 0 0 0 0 0 0 0 0 0 0 0 321 0 0 0 0 0 0 0 0 0 0
0 0 0 0 0 0 0 0 0 0 0 0 0 0 0 0 0 8 0 0 0 0 0 0 0 102 0 0 0 0 0 0 0 0 0 0 0 0 0 0 0 0 0 -7 0 -4 0 0 0 0 0 0 0 0 -381 0 0 0 0 0 0 0 0 -71 16 0 0 0 0 0 0 -356 0 0 0 0 0 0 0 0 0 0 0 0 0 21 0 0 0 0 0 0 0 -70 0 0 0 0 0 0 329 0 0 -21 0 0 64 0 0 0
0 0 0 0 0 0 0 0 0 0 0 0 0 0 0 0 0 0 0 0 0 0 0 0 0 0 0 0 0 0 0 0 0 0 0 0 0 0 0 0 0 0 0 0 0 0 0 0 0 0 0 0 0 0 0 0 0 0 0 0 0 0 0 0 0 0 0 186 0 0 0 0 0 0 0 0 0 0 0 0 0 0 0 0 0 0 0 0 0 0 0 0 0 0 0 0 0 0 0 0 0 153 0 0 0 0 0 0 0 0
0 0 0 0 0 0 0 -278 2 0 0 0 0 0 0 0 0 0 0 0 0 0 0 0 18 0 0 0 0 -14 0 0 0 0 0 0 0 0 -2 -19 0 0 0 0 0 -23 0 -2 0 0 0 0 0 0 0 0 0 0 1 0 0 0 0 0 0 0 0 0 0 0 0 0 -10 -3 0 0 0 0 0 0 0 0 0 0 0 0 0 0 0 0 0 0 0 0 0 0 0 0 0 0 0 0 -276 6 0 0 0 0 0 0
0 0 0 0 0 0 0 -8 2 0 0 0 3 -2 -23 0 0 105 0 0 0 0 0 0 15 13 0 0 0 -23 0 0 0 0 0 0 1 0 -2 -40 0 0 0 -18 -99 5 0 -2 0 -29 33 0 15 0 -51 0 0 0 1 0 1 0 0 -9 181 0 0 0 -47 0 0 0 9 -2 0 76 0 0 -3 2 0 0 0 0 0 56 0 0 0 0 0 0 0 -8 0 0 0 36 2 0 -21 0 6 -115 0 5 -261 45 0 0
0 0 0 0 0 0 0 0 0 0 0 0 0 0 0 0 0 0 0 0 0 0 0 0 0 0 0 0 0 0 0 0 0 0 26 0 0 0 0 0 0 0 26 0 0 0 0 0 0 0 0 0 0 0 0 0 0 0 0 0 0 0 41 0 0 0 0 0 0 0 0 0 0 0 0 0 0 0 0 0 0 0 0 0 0 0 0 0 0 0 0 0 0 0 0 0 0 0 0 0 0 0 0 0 -92 0 0 0 0 0
3 -106 0 0 0 -1 0 0 0 0 0 0 161 -154 10 -49 6 31 -1 0 0 0 0 0 0 -10 0 143 0 0 0 0 0 0 -9 0 0 0 0 0 0 0 10 2 48 1 0 0 0 18 37 0 0 0 0 0 0 0 0 130 47 0 0 0 -3 0 0 0 0 0 0 0 0 0 0 -5 14 2 25 104 13 0 0 21 0 -4 -33 0 0 0 0 0 0 -15 0 0 0 0 226 0 0 0 0 5 0 756 0 0 -17 0
0 0 0 0 0 0 0 0 0 0 0 0 0 0 0 0 0 96 0 0 0 0 0 0 0 -37 0 0 0 0 0 0 0 0 0 0 0 0 0 0 0 0 0 -84 0 -55 0 0 0 0 0 0 0 0 153 0 0 0 0 0 0 0 0 29 193 0 0 0 0 0 0 0 0 0 0 0 0 0 0 0 0 0 0 0 0 252 0 0 0 0 0 0 0 27 0 0 0 33 0 0 64 0 0 -261 0 0 178 0 0 0
0 0 0 0 0 0 0 0 0 0 0 0 0 0 0 0 0 0 0 30 0 1 0 -12 0 0 0 0 0 0 0 0 0 0 0 0 0 0 0 0 0 0 0 15 0 10 0 0 0 0 0 0 415 0 -2 0 0 0 0 0 0 0 0 11 127 0 0 0 0 0 0 0 0 0 0 0 0 0 0 0 0 0 0 0 0 -43 0 0 6 0 0 0 0 0 0 0 0 0 0 0 0 0 0 45 0 0 0 421 0 0
1 -23 0 0 0 0 48 0 0 0 0 0 -4 4 0 0 2 0 82 0 0 0 0 0 0 -2 0 0 0 0 0 0 0 0 -2 0 0 0 0 0 0 0 3 0 -1 0 0 0 0 -1 2 0 0 0 0 0 0 -61 0 0 0 0 0 0 1 0 0 0 0 0 0 0 0 0 0 -1 3 1 0 -7 3 0 0 5 0 1 0 3 0 0 0 0 -3 -3 0 0 0 0 49 0 0 0 0 0 0 -17 0 0 873 0
0 0 0 0 0 0 0 0 0 0 0 0 0 0 -1 0 0 0 0 0 0 0 0 0 0 0 0 0 0 0 0 0 0 0 0 0 0 0 0 0 0 0 0 0 0 0 0 0 0 -1 -2 0 0 0 0 0 1 0 0 0 0 0 0 0 0 0 0 0 0 0 0 0 0 0 0 0 0 0 0 0 0 0 0 0 0 0 -4 0 0 0 0 0 0 0 0 0 0 0 0 0 0 0 0 0 0 0 0 0 0 146

