Q_obj 
-796 0 0 0 0 0 0 0 0 0 0 0 0 0 0 0 0 0 0 0 33 0 0 0 0 0 0 0 0 0 0 0 0 0 0 0 0 0 0 0 0 0 0 0 0 9 0 0 0 0 0 0 0 0 0 0 0 0 194 0 0 0 0 0 0 0 0 0 0 0 0 0 0 0 0 0 128 0 0 0 0 0 0 0 0 0 0 0 0 0 0 0 0 0 0 0 0 0 0 0 21 0 0 0 0 0 0 0 0 305 0 0 0 0 0 0 0 0 0 0 0 0 0 0 0 0 -16 0 0 0 0 0 0 0 0 0 0 0 -168 0 0 0 0 0 0 0 0 0 0 0 0 0 0 0 0 -142 0 0 0 0
0 444 0 0 0 0 0 0 0 0 0 0 0 0 0 0 0 0 0 0 0 0 0 0 0 0 0 0 0 0 0 0 0 0 0 0 0 0 0 0 0 0 0 0 0 -631 0 0 0 0 0 0 0 0 0 0 0 0 0 0 0 0 0 0 0 0 0 0 159 0 0 0 0 0 0 0 0 0 0 0 0 0 0 0 0 0 0 0 0 0 0 0 0 0 0 0 0 0 0 0 265 0 0 0 0 0 0 0 0 0 0 0 0 0 0 0 0 0 0 0 0 0 0 0 0 0 0 0 0 0 0 0 0 0 0 0 0 0 0 0 0 0 0 0 0 0 0 0 0 0 0 0 0 0 0 0 0 0 0 0
0 0 500 0 0 0 0 0 0 0 0 0 0 0 0 0 0 0 0 0 0 0 0 0 0 0 0 0 0 0 0 0 0 0 0 0 0 0 0 0 0 0 0 0 0 0 0 0 0 0 0 0 0 0 0 0 0 0 0 0 0 0 0 0 0 0 0 0 0 0 0 0 0 0 0 0 0 0 0 0 0 0 0 0 0 0 0 0 0 0 0 0 0 0 0 0 0 0 0 0 0 0 0 0 0 0 0 0 0 0 0 0 0 0 0 0 0 0 0 0 0 0 0 0 0 0 0 0 0 0 0 0 0 0 0 0 0 0 0 0 0 0 0 0 0 0 0 0 0 0 0 0 0 0 0 0 0 0 0 0
0 0 0 -133 0 0 0 0 0 0 0 0 0 0 0 0 0 -43 0 0 0 0 0 0 0 0 0 0 0 0 0 0 0 0 0 0 0 0 0 0 0 0 0 0 0 0 0 0 0 0 0 3 0 0 -39 0 0 420 0 0 0 0 0 0 0 0 0 0 0 0 0 0 0 0 0 0 0 0 0 0 0 0 0 0 0 9 0 0 0 -505 0 0 0 0 0 0 0 0 0 0 0 0 0 0 0 0 0 0 0 0 0 0 0 21 0 0 0 0 0 0 0 0 0 0 0 0 0 0 0 0 0 0 0 0 0 0 0 0 0 0 0 0 0 0 0 0 0 0 0 0 0 0 0 0 0 0 0 188 0 0
0 0 0 0 -236 0 0 0 0 0 0 0 0 0 0 0 0 0 0 0 0 0 0 0 0 0 0 0 0 0 0 0 0 0 0 0 0 0 0 0 0 0 0 0 0 0 0 0 0 0 0 0 0 0 0 0 0 0 0 0 0 0 0 0 0 0 0 0 0 0 0 0 0 0 0 0 0 0 0 0 0 0 0 0 0 0 0 0 0 0 0 0 0 0 0 0 0 0 0 0 0 0 0 0 0 0 0 0 0 0 0 0 0 0 0 0 0 0 0 0 0 0 0 0 0 0 0 0 0 0 0 0 0 0 0 0 0 0 0 0 0 0 0 0 0 0 0 0 0 0 0 0 0 0 0 0 0 0 0 0
0 0 0 0 0 391 0 0 -15 0 0 0 63 0 0 0 0 -57 0 0 0 0 0 0 0 0 0 0 33 0 0 0 140 0 0 0 0 0 0 0 0 0 0 4 0 0 0 0 0 0 0 -13 -94 0 0 0 0 0 0 0 0 0 0 0 0 0 0 0 0 0 0 0 0 0 0 0 0 0 0 0 9 44 0 51 0 -42 0 0 0 0 0 0 0 0 0 2 0 63 0 0 0 0 0 -1 488 0 0 8 0 0 0 0 0 -104 0 0 0 0 0 0 0 0 0 0 0 0 0 0 0 0 0 0 0 0 0 0 0 0 0 0 0 0 0 0 0 0 0 0 0 0 0 0 0 0 2 0 0 0 0 0
0 0 0 0 0 0 187 0 0 0 0 0 0 0 0 0 0 0 0 0 0 0 0 0 0 0 0 0 0 0 0 0 0 0 0 0 0 0 0 0 0 0 0 0 0 0 0 0 0 0 0 0 0 0 0 0 0 0 0 0 0 0 0 0 0 0 0 0 0 0 0 0 0 0 0 0 0 0 0 0 0 0 0 0 0 0 0 0 0 0 0 0 0 0 0 0 0 0 0 0 0 0 0 0 0 0 0 0 0 0 0 0 0 0 0 0 0 0 0 0 0 0 0 0 0 0 0 0 0 0 0 0 0 0 0 0 0 0 0 0 0 0 0 0 0 0 0 0 0 0 0 0 0 0 0 0 0 0 0 0
0 0 0 0 0 0 0 37 0 0 0 0 0 0 0 0 0 0 0 0 0 0 0 0 0 0 0 0 0 0 0 0 0 0 0 0 0 4 0 0 0 0 0 0 0 0 0 0 0 0 0 0 0 0 0 0 0 0 0 0 1 0 0 0 0 0 0 0 0 0 0 0 -156 0 0 0 0 0 0 0 0 0 1 0 -3 0 0 0 0 1 0 0 0 0 0 0 0 0 0 0 0 0 0 0 0 0 0 0 0 0 0 0 0 0 0 0 0 0 0 0 1 0 0 0 0 0 0 0 0 0 0 0 0 0 0 0 0 0 0 0 0 0 0 0 0 0 0 0 0 0 0 0 0 0 0 0 0 0 1 0
0 0 0 0 0 -15 0 0 23 0 -14 2 4 0 0 0 0 14 0 0 10 -5 0 0 0 14 0 -285 0 0 0 0 -14 0 0 0 0 -3 0 0 0 0 0 -1 0 -7 0 0 4 0 0 6 71 434 0 0 0 0 0 0 0 10 0 0 0 0 0 -132 0 0 0 0 0 0 0 0 0 0 0 0 -3 -16 0 75 -3 18 0 0 0 0 0 -2 0 0 0 0 0 4 0 0 -17 0 0 0 16 0 11 -5 0 0 0 0 0 44 0 0 0 0 0 0 0 0 0 0 0 1 -6 0 0 0 0 0 0 6 -7 0 -16 40 0 0 0 0 -192 0 0 0 0 0 0 0 0 1 0 0 0 0 0 -2 0 0
0 0 0 0 0 0 0 0 0 -279 0 0 0 0 0 0 0 0 0 0 0 0 -2 0 0 0 0 0 0 33 0 0 0 0 230 0 0 0 85 0 0 0 0 -54 0 0 0 0 0 -6 0 0 0 0 0 0 0 0 0 0 0 0 0 0 0 4 0 0 0 37 18 0 0 0 0 0 0 0 11 156 0 0 0 0 0 14 0 0 0 0 0 0 167 0 0 129 10 0 0 0 0 0 0 0 0 0 0 0 0 0 0 0 0 -5 0 0 0 26 -2 0 0 0 0 0 0 4 0 0 0 0 0 77 0 0 0 -2 -1 0 0 38 0 33 0 0 -16 0 83 131 80 0 0 -1 0 0 0 0 0 0 0 0
0 0 0 0 0 0 0 0 -14 0 642 14 58 0 0 0 0 0 0 0 -8 0 -4 0 0 -44 0 0 0 0 0 0 0 0 0 0 0 0 0 0 0 0 0 0 0 0 0 0 0 0 0 0 0 0 0 0 0 0 0 0 0 0 0 0 0 0 -153 0 0 0 0 0 0 0 0 0 0 0 0 0 0 0 0 -145 0 0 0 0 0 0 0 -22 0 0 0 0 0 57 0 0 0 0 0 0 0 0 0 0 0 0 0 0 0 0 0 0 0 0 0 0 0 0 0 0 0 0 -16 0 0 0 0 0 0 55 0 0 0 0 0 0 0 0 0 0 0 0 0 0 0 0 0 6 0 0 0 0 0 0 0 0
0 0 0 0 0 0 0 0 2 0 14 618 -5 0 0 0 0 0 0 0 -22 0 -12 0 0 -12 0 0 0 0 0 0 0 0 0 0 0 0 0 0 0 0 0 0 0 0 0 0 0 0 0 0 0 0 0 0 0 0 0 0 0 0 0 0 0 0 0 0 0 0 0 0 0 0 0 0 0 0 0 0 0 0 0 14 0 0 0 0 0 0 0 -62 0 0 0 0 0 -5 0 0 0 0 0 0 0 0 0 0 0 0 0 0 0 0 0 0 0 0 0 0 0 0 0 0 0 0 -45 0 0 0 0 0 0 -333 0 0 0 0 0 0 0 0 0 0 0 0 0 0 0 0 0 16 0 0 0 0 0 0 0 0
0 0 0 0 0 63 0 0 4 0 58 -5 467 0 0 0 0 -89 0 0 5 0 2 0 0 -54 0 -35 0 0 0 0 60 0 0 0 0 0 0 0 0 0 0 6 0 0 0 0 1 0 0 -21 -281 55 0 0 0 0 0 0 0 2 0 0 0 0 0 -16 0 0 0 0 0 0 0 0 0 0 0 0 14 67 0 -297 0 -64 0 0 0 0 0 9 0 0 0 3 0 -471 0 0 -2 0 0 0 -63 0 2 24 0 0 0 0 0 -159 0 0 0 0 0 0 0 0 0 0 0 0 6 0 0 0 0 0 0 -21 0 0 -2 5 0 0 0 0 -24 0 0 0 0 0 0 0 0 -2 0 0 0 0 0 0 0 0
0 0 0 0 0 0 0 0 0 0 0 0 0 675 0 0 0 0 0 0 0 0 0 0 0 0 0 0 0 0 0 0 0 0 0 0 0 0 0 0 0 0 0 0 0 0 0 0 0 0 0 0 0 0 0 0 0 0 0 0 0 0 0 0 0 0 0 0 0 0 0 0 0 0 0 0 0 0 0 0 0 0 0 0 0 0 0 0 0 0 0 0 0 0 0 0 0 0 0 0 0 0 0 0 0 0 0 0 0 0 0 0 0 0 0 0 0 0 0 0 0 0 0 0 0 0 0 0 0 0 0 0 0 0 0 0 0 0 0 0 0 0 0 0 0 0 0 0 0 0 0 0 0 0 0 0 0 0 0 0
0 0 0 0 0 0 0 0 0 0 0 0 0 0 798 0 0 0 0 0 0 0 0 0 0 0 0 0 0 0 0 0 0 0 0 0 0 0 0 0 0 0 0 0 0 0 60 0 0 0 0 0 0 0 0 0 0 0 0 0 0 0 0 0 0 0 0 0 0 0 0 0 0 0 0 0 0 0 0 0 0 0 0 0 0 0 0 0 0 0 0 0 0 0 0 0 0 0 0 0 0 0 0 0 0 0 0 0 0 0 0 0 0 0 0 0 0 0 0 0 0 0 0 0 0 0 0 0 0 0 0 0 0 0 0 0 0 0 0 0 0 0 0 0 0 0 0 0 0 0 0 0 0 0 0 0 0 0 0 0
0 0 0 0 0 0 0 0 0 0 0 0 0 0 0 766 0 0 0 0 0 0 0 0 0 0 0 0 0 0 0 0 0 0 0 0 0 0 0 0 0 0 0 0 0 0 0 0 0 0 0 0 0 0 0 0 0 0 0 0 0 0 0 0 0 0 0 0 0 0 0 0 0 0 137 0 0 0 0 0 0 0 0 0 0 0 0 0 0 0 0 0 0 0 0 0 0 0 0 0 0 0 0 0 0 0 0 0 0 0 0 0 0 0 0 0 0 0 0 0 0 0 0 0 0 0 0 0 0 0 0 0 0 0 0 0 0 0 0 0 0 0 0 0 0 0 0 0 0 0 0 0 0 0 0 0 0 0 0 0
0 0 0 0 0 0 0 0 0 0 0 0 0 0 0 0 780 0 0 0 0 0 0 0 0 0 0 0 0 0 0 0 0 0 0 0 0 0 0 0 0 0 0 0 0 0 0 0 0 0 0 0 0 0 0 0 0 0 0 0 0 0 0 0 0 0 0 0 0 0 0 0 0 0 0 0 0 0 0 0 0 0 0 0 0 0 0 0 0 0 0 0 0 0 0 0 0 0 0 0 0 0 0 0 0 0 0 0 0 0 0 0 0 0 0 0 0 0 0 0 0 0 0 0 0 0 0 0 0 0 0 0 0 0 0 0 0 0 0 0 0 0 0 0 0 0 0 0 0 0 0 0 0 0 0 0 0 0 0 0
0 0 0 -43 0 -57 0 0 14 0 0 0 -89 0 0 0 0 -88 0 0 -1 1 0 0 0 0 0 4 0 0 0 0 118 0 0 0 0 1 0 0 0 0 0 -3 0 2 0 0 0 0 0 8 70 -5 -2 0 0 25 0 0 0 -1 0 0 0 0 0 21 0 0 0 0 0 0 0 0 0 0 0 0 9 -41 0 -70 1 23 0 0 0 -29 0 0 0 0 0 -1 0 -88 0 0 3 0 0 0 59 0 0 -5 0 0 0 0 0 57 0 0 0 0 0 0 0 0 0 0 0 1 1 0 0 0 0 0 0 0 2 0 3 -5 0 0 0 0 -15 0 0 0 0 0 1 0 0 0 0 0 0 0 0 -243 0 0
0 0 0 0 0 0 0 0 0 0 0 0 0 0 0 0 0 0 820 0 0 0 0 0 0 0 0 0 0 0 -193 0 0 0 0 0 0 0 0 0 128 0 0 0 0 0 0 0 0 0 0 0 0 0 0 0 0 0 0 0 0 0 0 0 0 0 0 0 0 0 0 0 0 0 0 0 0 0 0 0 0 0 0 0 0 0 0 0 0 0 0 0 0 0 0 0 0 0 0 0 0 0 0 0 0 0 0 0 0 0 0 0 0 0 0 0 0 0 0 0 0 0 0 0 0 0 0 0 0 0 0 0 0 0 0 0 0 0 0 0 0 0 0 0 0 165 0 0 0 0 0 0 0 0 0 0 0 0 0 0
0 0 0 0 0 0 0 0 0 0 0 0 0 0 0 0 0 0 0 735 0 0 0 0 0 0 0 0 0 0 0 0 0 0 0 0 0 0 0 0 0 0 0 0 0 0 0 0 0 0 0 0 0 0 0 0 0 0 0 0 0 0 0 0 0 0 0 0 0 0 0 0 0 0 0 0 0 0 0 0 0 0 0 0 0 0 0 0 0 0 0 0 0 0 0 0 0 0 0 0 0 0 0 0 0 0 0 0 0 0 0 0 0 0 0 0 0 0 0 0 0 0 0 0 0 0 0 0 0 0 0 0 0 0 0 0 0 0 0 0 0 0 0 0 0 0 0 0 0 0 0 0 0 0 0 0 0 0 0 0
33 0 0 0 0 0 0 0 10 0 -8 -22 5 0 0 0 0 -1 0 0 610 1 19 0 0 8 0 -4 0 0 0 -19 0 0 -8 0 0 1 0 0 0 0 0 0 0 9 0 0 0 -2 0 1 0 7 0 0 0 0 31 2 4 0 0 0 0 0 0 2 0 0 0 0 0 0 0 0 21 0 0 0 0 0 0 -8 1 1 0 0 0 0 0 177 0 0 0 0 0 5 0 0 21 37 0 0 0 0 1 0 4 49 0 0 0 1 0 0 0 0 -2 0 0 0 0 0 0 0 -231 0 0 0 0 25 0 -92 5 -2 10 -21 -27 0 17 0 19 0 0 0 0 0 1 0 0 -22 0 0 0 -22 0 0 0 0
0 0 0 0 0 0 0 0 -5 0 0 0 0 0 0 0 0 1 0 0 1 97 0 0 0 0 0 3 0 0 0 0 0 0 0 0 0 66 0 0 0 0 0 0 0 0 0 0 1 0 0 0 0 -3 0 0 0 0 0 0 0 2 0 0 0 0 0 -4 0 0 0 0 0 0 0 0 0 0 0 0 0 0 0 0 82 0 0 0 0 0 0 0 0 0 0 0 0 0 0 0 0 0 0 0 0 0 0 0 0 0 0 0 0 0 0 0 0 0 0 0 0 0 0 0 0 0 0 0 0 0 0 0 0 0 0 0 0 2 0 0 0 0 -9 0 0 0 0 0 0 0 0 0 0 0 0 0 0 1 0 0
0 0 0 0 0 0 0 0 0 -2 -4 -12 2 0 0 0 0 0 0 0 19 0 275 0 0 5 0 -202 0 0 0 186 0 0 0 0 0 0 1 0 0 0 0 0 0 0 0 0 33 0 0 0 0 -133 0 0 0 0 0 -57 -180 0 0 0 -29 -225 0 1 0 0 0 0 0 0 0 0 0 0 0 4 0 0 0 -4 0 0 0 0 0 0 0 52 1 0 0 0 0 2 0 0 0 -339 0 0 0 0 8 0 -179 1 0 0 0 0 0 0 0 0 -94 0 0 17 4 0 0 0 38 -29 0 0 0 0 0 -51 0 -85 0 0 1 0 -119 -54 0 0 0 0 0 0 0 0 0 40 0 0 0 0 51 0 0 0
0 0 0 0 0 0 0 0 0 0 0 0 0 0 0 0 0 0 0 0 0 0 0 951 0 0 0 0 0 0 0 0 0 0 0 0 0 0 0 0 0 0 0 0 0 0 0 0 0 0 0 0 0 0 0 0 0 0 0 0 0 0 0 0 0 0 0 0 0 0 0 0 0 0 0 0 0 0 0 0 0 0 0 0 0 0 0 0 0 0 0 0 0 0 0 0 0 0 0 0 0 0 0 0 0 0 0 0 0 0 0 0 0 0 0 0 0 0 0 0 0 0 0 0 0 0 0 0 0 0 0 0 0 0 0 0 0 0 0 0 0 0 0 0 0 0 0 0 0 0 0 0 0 0 0 0 0 0 0 0
0 0 0 0 0 0 0 0 0 0 0 0 0 0 0 0 0 0 0 0 0 0 0 0 102 0 0 0 0 206 -73 0 0 0 0 0 0 0 0 0 -111 0 0 0 0 0 0 0 0 0 0 0 0 0 0 0 0 0 0 0 0 0 0 0 0 0 0 0 0 0 112 0 0 0 0 0 0 0 67 0 0 0 0 0 0 0 0 0 0 0 0 0 0 0 0 0 0 0 0 0 0 0 0 0 0 0 0 0 0 0 0 0 0 0 0 0 0 -116 0 0 0 0 0 0 0 0 0 0 0 0 0 0 -60 0 0 0 0 0 0 -170 0 0 0 0 0 0 0 0 0 0 0 0 -2 0 0 0 0 0 0 0
0 0 0 0 0 0 0 0 14 0 -44 -12 -54 0 0 0 0 0 0 0 8 0 5 0 0 637 0 0 0 0 0 0 0 0 0 0 0 0 0 0 0 0 0 0 0 0 0 0 0 0 0 0 0 0 0 0 0 0 0 0 0 0 0 0 0 0 -161 0 0 0 0 0 0 0 0 0 0 0 0 0 0 0 0 139 0 0 0 0 0 0 0 22 0 0 0 0 0 -53 0 0 0 0 0 0 0 0 0 0 0 0 0 0 0 0 0 0 0 0 0 0 0 0 0 0 0 0 16 0 0 0 0 0 0 -51 0 0 0 0 0 0 0 0 0 0 0 0 0 0 0 0 0 -5 0 0 0 0 0 0 0 0
0 0 0 0 0 0 0 0 0 0 0 0 0 0 0 0 0 0 0 0 0 0 0 0 0 0 -224 0 0 0 0 0 0 0 0 0 0 0 0 0 0 0 0 0 0 0 0 0 0 0 0 0 0 0 0 0 0 0 0 0 0 0 0 0 0 0 0 0 0 0 0 0 0 0 0 0 0 0 0 0 0 0 0 0 0 0 0 0 0 0 0 0 0 0 0 0 0 0 0 0 0 0 0 0 0 0 0 0 0 0 0 0 0 0 0 0 0 0 0 0 0 0 0 0 0 0 0 0 0 0 0 0 0 0 0 0 0 0 0 0 0 0 0 0 0 0 0 0 0 0 0 0 0 0 0 0 0 0 0 0
0 0 0 0 0 0 0 0 -285 0 0 0 -35 0 0 0 0 4 0 0 -4 3 -202 0 0 0 0 110 0 0 0 0 0 0 0 0 0 0 0 0 0 0 0 0 0 3 0 0 -1 0 0 0 0 276 0 0 0 0 0 38 115 -3 0 0 -48 -2 0 55 0 0 0 0 0 0 0 0 0 0 0 0 0 0 1 0 3 0 0 0 0 1 0 0 0 0 0 0 0 -35 0 0 8 0 1 0 0 0 -4 0 115 0 1 0 0 -1 0 0 0 0 180 0 0 1 0 0 0 0 3 0 0 1 0 0 0 0 4 162 7 -16 0 0 -2 0 79 0 0 0 0 0 1 0 0 -170 0 0 0 0 1 2 0 0
0 0 0 0 0 33 0 0 0 0 0 0 0 0 0 0 0 0 0 0 0 0 0 0 0 0 0 0 731 0 0 0 21 0 0 0 0 0 0 0 0 0 0 0 0 0 0 0 0 0 0 0 19 0 0 0 0 0 0 0 0 0 0 0 0 0 0 0 0 0 0 0 0 0 0 0 0 0 0 0 0 0 0 0 0 0 0 0 0 0 0 0 0 0 0 0 0 0 0 0 0 0 0 -29 -32 0 0 -1 0 0 0 0 0 0 0 0 0 0 0 0 0 0 0 0 0 0 0 0 0 0 0 0 0 0 0 0 0 0 0 0 0 0 0 0 0 0 0 0 0 0 0 0 0 0 55 0 0 0 0 0
0 0 0 0 0 0 0 0 0 33 0 0 0 0 0 0 0 0 0 0 0 0 0 0 206 0 0 0 0 10 0 0 0 0 0 0 0 0 0 0 0 0 0 0 0 0 0 0 0 0 0 -11 0 0 0 0 0 0 0 11 -3 0 0 0 0 0 0 0 0 0 -428 0 0 0 0 0 0 0 -253 0 0 0 0 0 0 0 0 0 0 0 0 0 84 22 0 0 0 0 3 0 0 0 0 0 0 0 0 0 0 0 -8 0 -32 2 0 0 0 -6 0 0 0 0 0 0 0 0 0 0 0 -16 0 0 -181 0 0 0 0 0 0 -9 0 0 0 0 0 0 0 0 0 0 0 0 159 0 0 0 0 0 8 0
0 0 0 0 0 0 0 0 0 0 0 0 0 0 0 0 0 0 -193 0 0 0 0 0 -73 0 0 0 0 0 -278 0 0 0 0 0 0 0 0 0 -312 0 0 0 0 0 0 0 0 0 0 0 0 0 0 0 0 0 0 0 0 0 0 0 0 0 0 0 0 0 0 0 0 0 0 0 0 0 0 0 0 0 0 0 0 0 0 0 0 0 0 0 0 0 0 0 0 0 0 0 0 0 0 0 0 0 0 0 0 0 0 0 0 0 0 0 0 0 0 0 0 0 0 0 0 0 0 0 0 0 0 0 0 0 0 0 0 0 0 0 0 0 0 0 0 -77 0 0 0 0 0 0 96 0 0 0 0 0 0 0
0 0 0 0 0 0 0 0 0 0 0 0 0 0 0 0 0 0 0 0 -19 0 186 0 0 0 0 0 0 0 0 -643 0 114 0 0 0 0 0 0 0 0 0 0 0 0 0 0 0 0 0 0 0 0 0 0 0 0 0 -10 -33 0 0 0 0 0 0 0 0 0 0 0 0 0 0 0 0 0 0 0 0 0 0 0 0 0 0 0 0 0 0 -54 0 0 0 0 0 0 0 0 0 -183 0 0 0 0 0 0 -33 0 0 0 0 0 0 0 0 0 24 0 0 0 0 0 0 0 -39 0 0 0 0 0 0 0 0 22 0 0 0 0 -159 0 0 0 0 0 0 0 0 0 0 -220 0 0 0 0 0 0 0 0
0 0 0 0 0 140 0 0 -14 0 0 0 60 0 0 0 0 118 0 0 0 0 0 0 0 0 0 0 21 0 0 0 -466 0 0 0 0 0 0 0 0 0 0 1 0 0 0 0 0 0 0 29 -41 0 0 0 0 0 0 0 0 0 0 0 0 0 0 0 0 0 0 0 0 0 0 0 0 0 0 0 -17 5 0 48 0 86 0 0 0 0 0 0 0 0 0 1 0 59 0 0 0 0 0 0 -140 0 0 4 0 0 0 0 0 215 0 0 0 0 0 0 0 0 0 0 0 0 0 0 0 0 0 0 0 0 0 0 0 0 0 0 0 0 0 0 0 0 0 0 0 0 0 0 0 0 2 0 0 0 0 0
0 0 0 0 0 0 0 0 0 0 0 0 0 0 0 0 0 0 0 0 0 0 0 0 0 0 0 0 0 0 0 114 0 -742 0 0 0 0 0 0 0 0 0 0 0 0 0 0 0 0 0 0 0 0 0 0 0 0 0 9 26 0 0 0 0 0 0 0 0 0 0 0 0 0 0 0 0 0 0 0 0 0 0 0 0 0 0 0 0 0 0 0 0 0 0 0 0 0 0 0 0 0 0 0 0 0 0 0 26 0 0 0 0 0 0 0 0 0 -18 0 0 0 0 0 0 0 0 0 0 0 0 0 0 0 0 -16 0 0 0 0 123 0 0 0 0 0 0 0 0 0 0 0 0 0 0 0 0 0 0 0
0 0 0 0 0 0 0 0 0 230 0 0 0 0 0 0 0 0 0 0 -8 0 0 0 0 0 0 0 0 0 0 0 0 0 63 0 0 0 0 0 0 0 0 45 0 0 0 6 0 -2 0 0 0 0 0 169 0 0 0 0 0 0 0 0 0 0 0 16 0 0 0 0 0 26 0 0 0 0 0 187 0 0 0 0 0 0 0 0 0 0 0 16 -90 0 0 -106 0 0 0 0 0 0 -4 0 0 0 0 0 0 0 -47 0 0 0 0 0 0 0 0 0 0 0 0 0 0 -2 -16 0 0 45 0 33 0 0 -8 0 -14 44 0 0 0 0 0 0 0 0 -148 -108 -142 0 0 0 0 0 0 0 0 0 42 0
0 0 0 0 0 0 0 0 0 0 0 0 0 0 0 0 0 0 0 0 0 0 0 0 0 0 0 0 0 0 0 0 0 0 0 657 0 0 0 0 0 0 0 0 0 0 0 0 0 0 0 0 0 0 0 0 0 0 0 0 0 0 0 0 0 0 0 0 0 0 0 0 0 0 0 0 0 0 0 0 0 0 0 0 0 0 0 0 0 0 0 0 0 0 0 0 0 0 0 0 0 0 0 0 0 0 0 0 0 0 0 0 0 0 0 0 0 0 0 0 0 0 0 0 0 0 0 0 0 0 0 0 0 0 0 0 0 0 0 0 0 0 0 0 0 0 0 0 0 0 0 0 0 0 0 0 0 0 0 0
0 0 0 0 0 0 0 0 0 0 0 0 0 0 0 0 0 0 0 0 0 0 0 0 0 0 0 0 0 0 0 0 0 0 0 0 -699 0 0 0 0 0 0 0 0 0 0 0 0 0 0 0 0 0 0 0 0 0 0 0 0 0 0 0 0 0 0 0 0 0 0 0 0 0 0 0 0 0 0 0 0 0 0 0 0 0 0 0 0 0 0 0 0 0 0 0 0 0 0 0 0 0 0 0 0 0 0 0 0 0 0 0 0 0 0 0 0 0 0 0 0 0 0 0 0 0 0 0 0 0 0 0 0 0 0 0 0 0 0 0 0 0 0 0 0 0 0 0 0 0 0 0 0 0 0 0 0 0 0 0
0 0 0 0 0 0 0 4 -3 0 0 0 0 0 0 0 0 1 0 0 1 66 0 0 0 0 0 0 0 0 0 0 0 0 0 0 0 49 0 0 0 0 0 0 0 0 0 0 1 0 0 0 0 -1 -2 0 0 0 0 -11 4 1 0 0 0 0 0 -2 0 0 0 0 15 0 0 0 0 0 0 0 0 0 1 0 25 0 0 0 0 1 0 0 0 0 0 0 0 0 0 0 0 0 0 0 0 0 -41 0 0 0 -2 0 0 0 0 0 0 0 0 0 25 0 0 0 0 0 0 0 0 -5 0 0 0 0 0 0 0 1 0 0 0 0 -5 0 0 0 0 0 0 0 0 0 0 0 0 0 0 1 3 0
0 0 0 0 0 0 0 0 0 85 0 0 0 0 0 0 0 0 0 0 0 0 1 0 0 0 0 0 0 0 0 0 0 0 0 0 0 0 236 0 0 0 0 0 0 0 0 0 0 0 0 -7 0 0 0 0 0 0 0 1 1 0 0 0 1 -1 0 0 0 354 0 0 0 0 0 0 0 0 0 -120 0 0 0 0 0 136 0 0 0 0 0 0 -33 0 0 0 95 0 0 0 0 0 0 0 0 0 0 0 1 0 0 0 0 -53 0 0 0 0 1 0 0 1 0 0 0 0 0 0 0 0 0 0 0 0 0 1 0 0 0 0 1 -10 0 0 -166 0 0 0 0 0 0 1 0 0 0 0 1 0 0 0
0 0 0 0 0 0 0 0 0 0 0 0 0 0 0 0 0 0 0 0 0 0 0 0 0 0 0 0 0 0 0 0 0 0 0 0 0 0 0 838 0 0 0 0 0 0 0 0 0 0 0 0 0 0 0 0 0 0 0 0 0 0 0 0 0 0 0 0 0 0 0 0 0 0 0 0 0 0 0 0 0 0 0 0 0 0 0 0 0 0 0 0 0 0 0 0 0 0 0 0 0 0 0 0 0 0 0 0 0 0 0 0 0 0 0 0 0 0 0 0 0 0 0 0 0 0 0 0 0 0 0 0 0 0 0 0 0 0 0 0 0 0 0 0 0 0 0 0 0 0 0 0 0 0 0 0 0 0 0 0
0 0 0 0 0 0 0 0 0 0 0 0 0 0 0 0 0 0 128 0 0 0 0 0 -111 0 0 0 0 0 -312 0 0 0 0 0 0 0 0 0 -547 0 0 0 0 0 0 0 0 0 0 0 0 0 0 0 0 0 0 0 0 0 0 0 0 0 0 0 0 0 0 0 0 0 0 0 0 0 0 0 0 0 0 0 0 0 0 0 0 0 0 0 0 0 0 0 0 0 0 0 0 0 0 0 0 0 0 0 0 0 0 0 0 0 0 0 0 0 0 0 0 0 0 0 0 0 0 0 0 0 0 0 0 0 0 0 0 0 0 0 0 0 0 0 0 51 0 0 0 0 0 0 145 0 0 0 0 0 0 0
0 0 0 0 0 0 0 0 0 0 0 0 0 0 0 0 0 0 0 0 0 0 0 0 0 0 0 0 0 0 0 0 0 0 0 0 0 0 0 0 0 -452 0 0 0 0 0 0 0 0 0 0 0 0 0 0 0 0 0 0 0 0 0 0 0 0 0 0 0 0 0 0 0 0 0 0 0 0 0 0 0 0 0 0 0 0 0 0 0 0 0 0 0 0 0 0 0 0 0 0 0 0 0 0 0 0 0 0 0 0 0 0 0 0 0 0 0 0 0 0 0 0 0 0 0 0 0 0 0 0 0 0 0 0 0 0 0 0 0 0 0 0 0 0 0 0 0 0 0 0 0 0 0 0 0 0 0 0 0 0
0 0 0 0 0 0 0 0 0 0 0 0 0 0 0 0 0 0 0 0 0 0 0 0 0 0 0 0 0 0 0 0 0 0 0 0 0 0 0 0 0 0 614 0 0 0 0 0 0 0 0 -38 0 0 0 0 0 0 0 0 0 0 0 0 0 0 0 0 0 0 0 0 0 0 0 0 0 0 0 0 0 0 0 0 0 0 0 0 0 0 0 0 0 0 0 0 0 0 -232 0 0 0 0 0 0 0 0 0 0 0 0 0 0 6 0 0 0 0 0 0 0 0 0 0 0 0 0 0 0 0 0 0 0 0 0 0 0 0 0 0 0 0 0 0 0 0 0 0 0 0 0 0 0 0 0 0 0 0 0 0
0 0 0 0 0 4 0 0 -1 -54 0 0 6 0 0 0 0 -3 0 0 0 0 0 0 0 0 0 0 0 0 0 0 1 0 45 0 0 0 0 0 0 0 0 826 0 0 0 0 0 -1 0 0 -12 0 0 0 0 0 0 0 0 0 0 0 0 0 0 0 0 0 0 0 0 0 0 0 0 0 0 -43 1 -80 0 5 0 -2 0 0 0 0 0 0 22 0 0 381 0 6 0 0 0 0 0 0 -3 0 0 2 0 0 0 0 0 -6 0 0 0 0 0 0 0 0 0 0 0 -78 0 0 0 0 0 15 0 0 0 0 0 0 0 0 0 0 0 0 0 0 17 -91 16 0 0 0 0 0 0 0 0 0 0 0
0 0 0 0 0 0 0 0 0 0 0 0 0 0 0 0 0 0 0 0 0 0 0 0 0 0 0 0 0 0 0 0 0 0 0 0 0 0 0 0 0 0 0 0 433 0 0 0 0 0 0 0 0 0 0 0 0 0 0 0 0 0 0 0 0 0 0 0 0 0 0 0 0 0 0 0 0 0 0 0 0 0 0 0 0 0 0 0 0 0 0 0 0 0 0 0 0 0 0 0 0 0 0 0 0 0 0 0 0 0 0 0 0 0 0 0 0 0 0 0 0 0 0 0 0 0 0 0 0 0 0 0 0 0 0 0 0 0 0 0 0 0 0 0 0 0 0 0 0 0 0 0 0 0 0 0 0 0 0 0
9 -631 0 0 0 0 0 0 -7 0 0 0 0 0 0 0 0 2 0 0 9 0 0 0 0 0 0 3 0 0 0 0 0 0 0 0 0 0 0 0 0 0 0 0 0 200 0 0 1 0 0 0 0 -4 0 0 0 0 9 0 0 1 0 0 0 0 0 -5 -79 0 0 0 0 0 0 0 6 0 0 0 0 0 0 0 0 0 0 0 0 0 0 0 0 0 0 0 0 0 0 0 210 0 0 0 0 0 0 0 0 14 0 0 0 0 0 0 0 0 0 0 0 0 0 0 0 0 -4 0 0 0 0 0 0 0 0 0 0 2 -7 0 0 0 -12 0 0 0 0 0 0 0 0 0 0 0 0 -6 0 1 0 0
0 0 0 0 0 0 0 0 0 0 0 0 0 0 60 0 0 0 0 0 0 0 0 0 0 0 0 0 0 0 0 0 0 0 0 0 0 0 0 0 0 0 0 0 0 0 597 0 0 0 0 0 0 0 0 0 0 0 0 0 0 0 0 0 0 0 0 0 0 0 0 0 0 0 0 0 0 0 0 0 0 0 0 0 0 0 0 0 0 0 0 0 0 0 0 0 0 0 0 0 0 0 0 0 0 0 0 0 0 0 0 0 0 0 0 0 0 0 0 0 0 0 0 0 0 0 0 0 0 0 0 0 0 0 0 0 0 0 0 0 0 0 0 0 0 0 0 0 0 0 0 0 0 0 0 0 0 0 0 0
0 0 0 0 0 0 0 0 0 0 0 0 0 0 0 0 0 0 0 0 0 0 0 0 0 0 0 0 0 0 0 0 0 0 6 0 0 0 0 0 0 0 0 0 0 0 0 273 0 0 0 0 0 0 0 5 565 0 0 0 0 0 0 0 0 0 0 0 0 0 0 0 0 109 0 0 0 0 0 0 0 0 0 0 0 0 0 0 0 0 0 0 0 0 0 0 0 0 0 0 0 0 5 0 0 0 0 0 0 0 47 0 0 0 0 0 0 0 0 0 0 0 0 0 0 0 0 0 0 -43 0 2 0 0 0 0 1 0 0 0 0 0 0 0 0 0 -8 0 -8 0 0 0 0 0 0 0 0 0 -39 0
0 0 0 0 0 0 0 0 4 0 0 0 1 0 0 0 0 0 0 0 0 1 33 0 0 0 0 -1 0 0 0 0 0 0 0 0 0 1 0 0 0 0 0 0 0 1 0 0 289 0 0 1 0 3 0 0 0 0 0 0 0 0 0 0 -231 0 0 -9 0 0 0 0 0 0 0 0 0 0 0 0 0 0 0 0 1 1 0 0 0 0 0 0 0 0 0 0 0 1 0 0 1 0 0 0 0 0 1 0 0 2 0 0 0 1 0 0 0 0 0 0 0 0 14 0 0 0 1 -132 0 0 0 2 0 0 -1 0 -3 8 4 0 0 0 6 -1 0 0 0 0 0 0 0 28 0 0 0 0 0 0 0 0
0 0 0 0 0 0 0 0 0 -6 0 0 0 0 0 0 0 0 0 0 -2 0 0 0 0 0 0 0 0 0 0 0 0 0 -2 0 0 0 0 0 0 0 0 -1 0 0 0 0 0 -504 0 0 0 0 0 -4 0 0 0 0 0 0 0 0 0 0 0 5 0 0 0 0 0 0 0 0 0 0 0 -5 0 0 0 0 0 0 0 0 0 0 0 4 3 0 0 4 0 0 0 0 0 0 1 0 0 0 0 0 0 0 2 0 0 0 0 0 0 0 0 0 0 0 0 0 0 1 -4 0 0 -1 0 -41 0 0 -2 0 -4 12 0 0 0 0 0 0 0 0 5 4 5 0 0 0 0 0 0 0 0 0 -1 0
0 0 0 0 0 0 0 0 0 0 0 0 0 0 0 0 0 0 0 0 0 0 0 0 0 0 0 0 0 0 0 0 0 0 0 0 0 0 0 0 0 0 0 0 0 0 0 0 0 0 -574 0 0 0 0 0 0 0 0 0 0 0 0 0 0 0 0 0 0 0 0 0 0 0 0 0 0 0 0 0 0 0 0 0 0 0 0 0 0 0 0 0 0 0 0 0 0 0 0 0 0 0 0 0 0 0 0 0 0 0 0 0 0 0 0 0 0 0 0 0 0 0 0 0 0 0 0 0 0 0 0 0 0 0 0 0 0 0 0 0 0 0 0 0 0 0 0 0 0 0 0 0 0 0 0 0 0 0 0 0
0 0 0 3 0 -13 0 0 6 0 0 0 -21 0 0 0 0 8 0 0 1 0 0 0 0 0 0 0 0 -11 0 0 29 0 0 0 0 0 -7 0 0 0 -38 0 0 0 0 0 1 0 0 -214 17 1 1 0 0 -1 0 -94 30 1 0 0 0 0 0 -1 0 -4 17 0 0 0 0 0 0 0 10 2 2 -10 0 -17 0 16 0 0 0 2 0 0 1 -194 0 0 8 -21 152 0 0 0 9 0 15 0 1 -1 0 0 82 0 53 23 0 0 0 0 0 0 0 0 0 0 0 1 0 0 0 153 0 0 0 0 0 0 0 1 0 0 0 0 1 0 5 0 0 0 0 0 0 0 0 0 0 0 0 16 -70 0
0 0 0 0 0 -94 0 0 71 0 0 0 -281 0 0 0 0 70 0 0 0 0 0 0 0 0 0 0 19 0 0 0 -41 0 0 0 0 0 0 0 0 0 0 -12 0 0 0 0 0 0 0 17 303 0 0 0 0 0 0 0 0 0 0 0 0 0 0 0 0 0 0 0 0 0 0 0 0 0 0 0 -10 -154 0 -226 0 51 0 0 0 0 0 0 0 0 0 -5 0 -280 0 0 0 0 0 0 96 0 0 -53 0 0 0 0 0 127 0 0 0 0 0 0 0 0 0 0 0 1 0 0 0 0 0 0 0 0 0 0 0 0 0 0 0 0 0 0 0 0 0 0 0 0 0 0 0 0 2 0 0 0 0 0
0 0 0 0 0 0 0 0 434 0 0 0 55 0 0 0 0 -5 0 0 7 -3 -133 0 0 0 0 276 0 0 0 0 0 0 0 0 0 -1 0 0 0 0 0 0 0 -4 0 0 3 0 0 1 0 -126 0 0 0 0 0 24 74 6 0 0 -32 0 0 -82 0 0 0 0 0 0 0 0 0 0 0 0 0 0 0 0 -2 2 0 0 0 0 0 0 0 0 0 0 0 55 0 0 -10 0 0 0 0 0 -9 0 74 0 0 0 0 3 0 0 0 0 121 0 0 0 0 0 0 0 -3 0 0 0 0 0 0 0 -4 108 -10 25 0 0 0 0 -119 0 0 0 0 0 0 0 0 -112 0 0 0 0 0 -1 0 0
0 0 0 -39 0 0 0 0 0 0 0 0 0 0 0 0 0 -2 0 0 0 0 0 0 0 0 0 0 0 0 0 0 0 0 0 0 0 -2 0 0 0 0 0 0 0 0 0 0 0 0 0 1 0 0 -20 0 0 22 0 -1 1 0 0 0 0 0 0 0 0 0 0 0 0 0 0 0 0 0 0 0 0 0 -141 0 3 1 0 0 0 21 0 0 0 0 0 0 0 0 0 0 0 0 0 0 0 0 -4 0 0 0 0 0 0 2 0 0 0 0 0 0 0 0 0 0 0 0 0 0 0 0 0 0 0 0 0 0 0 0 0 0 0 0 0 0 0 0 0 0 0 0 0 0 0 0 0 0 0 11 1 0
0 0 0 0 0 0 0 0 0 0 0 0 0 0 0 0 0 0 0 0 0 0 0 0 0 0 0 0 0 0 0 0 0 0 169 0 0 0 0 0 0 0 0 0 0 0 0 5 0 -4 0 0 0 0 0 -732 0 0 0 0 0 0 0 0 0 0 0 0 0 0 0 0 0 19 0 0 0 0 0 0 0 0 0 0 0 0 0 0 0 0 0 0 0 0 0 0 0 0 0 0 0 0 -3 0 0 0 0 0 0 0 -34 0 0 0 0 0 0 0 0 0 0 0 0 0 0 0 0 0 0 33 0 57 0 0 0 0 7 0 0 0 0 0 0 0 0 0 -271 0 -259 0 0 0 0 0 0 0 0 0 31 0
0 0 0 0 0 0 0 0 0 0 0 0 0 0 0 0 0 0 0 0 0 0 0 0 0 0 0 0 0 0 0 0 0 0 0 0 0 0 0 0 0 0 0 0 0 0 0 565 0 0 0 0 0 0 0 0 -3 0 0 0 0 0 0 0 0 0 0 0 0 0 0 0 0 -120 0 0 0 0 0 0 0 0 0 0 0 0 0 0 0 0 0 0 0 0 0 0 0 0 0 0 0 0 0 0 0 0 0 0 0 0 0 0 0 0 0 0 0 0 0 0 0 0 0 0 0 0 0 0 0 0 0 0 0 0 0 0 0 0 0 0 0 0 0 0 0 0 0 0 0 0 0 0 0 0 0 0 0 0 0 0
0 0 0 420 0 0 0 0 0 0 0 0 0 0 0 0 0 25 0 0 0 0 0 0 0 0 0 0 0 0 0 0 0 0 0 0 0 0 0 0 0 0 0 0 0 0 0 0 0 0 0 -1 0 0 22 0 0 343 0 0 0 0 0 0 0 0 0 0 0 0 0 0 0 0 0 0 0 0 0 0 0 0 0 0 0 -4 0 0 0 269 0 0 0 0 0 0 0 0 0 0 0 0 0 0 0 0 0 0 0 0 0 0 0 -11 0 0 0 0 0 0 0 0 0 0 0 0 0 0 0 0 0 0 0 0 0 0 0 0 0 0 0 0 0 0 0 0 0 0 0 0 0 0 0 0 0 0 0 -106 0 0
194 0 0 0 0 0 0 0 0 0 0 0 0 0 0 0 0 0 0 0 31 0 0 0 0 0 0 0 0 0 0 0 0 0 0 0 0 0 0 0 0 0 0 0 0 9 0 0 0 0 0 0 0 0 0 0 0 0 22 0 0 0 0 0 0 0 0 0 0 0 0 0 0 0 0 0 404 0 0 0 0 0 0 0 0 0 0 0 0 0 0 0 0 0 0 0 0 0 0 0 20 0 0 17 0 0 0 0 0 -222 0 0 0 0 0 0 0 -28 0 0 0 0 0 0 0 0 -15 0 0 0 0 0 0 0 0 0 0 0 124 20 0 0 0 0 0 0 0 0 0 0 0 0 0 0 9 -173 0 0 0 0
0 0 0 0 0 0 0 0 0 0 0 0 0 0 0 0 0 0 0 0 2 0 -57 0 0 0 0 38 0 11 0 -10 0 9 0 0 0 -11 1 0 0 0 0 0 0 0 0 0 0 0 0 -94 0 24 -1 0 0 0 0 -242 -319 0 0 0 -11 205 0 0 0 0 -14 0 0 0 0 0 0 0 -8 1 0 0 1 0 9 0 0 0 0 1 0 3 1 98 0 0 0 0 16 0 0 10 -8 0 0 0 60 0 -156 0 -77 0 -46 13 0 0 0 0 208 0 -5 -14 0 0 0 0 3 0 0 -146 0 0 0 0 0 187 0 0 0 0 126 -1 0 0 0 0 0 0 0 0 0 -27 0 0 0 0 -46 0 68 0
0 0 0 0 0 0 0 1 0 0 0 0 0 0 0 0 0 0 0 0 4 0 -180 0 0 0 0 115 0 -3 0 -33 0 26 0 0 0 4 1 0 0 0 0 0 0 0 0 0 0 0 0 30 0 74 1 0 0 0 0 -319 -194 0 0 0 -35 -9 0 0 0 0 5 0 1 0 0 0 0 0 3 1 0 0 0 0 -2 0 0 0 0 0 0 10 1 -30 0 0 0 0 -5 0 0 32 -4 0 0 0 81 0 371 0 -41 0 15 -3 0 0 0 0 40 0 2 1 0 0 0 0 7 0 0 -78 0 0 0 0 0 36 0 0 0 0 -148 -4 0 0 0 0 0 0 0 0 0 -86 0 0 0 0 3 0 37 0
0 0 0 0 0 0 0 0 10 0 0 0 2 0 0 0 0 -1 0 0 0 2 0 0 0 0 0 -3 0 0 0 0 0 0 0 0 0 1 0 0 0 0 0 0 0 1 0 0 0 0 0 1 0 6 0 0 0 0 0 0 0 -261 0 0 0 0 0 8 0 0 0 0 0 0 0 0 0 0 0 0 0 0 0 0 1 1 0 0 0 0 0 0 0 0 0 0 0 2 0 0 2 0 0 0 0 0 1 0 0 0 0 0 0 1 0 0 0 0 0 0 0 0 0 0 0 0 1 0 0 0 0 0 0 0 1 0 1 -2 0 0 0 0 17 0 0 0 0 0 1 0 0 0 0 0 0 0 0 0 0 0
0 0 0 0 0 0 0 0 0 0 0 0 0 0 0 0 0 0 0 0 0 0 0 0 0 0 0 0 0 0 0 0 0 0 0 0 0 0 0 0 0 0 0 0 0 0 0 0 0 0 0 0 0 0 0 0 0 0 0 0 0 0 125 0 0 0 0 0 0 0 0 0 0 0 0 0 0 0 0 0 0 0 0 0 0 0 0 0 0 0 0 0 0 0 0 0 0 0 0 0 0 0 0 0 0 0 0 0 0 0 0 0 0 0 0 0 0 0 0 0 0 0 0 0 0 0 0 0 0 0 0 0 0 0 0 0 0 0 0 0 0 0 0 0 0 0 0 0 0 0 0 0 0 0 0 0 0 0 0 0
0 0 0 0 0 0 0 0 0 0 0 0 0 0 0 0 0 0 0 0 0 0 0 0 0 0 0 0 0 0 0 0 0 0 0 0 0 0 0 0 0 0 0 0 0 0 0 0 0 0 0 0 0 0 0 0 0 0 0 0 0 0 0 -417 0 0 0 0 0 0 0 0 0 0 0 0 0 0 0 0 0 0 0 0 0 0 0 0 0 0 0 0 0 0 0 0 0 0 0 0 0 0 0 0 0 0 0 0 0 0 0 0 0 0 0 0 31 0 0 0 0 0 0 0 0 0 0 0 0 0 0 0 0 0 0 0 0 0 0 0 0 0 0 0 0 0 0 0 0 0 0 0 0 0 0 0 0 0 0 183
0 0 0 0 0 0 0 0 0 0 0 0 0 0 0 0 0 0 0 0 0 0 -29 0 0 0 0 -48 0 0 0 0 0 0 0 0 0 0 1 0 0 0 0 0 0 0 0 0 -231 0 0 0 0 -32 0 0 0 0 0 -11 -35 0 0 0 511 -54 0 -5 0 0 0 0 0 0 0 0 0 0 0 1 0 0 0 0 0 0 0 0 0 0 0 0 1 0 0 0 0 0 0 0 0 0 0 0 0 0 2 0 -35 -2 0 0 0 0 0 0 0 0 -28 0 0 4 -21 0 0 0 0 208 0 0 0 0 0 0 0 -25 0 0 -4 0 9 -13 0 3 0 0 0 0 0 0 0 -24 0 0 0 0 13 0 0 0
0 0 0 0 0 0 0 0 0 4 0 0 0 0 0 0 0 0 0 0 0 0 -225 0 0 0 0 -2 0 0 0 0 0 0 0 0 0 0 -1 0 0 0 0 0 0 0 0 0 0 0 0 0 0 0 0 0 0 0 0 205 -9 0 0 0 -54 465 0 0 0 0 0 0 0 0 0 0 0 0 0 -5 0 0 0 0 0 0 0 0 0 0 0 0 -1 0 0 0 0 0 0 0 0 0 5 0 0 0 -71 0 50 0 46 0 0 0 0 0 0 0 -280 0 0 -46 0 0 0 0 0 0 0 86 0 0 0 0 0 -252 0 0 0 0 -96 89 0 0 0 0 0 0 0 0 0 -189 0 0 0 0 -146 0 -39 0
0 0 0 0 0 0 0 0 0 0 -153 0 0 0 0 0 0 0 0 0 0 0 0 0 0 -161 0 0 0 0 0 0 0 0 0 0 0 0 0 0 0 0 0 0 0 0 0 0 0 0 0 0 0 0 0 0 0 0 0 0 0 0 0 0 0 0 141 0 0 0 0 0 0 0 0 0 0 0 0 0 0 0 0 0 0 0 0 0 0 0 0 0 0 0 0 0 0 0 0 0 0 0 0 0 0 0 0 0 0 0 0 0 0 0 0 0 0 0 0 0 0 0 0 0 0 0 0 0 0 0 0 0 0 0 0 0 0 0 0 0 0 0 0 0 0 0 0 0 0 0 0 0 0 0 0 0 0 0 0 0
0 0 0 0 0 0 0 0 -132 0 0 0 -16 0 0 0 0 21 0 0 2 -4 1 0 0 0 0 55 0 0 0 0 0 0 16 0 0 -2 0 0 0 0 0 0 0 -5 0 0 -9 5 0 -1 0 -82 0 0 0 0 0 0 0 8 0 0 -5 0 0 662 0 0 0 0 0 0 0 0 0 0 0 0 0 0 0 0 -2 -3 0 0 0 0 0 13 0 0 0 0 0 -16 0 0 -13 0 0 0 0 0 -1 0 0 1 0 0 0 -9 0 0 0 0 0 0 0 0 1 0 0 0 -17 -3 0 0 0 -46 0 0 57 0 128 -298 1 0 0 0 -233 0 0 0 0 0 4 0 0 1 0 0 0 0 0 6 0 0
0 159 0 0 0 0 0 0 0 0 0 0 0 0 0 0 0 0 0 0 0 0 0 0 0 0 0 0 0 0 0 0 0 0 0 0 0 0 0 0 0 0 0 0 0 -79 0 0 0 0 0 0 0 0 0 0 0 0 0 0 0 0 0 0 0 0 0 0 -791 0 0 0 0 0 0 0 0 0 0 0 0 0 0 0 0 0 0 0 0 0 0 0 0 0 0 0 0 0 0 0 34 0 0 0 0 0 0 0 0 0 0 0 0 0 0 0 0 0 0 0 0 0 0 0 0 0 0 0 0 0 0 0 0 0 0 0 0 0 0 0 0 0 0 0 0 0 0 0 0 0 0 0 0 0 0 0 0 0 0 0
0 0 0 0 0 0 0 0 0 37 0 0 0 0 0 0 0 0 0 0 0 0 0 0 0 0 0 0 0 0 0 0 0 0 0 0 0 0 354 0 0 0 0 0 0 0 0 0 0 0 0 -4 0 0 0 0 0 0 0 0 0 0 0 0 0 0 0 0 0 -75 0 0 0 0 0 0 0 0 0 -51 0 0 0 0 0 94 0 0 0 0 0 0 -14 0 0 0 -374 0 0 0 0 0 0 0 0 0 0 0 0 0 0 0 0 -36 0 0 0 0 0 0 0 0 0 0 0 0 0 0 0 0 0 0 0 0 0 0 0 0 0 0 0 0 0 0 -114 0 0 0 0 0 0 0 0 0 0 0 0 0 0 0
0 0 0 0 0 0 0 0 0 18 0 0 0 0 0 0 0 0 0 0 0 0 0 0 112 0 0 0 0 -428 0 0 0 0 0 0 0 0 0 0 0 0 0 0 0 0 0 0 0 0 0 17 0 0 0 0 0 0 0 -14 5 0 0 0 0 0 0 0 0 0 570 0 0 0 0 0 0 0 -154 0 0 0 0 0 0 0 0 0 0 0 0 0 46 -29 0 0 0 0 -2 0 0 0 2 0 0 0 0 0 0 0 13 0 45 -2 0 0 0 -3 0 0 0 0 0 0 0 0 0 0 0 23 0 0 -99 0 0 0 0 0 0 -5 0 0 0 0 0 0 0 0 0 0 0 0 87 0 0 0 0 0 -10 0
0 0 0 0 0 0 0 0 0 0 0 0 0 0 0 0 0 0 0 0 0 0 0 0 0 0 0 0 0 0 0 0 0 0 0 0 0 0 0 0 0 0 0 0 0 0 0 0 0 0 0 0 0 0 0 0 0 0 0 0 0 0 0 0 0 0 0 0 0 0 0 -865 0 0 0 0 0 0 0 0 0 0 0 0 0 0 0 0 0 0 0 0 0 0 0 0 0 0 0 0 0 0 0 0 0 0 0 0 0 0 0 0 0 0 0 0 0 0 0 0 0 0 0 0 0 0 0 0 0 0 0 0 0 0 0 0 0 0 0 0 0 0 0 0 0 0 0 0 0 0 0 0 0 0 0 0 0 0 0 0
0 0 0 0 0 0 0 -156 0 0 0 0 0 0 0 0 0 0 0 0 0 0 0 0 0 0 0 0 0 0 0 0 0 0 0 0 0 15 0 0 0 0 0 0 0 0 0 0 0 0 0 0 0 0 0 0 0 0 0 0 1 0 0 0 0 0 0 0 0 0 0 0 -486 0 0 0 0 0 0 0 0 0 1 0 -11 0 0 0 0 1 0 0 0 0 0 0 0 0 0 0 0 0 0 0 0 0 -1 0 0 0 0 0 0 0 0 0 0 0 0 0 2 0 0 0 0 0 0 0 0 0 0 0 0 0 0 0 0 0 0 0 0 0 0 0 0 0 0 0 0 0 0 0 0 0 0 0 0 0 1 0
0 0 0 0 0 0 0 0 0 0 0 0 0 0 0 0 0 0 0 0 0 0 0 0 0 0 0 0 0 0 0 0 0 0 26 0 0 0 0 0 0 0 0 0 0 0 0 109 0 0 0 0 0 0 0 19 -120 0 0 0 0 0 0 0 0 0 0 0 0 0 0 0 0 760 0 0 0 0 0 0 0 0 0 0 0 0 0 0 0 0 0 0 0 0 0 0 0 0 0 0 0 0 23 0 0 0 0 0 0 0 216 0 0 0 0 0 0 0 0 0 0 0 0 0 0 0 0 0 0 -201 0 9 0 0 0 0 1 0 0 0 0 0 0 0 0 0 -41 0 -39 0 0 0 0 0 0 0 0 0 -186 0
0 0 0 0 0 0 0 0 0 0 0 0 0 0 0 137 0 0 0 0 0 0 0 0 0 0 0 0 0 0 0 0 0 0 0 0 0 0 0 0 0 0 0 0 0 0 0 0 0 0 0 0 0 0 0 0 0 0 0 0 0 0 0 0 0 0 0 0 0 0 0 0 0 0 747 0 0 0 0 0 0 0 0 0 0 0 0 0 0 0 0 0 0 0 0 0 0 0 0 0 0 0 0 0 0 0 0 0 0 0 0 0 0 0 0 0 0 0 0 0 0 0 0 0 0 0 0 0 0 0 0 0 0 0 0 0 0 0 0 0 0 0 0 0 0 0 0 0 0 0 0 0 0 0 0 0 0 0 0 0
0 0 0 0 0 0 0 0 0 0 0 0 0 0 0 0 0 0 0 0 0 0 0 0 0 0 0 0 0 0 0 0 0 0 0 0 0 0 0 0 0 0 0 0 0 0 0 0 0 0 0 0 0 0 0 0 0 0 0 0 0 0 0 0 0 0 0 0 0 0 0 0 0 0 0 -950 0 0 0 0 0 0 0 0 0 0 0 0 0 0 0 0 0 0 0 0 0 0 0 0 0 0 157 0 0 0 0 0 0 0 -9 0 0 0 0 0 0 0 0 0 0 0 0 0 0 0 0 0 0 0 0 0 0 0 0 0 0 0 0 0 0 0 0 0 0 0 0 0 0 0 0 0 0 0 0 0 0 0 9 0
128 0 0 0 0 0 0 0 0 0 0 0 0 0 0 0 0 0 0 0 21 0 0 0 0 0 0 0 0 0 0 0 0 0 0 0 0 0 0 0 0 0 0 0 0 6 0 0 0 0 0 0 0 0 0 0 0 0 404 0 0 0 0 0 0 0 0 0 0 0 0 0 0 0 0 0 -526 0 0 0 0 0 0 0 0 0 0 0 0 0 0 0 0 0 0 0 0 0 0 0 14 0 0 11 0 0 0 0 0 -146 0 0 0 0 0 0 0 66 0 0 0 0 0 0 0 0 -10 0 0 0 0 0 0 0 0 0 0 0 82 -44 0 0 0 0 0 0 0 0 0 0 0 0 0 0 6 -298 0 0 0 0
0 0 0 0 0 0 0 0 0 0 0 0 0 0 0 0 0 0 0 0 0 0 0 0 0 0 0 0 0 0 0 0 0 0 0 0 0 0 0 0 0 0 0 0 0 0 0 0 0 0 0 0 0 0 0 0 0 0 0 0 0 0 0 0 0 0 0 0 0 0 0 0 0 0 0 0 0 198 0 0 0 0 0 0 0 0 0 0 0 0 0 0 0 0 0 0 0 0 0 0 0 0 0 0 0 0 0 0 0 0 0 0 0 0 0 0 0 0 0 0 0 0 0 0 0 0 0 0 0 0 0 0 0 0 0 0 0 0 0 0 0 0 0 0 0 0 0 0 0 0 0 0 0 0 0 0 0 0 0 0
0 0 0 0 0 0 0 0 0 11 0 0 0 0 0 0 0 0 0 0 0 0 0 0 67 0 0 0 0 -253 0 0 0 0 0 0 0 0 0 0 0 0 0 0 0 0 0 0 0 0 0 10 0 0 0 0 0 0 0 -8 3 0 0 0 0 0 0 0 0 0 -154 0 0 0 0 0 0 0 739 0 0 0 0 0 0 0 0 0 0 0 0 0 27 -17 0 0 0 0 -1 0 0 0 1 0 0 0 0 0 0 0 8 0 27 -1 0 0 0 -2 0 0 0 0 0 0 0 0 0 0 0 14 0 0 -58 0 0 0 0 0 0 -3 0 0 0 0 0 0 0 0 0 0 0 0 52 0 0 0 0 0 -6 0
0 0 0 0 0 0 0 0 0 156 0 0 0 0 0 0 0 0 0 0 0 0 4 0 0 0 0 0 0 0 0 0 0 0 187 0 0 0 -120 0 0 0 0 -43 0 0 0 0 0 -5 0 2 0 0 0 0 0 0 0 1 1 0 0 0 1 -5 0 0 0 -51 0 0 0 0 0 0 0 0 0 -440 0 0 0 0 0 -19 0 0 0 0 0 0 -60 0 0 104 -13 0 0 0 0 0 0 0 0 0 0 0 1 0 0 0 0 8 0 0 0 0 4 0 0 1 0 0 0 3 0 0 0 0 0 63 0 0 0 3 -1 0 0 0 1 -45 0 0 25 0 68 106 65 0 0 3 0 0 0 0 2 0 0 0
0 0 0 0 0 9 0 0 -3 0 0 0 14 0 0 0 0 9 0 0 0 0 0 0 0 0 0 0 0 0 0 0 -17 0 0 0 0 0 0 0 0 0 0 1 0 0 0 0 0 0 0 2 -10 0 0 0 0 0 0 0 0 0 0 0 0 0 0 0 0 0 0 0 0 0 0 0 0 0 0 0 292 7 0 11 0 6 0 0 0 0 0 0 0 0 0 1 0 14 0 0 0 0 0 0 -8 0 0 1 0 0 0 0 0 15 0 0 0 0 0 0 0 0 0 0 0 0 0 0 0 0 0 0 0 0 0 0 0 0 0 0 0 0 0 0 0 0 0 0 0 0 0 0 0 0 0 0 0 0 0 0
0 0 0 0 0 44 0 0 -16 0 0 0 67 0 0 0 0 -41 0 0 0 0 0 0 0 0 0 0 0 0 0 0 5 0 0 0 0 0 0 0 0 0 0 -80 0 0 0 0 0 0 0 -10 -154 0 0 0 0 0 0 0 0 0 0 0 0 0 0 0 0 0 0 0 0 0 0 0 0 0 0 0 7 9 0 54 0 -30 0 0 0 0 0 0 0 0 0 -34 0 66 0 0 0 0 0 0 -43 0 0 14 0 0 0 0 0 -75 0 0 0 0 0 0 0 0 0 0 0 6 0 0 0 0 0 0 0 0 0 0 0 0 0 0 0 0 0 0 0 0 0 0 0 0 0 0 0 0 0 0 0 0 0 0
0 0 0 0 0 0 0 1 0 0 0 0 0 0 0 0 0 0 0 0 0 0 0 0 0 0 0 1 0 0 0 0 0 0 0 0 0 1 0 0 0 0 0 0 0 0 0 0 0 0 0 0 0 0 -141 0 0 0 0 1 0 0 0 0 0 0 0 0 0 0 0 0 1 0 0 0 0 0 0 0 0 0 -901 0 0 0 0 0 0 12 0 0 0 0 0 0 0 0 0 0 0 0 1 0 0 0 1 0 0 0 1 0 0 0 0 0 0 0 0 0 0 0 0 0 0 0 0 0 0 1 0 0 0 0 0 0 0 0 0 0 0 0 0 0 0 0 0 0 0 0 0 0 0 0 0 0 0 0 0 0
0 0 0 0 0 51 0 0 75 0 -145 14 -297 0 0 0 0 -70 0 0 -8 0 -4 0 0 139 0 0 0 0 0 0 48 0 0 0 0 0 0 0 0 0 0 5 0 0 0 0 0 0 0 -17 -226 0 0 0 0 0 0 0 0 0 0 0 0 0 0 0 0 0 0 0 0 0 0 0 0 0 0 0 11 54 0 517 0 -51 0 0 0 0 0 -22 0 0 0 2 0 -296 0 0 0 0 0 0 -50 0 0 20 0 0 0 0 0 -128 0 0 0 0 0 0 0 0 0 0 0 0 -16 0 0 0 0 0 0 56 0 0 0 0 0 0 0 0 0 0 0 0 0 0 0 0 0 6 0 0 0 0 0 0 0 0
0 0 0 0 0 0 0 -3 -3 0 0 0 0 0 0 0 0 1 0 0 1 82 0 0 0 0 0 3 0 0 0 0 0 0 0 0 0 25 0 0 0 0 0 0 0 0 0 0 1 0 0 0 0 -2 3 0 0 0 0 9 -2 1 0 0 0 0 0 -2 0 0 0 0 -11 0 0 0 0 0 0 0 0 0 0 0 60 0 0 0 0 0 0 0 0 0 0 0 0 0 0 0 0 0 1 0 0 0 34 0 0 0 3 0 0 0 0 0 0 0 0 0 -19 0 0 0 0 0 0 0 0 5 0 0 0 0 0 0 0 1 0 0 0 0 -6 0 0 0 0 0 0 0 0 0 0 0 0 0 0 1 -1 0
0 0 0 9 0 -42 0 0 18 14 0 0 -64 0 0 0 0 23 0 0 1 0 0 0 0 0 0 0 0 0 0 0 86 0 0 0 0 0 136 0 0 0 0 -2 0 0 0 0 1 0 0 16 51 2 1 0 0 -4 0 0 0 1 0 0 0 0 0 -3 0 94 0 0 0 0 0 0 0 0 0 -19 6 -30 0 -51 0 -292 0 0 0 6 0 0 -5 0 0 -1 -143 -63 0 0 0 0 0 0 43 0 1 -4 0 0 0 0 0 116 0 0 0 0 0 0 0 0 0 0 0 1 0 0 0 0 0 0 0 0 0 0 0 2 0 0 0 0 3 0 -94 0 0 0 0 0 0 0 0 0 0 0 0 46 0 0
0 0 0 0 0 0 0 0 0 0 0 0 0 0 0 0 0 0 0 0 0 0 0 0 0 0 0 0 0 0 0 0 0 0 0 0 0 0 0 0 0 0 0 0 0 0 0 0 0 0 0 0 0 0 0 0 0 0 0 0 0 0 0 0 0 0 0 0 0 0 0 0 0 0 0 0 0 0 0 0 0 0 0 0 0 0 702 0 0 0 0 0 0 0 0 0 0 0 0 0 0 0 0 0 0 0 0 0 0 0 0 0 0 0 0 0 0 0 0 0 0 0 0 0 0 0 0 0 0 0 0 0 0 0 0 0 3 0 0 0 0 0 0 0 0 0 91 0 -94 0 0 0 0 0 0 0 0 0 0 0
0 0 0 0 0 0 0 0 0 0 0 0 0 0 0 0 0 0 0 0 0 0 0 0 0 0 0 0 0 0 0 0 0 0 0 0 0 0 0 0 0 0 0 0 0 0 0 0 0 0 0 0 0 0 0 0 0 0 0 0 0 0 0 0 0 0 0 0 0 0 0 0 0 0 0 0 0 0 0 0 0 0 0 0 0 0 0 827 0 0 0 0 0 0 0 0 0 0 0 0 0 0 0 0 0 0 0 0 0 0 0 0 0 0 0 0 0 0 0 0 0 0 0 0 0 0 0 0 0 0 0 0 0 0 0 0 0 0 0 0 0 0 0 0 0 0 0 0 0 0 0 0 0 0 0 0 0 0 0 0
0 0 0 0 0 0 0 0 0 0 0 0 0 0 0 0 0 0 0 0 0 0 0 0 0 0 0 0 0 0 0 0 0 0 0 0 0 0 0 0 0 0 0 0 0 0 0 0 0 0 0 0 0 0 0 0 0 0 0 0 0 0 0 0 0 0 0 0 0 0 0 0 0 0 0 0 0 0 0 0 0 0 0 0 0 0 0 0 -65 0 0 0 0 0 0 0 0 0 0 0 0 0 0 0 0 0 0 0 0 0 0 0 0 0 0 0 0 0 0 0 0 0 0 0 0 0 0 0 0 0 0 0 0 0 0 0 0 0 0 0 0 0 0 0 0 0 0 0 0 0 0 0 0 0 0 0 0 0 0 0
0 0 0 -505 0 0 0 1 0 0 0 0 0 0 0 0 0 -29 0 0 0 0 0 0 0 0 0 1 0 0 0 0 0 0 0 0 0 1 0 0 0 0 0 0 0 0 0 0 0 0 0 2 0 0 21 0 0 269 0 1 0 0 0 0 0 0 0 0 0 0 0 0 1 0 0 0 0 0 0 0 0 0 12 0 0 6 0 0 0 239 0 0 0 0 0 0 0 0 0 0 0 0 1 0 0 0 1 0 0 0 1 0 0 14 0 0 0 0 0 0 0 0 0 0 0 0 0 0 0 1 0 0 0 0 0 0 0 0 0 0 0 0 0 0 0 0 0 0 0 0 0 0 0 0 0 0 0 129 0 0
0 0 0 0 0 0 0 0 0 0 0 0 0 0 0 0 0 0 0 0 0 0 0 0 0 0 0 0 0 0 0 0 0 0 0 0 0 0 0 0 0 0 0 0 0 0 0 0 0 0 0 0 0 0 0 0 0 0 0 0 0 0 0 0 0 0 0 0 0 0 0 0 0 0 0 0 0 0 0 0 0 0 0 0 0 0 0 0 0 0 -432 0 0 0 0 0 0 0 0 0 0 0 0 0 0 0 0 0 0 0 0 0 0 0 0 0 0 0 0 0 0 0 0 0 0 0 0 0 -637 0 0 0 0 0 0 0 0 0 0 0 0 0 0 0 0 0 0 0 0 0 0 0 0 0 0 0 0 0 0 0
0 0 0 0 0 0 0 0 -2 0 -22 -62 9 0 0 0 0 0 0 0 177 0 52 0 0 22 0 0 0 0 0 -54 0 0 16 0 0 0 0 0 0 0 0 0 0 0 0 0 0 4 0 0 0 0 0 0 0 0 0 3 10 0 0 0 0 0 0 13 0 0 0 0 0 0 0 0 0 0 0 0 0 0 0 -22 0 0 0 0 0 0 0 301 0 0 0 0 0 9 0 0 0 100 0 0 0 0 0 0 10 0 0 0 0 0 0 0 0 0 -6 0 0 0 0 0 0 0 358 0 0 0 0 -45 0 -253 -6 -5 -15 36 0 0 45 0 0 0 0 0 0 0 0 0 0 -61 0 0 0 0 0 0 0 0
0 0 0 0 0 0 0 0 0 167 0 0 0 0 0 0 0 0 0 0 0 0 1 0 0 0 0 0 0 84 0 0 0 0 -90 0 0 0 -33 0 0 0 0 22 0 0 0 0 0 3 0 1 0 0 0 0 0 0 0 1 1 0 0 0 1 -1 0 0 0 -14 46 0 0 0 0 0 0 0 27 -60 0 0 0 0 0 -5 0 0 0 0 0 0 78 0 0 -50 -3 0 0 0 0 0 0 0 0 0 0 0 1 0 0 0 0 3 0 0 0 66 1 0 0 1 0 0 0 -1 0 0 0 0 0 -30 0 0 0 1 1 0 0 97 1 -12 0 0 7 0 -32 -51 -31 0 0 1 0 0 0 0 1 0 0 0
0 0 0 0 0 0 0 0 0 0 0 0 0 0 0 0 0 0 0 0 0 0 0 0 0 0 0 0 0 22 0 0 0 0 0 0 0 0 0 0 0 0 0 0 0 0 0 0 0 0 0 -194 0 0 0 0 0 0 0 98 -30 0 0 0 0 0 0 0 0 0 -29 0 0 0 0 0 0 0 -17 0 0 0 0 0 0 0 0 0 0 0 0 0 0 177 0 0 0 0 33 0 0 0 -8 0 0 0 0 0 0 0 -83 0 -95 26 0 0 0 0 0 0 0 0 0 0 0 0 0 0 0 -158 0 0 0 0 0 0 0 0 0 0 0 0 0 0 0 0 0 0 0 0 0 0 0 0 0 0 0 0 73 0
0 0 0 0 0 0 0 0 0 0 0 0 0 0 0 0 0 0 0 0 0 0 0 0 0 0 0 0 0 0 0 0 0 0 0 0 0 0 0 0 0 0 0 0 0 0 0 0 0 0 0 0 0 0 0 0 0 0 0 0 0 0 0 0 0 0 0 0 0 0 0 0 0 0 0 0 0 0 0 0 0 0 0 0 0 0 0 0 0 0 0 0 0 0 -566 0 0 0 0 0 0 0 0 0 0 0 0 0 0 0 0 0 0 0 0 0 0 0 0 0 0 0 0 0 0 0 0 0 0 0 0 0 0 0 0 0 0 0 0 0 0 0 0 0 0 0 0 0 0 0 0 0 0 0 0 0 0 0 0 0
0 0 0 0 0 2 0 0 0 129 0 0 3 0 0 0 0 -1 0 0 0 0 0 0 0 0 0 0 0 0 0 0 1 0 -106 0 0 0 0 0 0 0 0 381 0 0 0 0 0 4 0 0 -5 0 0 0 0 0 0 0 0 0 0 0 0 0 0 0 0 0 0 0 0 0 0 0 0 0 0 104 1 -34 0 2 0 -1 0 0 0 0 0 0 -50 0 0 91 0 3 0 0 0 0 0 0 -1 0 0 1 0 0 0 0 0 -2 0 0 0 0 0 0 0 0 0 0 0 -24 0 0 0 0 0 -35 0 0 0 0 1 0 0 0 0 0 0 0 0 0 -38 217 -36 0 0 0 0 0 0 0 0 0 0 0
0 0 0 0 0 0 0 0 0 10 0 0 0 0 0 0 0 0 0 0 0 0 0 0 0 0 0 0 0 0 0 0 0 0 0 0 0 0 95 0 0 0 0 0 0 0 0 0 0 0 0 8 0 0 0 0 0 0 0 0 0 0 0 0 0 0 0 0 0 -374 0 0 0 0 0 0 0 0 0 -13 0 0 0 0 0 -143 0 0 0 0 0 0 -3 0 0 0 256 0 0 0 0 0 0 0 0 0 0 0 0 0 0 0 0 57 0 0 0 0 0 0 0 0 0 0 0 0 0 0 0 0 0 0 0 0 0 0 0 0 0 0 0 0 0 0 176 0 0 0 0 0 0 0 0 0 0 0 0 0 0 0
0 0 0 0 0 63 0 0 4 0 57 -5 -471 0 0 0 0 -88 0 0 5 0 2 0 0 -53 0 -35 0 0 0 0 59 0 0 0 0 0 0 0 0 0 0 6 0 0 0 0 1 0 0 -21 -280 55 0 0 0 0 0 0 0 2 0 0 0 0 0 -16 0 0 0 0 0 0 0 0 0 0 0 0 14 66 0 -296 0 -63 0 0 0 0 0 9 0 0 0 3 0 473 0 0 -2 0 0 0 -62 0 2 24 0 0 0 0 0 -158 0 0 0 0 0 0 0 0 0 0 0 0 6 0 0 0 0 0 0 -21 0 0 -2 5 0 0 0 0 -23 0 0 0 0 0 0 0 0 -2 0 0 0 0 0 0 0 0
0 0 0 0 0 0 0 0 0 0 0 0 0 0 0 0 0 0 0 0 0 0 0 0 0 0 0 0 0 3 0 0 0 0 0 0 0 0 0 0 0 0 -232 0 0 0 0 0 0 0 0 152 0 0 0 0 0 0 0 16 -5 0 0 0 0 0 0 0 0 0 -2 0 0 0 0 0 0 0 -1 0 0 0 0 0 0 0 0 0 0 0 0 0 0 33 0 0 0 0 668 0 0 0 -1 0 0 0 0 0 0 0 -13 0 -8 -20 0 0 0 0 0 0 0 0 0 0 0 0 0 0 0 -25 0 0 0 0 0 0 0 0 0 0 0 0 0 0 0 0 0 0 0 0 0 0 0 0 0 0 0 0 12 0
0 0 0 0 0 0 0 0 0 0 0 0 0 0 0 0 0 0 0 0 0 0 0 0 0 0 0 0 0 0 0 0 0 0 0 0 0 0 0 0 0 0 0 0 0 0 0 0 0 0 0 0 0 0 0 0 0 0 0 0 0 0 0 0 0 0 0 0 0 0 0 0 0 0 0 0 0 0 0 0 0 0 0 0 0 0 0 0 0 0 0 0 0 0 0 0 0 0 0 150 0 0 0 0 0 0 0 0 0 0 0 0 0 0 0 0 0 0 0 0 0 0 0 0 0 0 0 0 0 0 0 0 0 0 0 0 0 0 0 0 0 0 0 0 0 0 0 0 0 0 0 0 0 0 0 0 0 0 0 0
21 265 0 0 0 0 0 0 -17 0 0 0 -2 0 0 0 0 3 0 0 21 0 0 0 0 0 0 8 0 0 0 0 0 0 0 0 0 0 0 0 0 0 0 0 0 210 0 0 1 0 0 0 0 -10 0 0 0 0 20 0 0 2 0 0 0 0 0 -13 34 0 0 0 0 0 0 0 14 0 0 0 0 0 0 0 0 0 0 0 0 0 0 0 0 0 0 0 0 -2 0 0 612 0 0 0 0 0 0 0 0 32 0 0 0 -1 0 0 0 0 0 0 0 0 0 0 0 0 -10 0 0 0 0 0 0 0 0 0 -1 4 -17 0 0 0 -30 0 0 0 0 0 0 0 0 0 0 0 0 -14 0 1 0 0
0 0 0 0 0 0 0 0 0 0 0 0 0 0 0 0 0 0 0 0 37 0 -339 0 0 0 0 0 0 0 0 -183 0 0 0 0 0 0 0 0 0 0 0 0 0 0 0 0 0 0 0 0 0 0 0 0 0 0 0 10 32 0 0 0 0 0 0 0 0 0 0 0 0 0 0 0 0 0 0 0 0 0 0 0 0 0 0 0 0 0 0 100 0 0 0 0 0 0 0 0 0 -55 0 0 0 0 0 0 32 0 0 0 0 0 0 0 0 0 -22 0 0 0 0 0 0 0 74 0 0 0 0 0 0 0 0 -20 0 0 0 0 152 0 0 0 0 0 0 0 0 0 0 404 0 0 0 0 0 0 0 0
0 0 0 0 0 0 0 0 0 0 0 0 0 0 0 0 0 0 0 0 0 0 0 0 0 0 0 1 0 0 0 0 0 0 -4 0 0 0 0 0 0 0 0 0 0 0 0 5 0 1 0 9 0 0 0 -3 0 0 0 -8 -4 0 0 0 0 5 0 0 0 0 2 0 0 23 0 157 0 0 1 0 0 0 1 0 1 0 0 0 0 1 0 0 0 -8 0 0 0 0 -1 0 0 0 -320 0 0 0 1 0 -6 0 17 0 5 -1 0 0 0 0 5 0 0 0 0 0 0 0 0 0 0 11 0 -1 0 0 0 4 0 0 0 0 4 0 0 0 0 0 8 0 8 0 0 0 0 0 0 0 -1 0 -14 0
0 0 0 0 0 -1 0 0 0 0 0 0 0 0 0 0 0 0 0 0 0 0 0 0 0 0 0 0 -29 0 0 0 0 0 0 0 0 0 0 0 0 0 0 0 0 0 0 0 0 0 0 0 0 0 0 0 0 0 17 0 0 0 0 0 0 0 0 0 0 0 0 0 0 0 0 0 11 0 0 0 0 0 0 0 0 0 0 0 0 0 0 0 0 0 0 0 0 0 0 0 0 0 0 441 2 0 0 1 0 -15 0 0 0 0 0 0 0 0 0 0 0 0 0 0 0 0 0 0 0 0 0 0 0 0 0 0 0 0 9 0 0 0 0 0 0 0 0 0 0 0 0 0 0 0 330 -12 0 0 0 0
0 0 0 0 0 488 0 0 16 0 0 0 -63 0 0 0 0 59 0 0 0 0 0 0 0 0 0 0 -32 0 0 0 -140 0 0 0 0 0 0 0 0 0 0 -3 0 0 0 0 0 0 0 15 96 0 0 0 0 0 0 0 0 0 0 0 0 0 0 0 0 0 0 0 0 0 0 0 0 0 0 0 -8 -43 0 -50 0 43 0 0 0 0 0 0 0 0 0 -1 0 -62 0 0 0 0 0 2 380 0 0 -8 0 0 0 0 0 106 0 0 0 0 0 0 0 0 0 0 0 1 0 0 0 0 0 0 0 0 0 0 0 0 0 0 0 0 0 0 0 0 0 0 0 0 0 0 0 0 -1 0 0 0 0 0
0 0 0 0 0 0 0 0 0 0 0 0 0 0 0 0 0 0 0 0 0 0 0 0 0 0 0 0 0 0 0 0 0 0 0 0 0 0 0 0 0 0 0 0 0 0 0 0 0 0 0 0 0 0 0 0 0 0 0 0 0 0 0 0 0 0 0 0 0 0 0 0 0 0 0 0 0 0 0 0 0 0 0 0 0 0 0 0 0 0 0 0 0 0 0 0 0 0 0 0 0 0 0 0 0 -224 0 0 0 0 0 0 0 0 0 0 0 0 0 0 0 0 0 0 0 0 0 0 0 0 0 0 0 0 0 0 0 0 0 0 0 0 0 0 0 0 0 0 0 0 0 0 0 0 0 0 0 0 0 0
0 0 0 0 0 0 0 0 11 0 0 0 2 0 0 0 0 0 0 0 1 0 8 0 0 0 0 -4 0 0 0 0 0 0 0 0 0 -41 0 0 0 0 0 0 0 0 0 0 1 0 0 1 0 -9 -4 0 0 0 0 60 81 1 0 0 2 -71 0 -1 0 0 0 0 -1 0 0 0 0 0 0 0 0 0 1 0 34 1 0 0 0 1 0 0 0 0 0 0 0 2 0 0 0 0 1 0 0 0 -25 0 90 0 8 0 0 1 0 0 0 0 -73 0 -20 6 0 0 0 0 0 0 0 15 0 0 0 0 0 -65 0 1 0 0 -59 0 -2 0 0 0 0 0 0 0 0 7 0 0 0 0 17 0 -6 0
0 0 0 0 0 8 0 0 -5 0 0 0 24 0 0 0 0 -5 0 0 0 0 0 0 0 0 0 0 -1 0 0 0 4 0 0 0 0 0 0 0 0 0 0 2 0 0 0 0 0 0 0 -1 -53 0 0 0 0 0 0 0 0 0 0 0 0 0 0 0 0 0 0 0 0 0 0 0 0 0 0 0 1 14 0 20 0 -4 0 0 0 0 0 0 0 0 0 1 0 24 0 0 0 0 0 1 -8 0 0 -332 0 0 0 0 0 -10 0 0 0 0 0 0 0 0 0 0 0 0 0 0 0 0 0 0 0 0 0 0 0 0 0 0 0 0 0 0 0 0 0 0 0 0 0 0 0 0 0 0 0 0 0 0
0 0 0 0 0 0 0 0 0 0 0 0 0 0 0 0 0 0 0 0 4 0 -179 0 0 0 0 115 0 0 0 -33 0 26 0 0 0 0 1 0 0 0 0 0 0 0 0 0 0 0 0 0 0 74 0 0 0 0 0 -156 371 0 0 0 -35 50 0 0 0 0 0 0 0 0 0 0 0 0 0 1 0 0 0 0 0 0 0 0 0 0 0 10 1 0 0 0 0 0 0 0 0 32 -6 0 0 0 90 0 -416 0 -59 0 0 0 0 0 0 0 95 0 0 -3 0 0 0 0 7 0 0 -112 0 0 0 0 0 86 0 0 0 0 -98 -4 0 0 0 0 0 0 0 0 0 -86 0 0 0 0 -11 0 52 0
305 0 0 0 0 0 0 0 0 0 0 0 0 0 0 0 0 0 0 0 49 0 1 0 0 0 0 0 0 0 0 0 0 0 0 0 0 0 0 0 0 0 0 0 0 14 0 0 2 0 0 0 0 0 0 0 0 0 -222 0 0 0 0 0 -2 0 0 1 0 0 0 0 0 0 0 0 -146 0 0 0 0 0 0 0 0 0 0 0 0 0 0 0 0 0 0 0 0 0 0 0 32 0 0 -15 0 0 0 0 0 262 0 0 0 0 0 0 0 0 0 0 0 0 -43 0 0 0 -24 -2 0 0 0 0 0 0 0 0 0 0 41 0 0 0 0 15 0 0 0 0 0 0 0 1 0 0 -8 165 0 0 0 0
0 0 0 0 0 0 0 0 0 0 0 0 0 0 0 0 0 0 0 0 0 0 0 0 0 0 0 1 0 -8 0 0 0 0 -47 0 0 -2 0 0 0 0 0 0 0 0 0 47 0 2 0 82 0 0 0 -34 0 0 0 -77 -41 0 0 0 0 46 0 0 0 0 13 0 0 216 0 -9 0 0 8 0 0 0 1 0 3 0 0 0 0 1 0 0 0 -83 0 0 0 0 -13 0 0 0 17 0 0 0 8 0 -59 0 -448 0 40 -10 0 0 0 0 43 0 -1 -3 0 0 0 0 0 0 0 99 0 -15 0 0 0 39 -1 0 0 0 38 0 0 0 0 0 77 0 73 0 0 0 0 0 0 0 -10 0 -461 0
0 0 0 0 0 0 0 0 0 0 0 0 0 0 0 0 0 0 0 0 0 0 0 0 0 0 0 0 0 0 0 0 0 0 0 0 0 0 0 0 0 0 0 0 0 0 0 0 0 0 0 0 0 0 0 0 0 0 0 0 0 0 0 0 0 0 0 0 0 0 0 0 0 0 0 0 0 0 0 0 0 0 0 0 0 0 0 0 0 0 0 0 0 0 0 0 0 0 0 0 0 0 0 0 0 0 0 0 0 0 0 28 0 0 0 0 0 0 0 0 0 0 0 0 0 0 0 0 0 0 0 0 0 0 0 0 0 0 0 0 0 0 0 0 0 0 0 0 0 0 0 0 0 0 0 0 0 0 0 0
0 0 0 0 0 0 0 0 0 0 0 0 0 0 0 0 0 0 0 0 0 0 0 0 0 0 0 0 0 -32 0 0 0 0 0 0 0 0 0 0 0 0 0 0 0 0 0 0 0 0 0 53 0 0 0 0 0 0 0 -46 15 0 0 0 0 0 0 0 0 0 45 0 0 0 0 0 0 0 27 0 0 0 0 0 0 0 0 0 0 0 0 0 0 -95 0 0 0 0 -8 0 0 0 5 0 0 0 0 0 0 0 40 0 914 -7 0 0 0 0 0 0 0 0 0 0 0 0 0 0 0 76 0 0 0 0 0 0 0 0 0 0 0 0 0 0 0 0 0 0 0 0 0 0 0 0 0 0 0 0 -34 0
0 0 0 21 0 -104 0 0 44 -5 0 0 -159 0 0 0 0 57 0 0 1 0 0 0 0 0 0 -1 0 2 0 0 215 0 0 0 0 0 -53 0 0 0 6 -6 0 0 0 0 1 0 0 23 127 3 2 0 0 -11 0 13 -3 1 0 0 0 0 0 -9 0 -36 -2 0 0 0 0 0 0 0 -1 8 15 -75 0 -128 0 116 0 0 0 14 0 0 3 26 0 -2 57 -158 -20 0 -1 0 -1 0 106 0 1 -10 0 0 -10 0 -7 -48 0 0 0 0 0 0 0 0 0 0 0 1 0 0 0 -20 0 0 0 0 0 0 -1 3 0 0 0 0 8 0 38 0 0 0 0 0 0 0 0 0 0 0 0 114 10 0
0 0 0 0 0 0 0 0 0 0 0 0 0 0 0 0 0 0 0 0 0 0 0 0 0 0 0 0 0 0 0 0 0 0 0 0 0 0 0 0 0 0 0 0 0 0 0 0 0 0 0 0 0 0 0 0 0 0 0 0 0 0 0 0 0 0 0 0 0 0 0 0 0 0 0 0 0 0 0 0 0 0 0 0 0 0 0 0 0 0 0 0 0 0 0 0 0 0 0 0 0 0 0 0 0 0 0 0 0 0 0 0 0 0 850 0 0 0 0 0 0 0 0 0 0 0 0 0 0 0 0 0 0 0 0 0 0 0 0 0 0 0 0 0 0 0 0 0 0 0 0 0 0 0 0 0 0 0 0 0
0 0 0 0 0 0 0 0 0 0 0 0 0 0 0 0 0 0 0 0 0 0 0 0 0 0 0 0 0 0 0 0 0 0 0 0 0 0 0 0 0 0 0 0 0 0 0 0 0 0 0 0 0 0 0 0 0 0 0 0 0 0 0 0 0 0 0 0 0 0 0 0 0 0 0 0 0 0 0 0 0 0 0 0 0 0 0 0 0 0 0 0 0 0 0 0 0 0 0 0 0 0 0 0 0 0 0 0 0 0 0 0 0 0 0 -471 0 0 0 0 0 0 0 0 0 0 0 0 0 0 0 0 0 0 0 0 0 0 0 0 0 0 0 0 0 0 0 0 0 0 0 0 0 0 0 0 0 0 0 0
0 0 0 0 0 0 0 0 0 0 0 0 0 0 0 0 0 0 0 0 0 0 0 0 0 0 0 0 0 0 0 0 0 0 0 0 0 0 0 0 0 0 0 0 0 0 0 0 0 0 0 0 0 0 0 0 0 0 0 0 0 0 0 31 0 0 0 0 0 0 0 0 0 0 0 0 0 0 0 0 0 0 0 0 0 0 0 0 0 0 0 0 0 0 0 0 0 0 0 0 0 0 0 0 0 0 0 0 0 0 0 0 0 0 0 0 -448 0 0 0 0 0 0 0 0 0 0 0 0 0 0 0 0 0 0 0 0 0 0 0 0 0 0 0 0 0 0 0 0 0 0 0 0 0 0 0 0 0 0 112
0 0 0 0 0 0 0 0 0 26 0 0 0 0 0 0 0 0 0 0 0 0 0 0 -116 0 0 0 0 -6 0 0 0 0 0 0 0 0 0 0 0 0 0 0 0 0 0 0 0 0 0 0 0 0 0 0 0 0 -28 0 0 0 0 0 0 0 0 0 0 0 -3 0 0 0 0 0 66 0 -2 0 0 0 0 0 0 0 0 0 0 0 0 0 66 0 0 0 0 0 0 0 0 0 0 0 0 0 0 0 0 0 0 0 0 0 0 0 0 -226 0 0 0 0 0 0 0 0 0 0 0 0 0 0 103 0 0 0 0 0 0 -57 0 0 0 0 0 0 0 0 0 0 0 0 -89 0 0 21 0 0 0 0
0 0 0 0 0 0 0 0 0 -2 0 0 0 0 0 0 0 0 0 0 -2 0 -94 0 0 0 0 180 0 0 0 24 0 -18 0 0 0 0 1 0 0 0 0 0 0 0 0 0 0 0 0 0 0 121 0 0 0 0 0 208 40 0 0 0 -28 -280 0 0 0 0 0 0 0 0 0 0 0 0 0 4 0 0 0 0 0 0 0 0 0 0 0 -6 1 0 0 0 0 0 0 0 0 -22 5 0 0 0 -73 0 95 0 43 0 0 0 0 0 0 0 290 0 0 21 0 0 0 0 -4 0 0 81 0 0 0 0 0 23 0 0 0 0 107 -56 0 0 0 0 0 0 0 0 0 -125 0 0 0 0 64 0 -36 0
0 0 0 0 0 0 0 0 0 0 0 0 0 0 0 0 0 0 0 0 0 0 0 0 0 0 0 0 0 0 0 0 0 0 0 0 0 0 0 0 0 0 0 0 0 0 0 0 0 0 0 0 0 0 0 0 0 0 0 0 0 0 0 0 0 0 0 0 0 0 0 0 0 0 0 0 0 0 0 0 0 0 0 0 0 0 0 0 0 0 0 0 0 0 0 0 0 0 0 0 0 0 0 0 0 0 0 0 0 0 0 0 0 0 0 0 0 0 0 855 0 0 0 0 0 0 0 0 0 0 0 0 0 0 0 0 0 0 0 0 0 0 0 0 0 0 0 0 0 0 0 0 0 0 0 0 0 0 0 0
0 0 0 0 0 0 0 1 0 0 0 0 0 0 0 0 0 0 0 0 0 0 0 0 0 0 0 0 0 0 0 0 0 0 0 0 0 25 0 0 0 0 0 0 0 0 0 0 0 0 0 0 0 0 0 0 0 0 0 -5 2 0 0 0 0 0 0 0 0 0 0 0 2 0 0 0 0 0 0 0 0 0 0 0 -19 0 0 0 0 0 0 0 0 0 0 0 0 0 0 0 0 0 0 0 0 0 -20 0 0 0 -1 0 0 0 0 0 0 0 0 0 -96 0 0 0 0 0 0 0 0 -2 0 0 0 0 0 0 0 0 0 0 0 0 0 0 0 0 0 0 0 0 0 0 0 0 0 0 0 0 2 0
0 0 0 0 0 0 0 0 0 0 0 0 0 0 0 0 0 0 0 0 0 0 17 0 0 0 0 1 0 0 0 0 0 0 0 0 0 0 1 0 0 0 0 0 0 0 0 0 0 0 0 0 0 0 0 0 0 0 0 -14 1 0 0 0 4 -46 0 0 0 0 0 0 0 0 0 0 0 0 0 1 0 0 0 0 0 0 0 0 0 0 0 0 1 0 0 0 0 0 0 0 0 0 0 0 0 0 6 0 -3 0 -3 0 0 0 0 0 0 0 21 0 0 -126 0 0 0 0 0 0 0 -6 0 0 0 0 0 19 0 0 0 0 7 -6 0 0 0 0 0 0 0 0 0 14 0 0 0 0 -8 0 3 0
0 0 0 0 0 0 0 0 0 0 0 0 0 0 0 0 0 0 0 0 0 0 4 0 0 0 0 0 0 0 0 0 0 0 0 0 0 0 0 0 0 0 0 0 0 0 0 0 14 0 0 0 0 0 0 0 0 0 0 0 0 0 0 0 -21 0 0 1 0 0 0 0 0 0 0 0 0 0 0 0 0 0 0 0 0 0 0 0 0 0 0 0 0 0 0 0 0 0 0 0 0 0 0 0 0 0 0 0 0 -43 0 0 0 0 0 0 0 0 0 0 0 0 15 0 0 0 0 -21 0 0 0 0 0 0 0 0 0 0 -78 0 0 0 0 115 0 0 0 0 0 0 0 3 0 0 0 0 0 0 0 0
0 0 0 0 0 0 0 0 0 0 0 0 0 0 0 0 0 0 0 0 0 0 0 0 0 0 0 0 0 0 0 0 0 0 0 0 0 0 0 0 0 0 0 0 0 0 0 0 0 0 0 0 0 0 0 0 0 0 0 0 0 0 0 0 0 0 0 0 0 0 0 0 0 0 0 0 0 0 0 0 0 0 0 0 0 0 0 0 0 0 0 0 0 0 0 0 0 0 0 0 0 0 0 0 0 0 0 0 0 0 0 0 0 0 0 0 0 0 0 0 0 0 0 -134 0 0 0 0 0 0 0 0 0 0 0 0 0 0 0 0 0 0 0 0 0 0 0 0 0 0 0 0 0 0 0 0 0 0 0 0
0 0 0 0 0 0 0 0 0 0 0 0 0 0 0 0 0 0 0 0 0 0 0 0 0 0 0 0 0 0 0 0 0 0 0 0 0 0 0 0 0 0 0 0 0 0 0 0 0 0 0 0 0 0 0 0 0 0 0 0 0 0 0 0 0 0 0 0 0 0 0 0 0 0 0 0 0 0 0 0 0 0 0 0 0 0 0 0 0 0 0 0 0 0 0 0 0 0 0 0 0 0 0 0 0 0 0 0 0 0 0 0 0 0 0 0 0 0 0 0 0 0 0 0 -539 0 0 0 0 0 0 0 0 0 0 0 0 0 0 0 0 0 0 0 0 0 0 0 0 0 0 0 0 0 0 0 0 0 0 0
0 0 0 0 0 0 0 0 1 4 0 0 0 0 0 0 0 1 0 0 0 0 0 0 0 0 0 0 0 0 0 0 0 0 -2 0 0 0 0 0 0 0 0 -78 0 0 0 0 0 1 0 1 1 0 0 0 0 0 0 0 0 0 0 0 0 0 0 0 0 0 0 0 0 0 0 0 0 0 0 3 0 6 0 0 0 1 0 0 0 0 0 0 -1 0 0 -24 0 0 0 0 0 0 0 0 1 0 0 0 0 0 0 0 0 1 0 0 0 0 0 0 0 0 0 0 0 -387 0 0 0 0 0 0 0 0 0 0 1 0 0 0 0 0 0 0 0 0 -1 6 0 0 0 0 0 0 0 0 0 0 0 0
-16 0 0 0 0 0 0 0 -6 0 -16 -45 6 0 0 0 0 1 0 0 -231 0 38 0 0 16 0 3 0 0 0 -39 0 0 -16 0 0 0 0 0 0 0 0 0 0 -4 0 0 1 -4 0 0 0 -3 0 0 0 0 -15 3 7 1 0 0 0 0 0 -17 0 0 0 0 0 0 0 0 -10 0 0 0 0 0 0 -16 0 0 0 0 0 0 0 358 0 0 0 0 0 6 0 0 -10 74 0 0 0 0 0 0 7 -24 0 0 0 0 0 0 0 0 -4 0 0 0 0 0 0 0 257 0 0 0 0 50 0 -186 8 -4 17 -37 14 0 33 0 -9 0 0 0 0 0 1 0 0 -45 0 0 0 12 0 1 0 0
0 0 0 0 0 0 0 0 0 0 0 0 0 0 0 0 0 0 0 0 0 0 -29 0 0 0 0 0 0 0 0 0 0 0 0 0 0 0 0 0 0 0 0 0 0 0 0 0 -132 0 0 0 0 0 0 0 0 0 0 0 0 0 0 0 208 0 0 -3 0 0 0 0 0 0 0 0 0 0 0 0 0 0 0 0 0 0 0 0 0 0 0 0 0 0 0 0 0 0 0 0 0 0 0 0 0 0 0 0 0 -2 0 0 0 0 0 0 0 0 0 0 0 0 -21 0 0 0 0 571 0 0 0 0 0 0 0 0 0 0 -4 0 0 0 0 3 0 0 0 0 0 0 0 -24 0 0 0 0 0 0 0 0
0 0 0 0 0 0 0 0 0 0 0 0 0 0 0 0 0 0 0 0 0 0 0 0 0 0 0 0 0 0 0 0 0 0 0 0 0 0 0 0 0 0 0 0 0 0 0 0 0 0 0 0 0 0 0 0 0 0 0 0 0 0 0 0 0 0 0 0 0 0 0 0 0 0 0 0 0 0 0 0 0 0 0 0 0 0 0 0 0 0 -637 0 0 0 0 0 0 0 0 0 0 0 0 0 0 0 0 0 0 0 0 0 0 0 0 0 0 0 0 0 0 0 0 0 0 0 0 0 -249 0 0 0 0 0 0 0 0 0 0 0 0 0 0 0 0 0 0 0 0 0 0 0 0 0 0 0 0 0 0 0
0 0 0 0 0 0 0 0 0 0 0 0 0 0 0 0 0 0 0 0 0 0 0 0 0 0 0 1 0 -16 0 0 0 0 45 0 0 -5 0 0 0 0 0 0 0 0 0 -43 0 -1 0 153 0 0 0 33 0 0 0 -146 -78 0 0 0 0 86 0 0 0 0 23 0 0 -201 0 0 0 0 14 0 0 0 1 0 5 0 0 0 0 1 0 0 0 -158 0 0 0 0 -25 0 0 0 11 0 0 0 15 0 -112 0 99 0 76 -20 0 0 0 0 81 0 -2 -6 0 0 0 0 0 0 0 47 0 15 0 0 0 73 2 0 0 0 71 0 0 0 0 0 -71 0 -68 0 0 0 0 0 0 0 -19 0 -85 0
0 0 0 0 0 0 0 0 0 0 0 0 0 0 0 0 0 0 0 0 0 0 0 0 0 0 0 0 0 0 0 0 0 0 0 0 0 0 0 0 0 0 0 0 0 0 0 0 0 0 0 0 0 0 0 0 0 0 0 0 0 0 0 0 0 0 0 0 0 0 0 0 0 0 0 0 0 0 0 0 0 0 0 0 0 0 0 0 0 0 0 0 0 0 0 0 0 0 0 0 0 0 0 0 0 0 0 0 0 0 0 0 0 0 0 0 0 0 0 0 0 0 0 0 0 0 0 0 0 0 -534 0 0 0 0 0 0 0 0 0 0 0 0 0 0 0 0 0 0 0 0 0 0 0 0 0 0 0 0 0
0 0 0 0 0 0 0 0 0 77 0 0 0 0 0 0 0 0 0 0 25 0 0 0 0 0 0 0 0 0 0 0 0 0 33 0 0 0 0 0 0 0 0 15 0 0 0 2 2 -41 0 0 0 0 0 57 0 0 0 0 0 0 0 0 0 0 0 -46 0 0 0 0 0 9 0 0 0 0 0 63 0 0 0 0 0 0 0 0 0 0 0 -45 -30 0 0 -35 0 0 0 0 0 0 -1 0 0 0 0 0 0 0 -15 0 0 0 0 0 0 0 0 0 0 0 0 0 0 0 50 0 0 15 0 -26 0 0 25 0 56 -128 0 0 0 0 0 0 0 0 -49 -36 -46 0 0 0 0 0 0 0 0 0 14 0
0 0 0 0 0 0 0 0 0 0 0 0 0 0 0 0 0 0 0 0 0 0 0 0 -60 0 0 0 0 -181 0 0 0 0 0 0 0 0 0 0 0 0 0 0 0 0 0 0 0 0 0 0 0 0 0 0 0 0 0 0 0 0 0 0 0 0 0 0 0 0 -99 0 0 0 0 0 0 0 -58 0 0 0 0 0 0 0 0 0 0 0 0 0 0 0 0 0 0 0 0 0 0 0 0 0 0 0 0 0 0 0 0 0 0 0 0 0 0 103 0 0 0 0 0 0 0 0 0 0 0 0 0 0 43 0 0 0 0 0 0 151 0 0 0 0 0 0 0 0 0 0 0 0 -47 0 0 0 0 0 0 0
0 0 0 0 0 0 0 0 6 0 55 -333 -21 0 0 0 0 0 0 0 -92 0 -51 0 0 -51 0 0 0 0 0 0 0 0 0 0 0 0 0 0 0 0 0 0 0 0 0 0 0 0 0 0 0 0 0 0 0 0 0 0 0 0 0 0 0 0 0 0 0 0 0 0 0 0 0 0 0 0 0 0 0 0 0 56 0 0 0 0 0 0 0 -253 0 0 0 0 0 -21 0 0 0 0 0 0 0 0 0 0 0 0 0 0 0 0 0 0 0 0 0 0 0 0 0 0 0 0 -186 0 0 0 0 0 0 -651 0 0 0 0 0 0 0 0 0 0 0 0 0 0 0 0 0 62 0 0 0 0 0 0 0 0
0 0 0 0 0 0 0 0 -7 0 0 0 0 0 0 0 0 2 0 0 5 0 0 0 0 0 0 4 0 0 0 0 0 0 -8 0 0 0 0 0 0 0 0 0 0 0 0 0 -1 -2 0 0 0 -4 0 0 0 0 0 0 0 1 0 0 0 0 0 57 0 0 0 0 0 0 0 0 0 0 0 0 0 0 0 0 0 0 0 0 0 0 0 -6 0 0 0 0 0 0 0 0 0 0 0 0 0 0 0 0 0 0 0 0 0 0 0 0 0 0 0 0 0 0 0 0 0 0 8 0 0 0 0 25 0 0 636 0 -238 66 0 0 0 0 -13 0 0 0 0 0 -5 0 0 0 0 0 0 0 0 1 0 0
0 0 0 0 0 0 0 0 0 -2 0 0 0 0 0 0 0 0 0 0 -2 0 -85 0 0 0 0 162 0 0 0 22 0 -16 0 0 0 0 1 0 0 0 0 0 0 0 0 0 0 0 0 0 0 108 0 0 0 0 0 187 36 0 0 0 -25 -252 0 0 0 0 0 0 0 0 0 0 0 0 0 3 0 0 0 0 0 0 0 0 0 0 0 -5 1 0 0 0 0 0 0 0 0 -20 4 0 0 0 -65 0 86 0 39 0 0 0 0 0 0 0 23 0 0 19 0 0 0 0 -4 0 0 73 0 0 0 0 0 285 0 0 0 0 96 -50 0 0 0 0 0 0 0 0 0 -113 0 0 0 0 57 0 -33 0
0 0 0 0 0 0 0 0 -16 -1 0 0 -2 0 0 0 0 3 0 0 10 0 0 0 0 0 0 7 0 0 0 0 0 0 -14 0 0 0 0 0 0 0 0 0 0 0 0 1 -3 -4 0 0 0 -10 0 7 0 0 0 0 0 1 0 0 0 0 0 128 0 0 0 0 0 1 0 0 0 0 0 -1 0 0 0 0 0 0 3 0 0 0 0 -15 1 0 0 1 0 -2 0 0 -1 0 0 0 0 0 0 0 0 0 -1 0 0 -1 0 0 0 0 0 0 0 0 0 0 0 1 17 0 0 2 0 56 0 0 -238 0 208 148 0 0 0 0 -29 0 0 0 4 1 -9 0 0 0 0 0 0 0 0 1 2 0
0 0 0 0 0 0 0 0 40 0 0 0 5 0 0 0 0 -5 0 0 -21 2 0 0 0 0 0 -16 0 0 0 0 0 0 44 0 0 1 0 0 0 0 0 0 0 2 0 0 8 12 0 1 0 25 0 0 0 0 0 0 0 -2 0 0 0 0 0 -298 0 0 0 0 0 0 0 0 0 0 0 0 0 0 0 0 1 2 0 0 0 0 0 36 0 0 0 0 0 5 0 0 4 0 0 0 0 0 1 0 0 0 0 0 0 3 0 0 0 0 0 0 0 0 0 0 0 0 -37 0 0 0 0 -128 0 0 66 0 148 -167 0 0 0 0 69 0 0 0 0 0 4 0 0 0 0 0 0 0 0 -1 0 0
-168 0 0 0 0 0 0 0 0 0 0 0 0 0 0 0 0 0 0 0 -27 0 1 0 0 0 0 0 0 0 0 0 0 0 0 0 0 0 0 0 0 0 0 0 0 -7 0 0 4 0 0 0 0 0 0 0 0 0 124 0 0 0 0 0 -4 0 0 1 0 0 0 0 0 0 0 0 82 0 0 0 0 0 0 0 0 0 0 0 0 0 0 0 0 0 0 0 0 0 0 0 -17 0 0 9 0 0 0 0 0 41 0 0 0 0 0 0 0 0 0 0 0 0 -78 0 0 0 14 -4 0 0 0 0 0 0 0 0 0 0 313 0 0 0 0 27 0 0 0 0 0 0 0 1 0 0 5 -91 0 0 0 0
0 0 0 0 0 0 0 0 0 38 0 0 0 0 0 0 0 0 0 0 0 0 0 0 -170 0 0 0 0 -9 0 0 0 0 0 0 0 0 0 0 0 0 0 0 0 0 0 0 0 0 0 0 0 0 0 0 0 0 20 0 0 0 0 0 0 0 0 0 0 0 -5 0 0 0 0 0 -44 0 -3 0 0 0 0 0 0 0 0 0 0 0 0 0 97 0 0 0 0 0 0 0 0 0 0 0 0 0 0 0 0 0 0 0 0 0 0 0 0 -57 0 0 0 0 0 0 0 0 0 0 0 0 0 0 151 0 0 0 0 0 0 -271 0 0 0 0 0 0 0 0 0 0 0 0 -131 0 0 -14 0 0 0 0
0 0 0 0 0 0 0 0 0 0 0 0 0 0 0 0 0 0 0 0 17 0 -119 0 0 0 0 -2 0 0 0 -159 0 123 0 0 0 0 1 0 0 0 0 0 0 0 0 0 0 0 0 0 0 0 0 0 0 0 0 126 -148 0 0 0 9 -96 0 0 0 0 0 0 0 0 0 0 0 0 0 1 0 0 0 0 0 0 0 0 0 0 0 45 1 0 0 0 0 0 0 0 0 152 4 0 0 0 -59 0 -98 0 38 0 0 0 0 0 0 0 107 0 0 7 0 0 0 0 33 0 0 71 0 0 0 0 0 96 0 0 0 0 -616 -13 0 0 0 0 0 0 0 0 0 210 0 0 0 0 22 0 -32 0
0 0 0 0 0 0 0 0 0 33 0 0 0 0 0 0 0 0 0 0 0 0 -54 0 0 0 0 0 0 0 0 0 0 0 0 0 0 0 -10 0 0 0 0 0 0 0 0 0 0 0 0 0 0 0 0 0 0 0 0 -1 -4 0 0 0 -13 89 0 0 0 0 0 0 0 0 0 0 0 0 0 -45 0 0 0 0 0 0 0 0 0 0 0 0 -12 0 0 0 0 0 0 0 0 0 0 0 0 0 0 0 -4 0 0 0 0 0 0 0 0 0 -56 0 0 -6 0 0 0 0 0 0 0 0 0 0 0 0 0 -50 0 0 0 0 -13 191 0 0 0 0 0 0 0 0 0 -46 0 0 0 0 -19 0 0 0
0 0 0 0 0 0 0 0 -192 0 0 0 -24 0 0 0 0 -15 0 0 19 -9 0 0 0 0 0 79 0 0 0 0 0 0 0 0 0 -5 0 0 0 0 0 0 0 -12 0 0 6 0 0 1 0 -119 0 0 0 0 0 0 0 17 0 0 0 0 0 -233 0 0 0 0 0 0 0 0 0 0 0 0 0 0 0 0 -6 3 0 0 0 0 0 0 0 0 0 0 0 -23 0 0 -30 0 0 0 0 0 -2 0 0 0 0 0 0 8 0 0 0 0 0 0 0 0 0 0 0 0 -9 0 0 0 0 0 0 0 -13 0 -29 69 0 0 0 0 245 0 0 0 0 0 0 0 0 0 0 0 0 0 0 -4 0 0
0 0 0 0 0 0 0 0 0 0 0 0 0 0 0 0 0 0 0 0 0 0 0 0 0 0 0 0 0 0 0 0 0 0 0 0 0 0 0 0 0 0 0 0 0 0 0 0 -1 0 0 0 0 0 0 0 0 0 0 0 0 0 0 0 3 0 0 0 0 0 0 0 0 0 0 0 0 0 0 0 0 0 0 0 0 0 0 0 0 0 0 0 0 0 0 0 0 0 0 0 0 0 0 0 0 0 0 0 0 15 0 0 0 0 0 0 0 0 0 0 0 0 115 0 0 0 0 3 0 0 0 0 0 0 0 0 0 0 27 0 0 0 0 915 0 0 0 0 0 0 0 0 0 0 0 0 0 0 0 0
0 0 0 0 0 0 0 0 0 -16 0 0 0 0 0 0 0 0 0 0 0 0 0 0 0 0 0 0 0 0 0 0 0 0 0 0 0 0 -166 0 0 0 0 0 0 0 0 0 0 0 0 5 0 0 0 0 0 0 0 0 0 0 0 0 0 0 0 0 0 -114 0 0 0 0 0 0 0 0 0 25 0 0 0 0 0 -94 0 0 0 0 0 0 7 0 0 0 176 0 0 0 0 0 0 0 0 0 0 0 0 0 0 0 0 38 0 0 0 0 0 0 0 0 0 0 0 0 0 0 0 0 0 0 0 0 0 0 0 0 0 0 0 0 0 0 -312 0 0 0 0 0 0 0 0 0 0 0 0 0 0 0
0 0 0 0 0 0 0 0 0 0 0 0 0 0 0 0 0 0 165 0 0 0 0 0 0 0 0 0 0 0 -77 0 0 0 0 0 0 0 0 0 51 0 0 0 0 0 0 0 0 0 0 0 0 0 0 0 0 0 0 0 0 0 0 0 0 0 0 0 0 0 0 0 0 0 0 0 0 0 0 0 0 0 0 0 0 0 0 0 0 0 0 0 0 0 0 0 0 0 0 0 0 0 0 0 0 0 0 0 0 0 0 0 0 0 0 0 0 0 0 0 0 0 0 0 0 0 0 0 0 0 0 0 0 0 0 0 0 0 0 0 0 0 0 0 0 471 0 0 0 0 0 0 0 0 0 0 0 0 0 0
0 0 0 0 0 0 0 0 0 83 0 0 0 0 0 0 0 0 0 0 0 0 0 0 0 0 0 0 0 0 0 0 0 0 -148 0 0 0 0 0 0 0 0 17 0 0 0 -8 0 5 0 0 0 0 0 -271 0 0 0 0 0 0 0 0 0 0 0 0 0 0 0 0 0 -41 0 0 0 0 0 68 0 0 0 0 0 0 91 0 0 0 0 0 -32 0 0 -38 0 0 0 0 0 0 8 0 0 0 0 0 0 0 77 0 0 0 0 0 0 0 0 0 0 0 0 0 0 -1 0 0 0 -71 0 -49 0 0 0 0 4 0 0 0 0 0 0 0 0 0 583 -39 -160 0 0 0 0 0 0 0 0 0 -65 0
0 0 0 0 0 0 0 0 0 131 0 0 0 0 0 0 0 0 0 0 0 0 0 0 0 0 0 0 0 0 0 0 0 0 -108 0 0 0 0 0 0 0 0 -91 0 0 0 0 0 4 0 0 0 0 0 0 0 0 0 0 0 0 0 0 0 0 0 0 0 0 0 0 0 0 0 0 0 0 0 106 0 0 0 0 0 0 0 0 0 0 0 0 -51 0 0 217 0 0 0 0 0 0 0 0 0 0 0 0 0 0 0 0 0 0 0 0 0 0 0 0 0 0 0 0 0 6 0 0 0 0 0 -36 0 0 0 0 1 0 0 0 0 0 0 0 0 0 -39 -100 -37 0 0 0 0 0 0 0 0 0 0 0
0 0 0 0 0 0 0 0 0 80 0 0 0 0 0 0 0 1 0 0 1 0 0 0 0 0 0 1 0 0 0 0 0 0 -142 0 0 0 0 0 0 0 0 16 0 0 0 -8 0 5 0 0 0 0 0 -259 0 0 0 0 0 1 0 0 0 0 0 4 0 0 0 0 0 -39 0 0 0 0 0 65 0 0 0 0 0 0 -94 0 0 0 0 0 -31 0 0 -36 0 0 0 0 0 0 8 0 0 0 0 0 0 0 73 0 0 0 0 0 0 0 0 0 0 0 0 0 0 0 1 0 0 -68 0 -46 0 0 -5 0 -9 4 0 0 0 0 0 0 0 0 -160 -37 597 0 0 0 0 0 0 0 0 1 -63 0
0 0 0 0 0 0 0 0 0 0 0 0 0 0 0 0 0 0 0 0 0 0 0 0 0 0 0 0 0 0 0 0 0 0 0 0 0 0 0 0 0 0 0 0 0 0 0 0 0 0 0 0 0 0 0 0 0 0 0 0 0 0 0 0 0 0 0 0 0 0 0 0 0 0 0 0 0 0 0 0 0 0 0 0 0 0 0 0 0 0 0 0 0 0 0 0 0 0 0 0 0 0 0 0 0 0 0 0 0 0 0 0 0 0 0 0 0 0 0 0 0 0 0 0 0 0 0 0 0 0 0 0 0 0 0 0 0 0 0 0 0 0 0 0 0 0 0 0 0 -418 0 0 0 398 0 0 0 0 0 0
0 0 0 0 0 0 0 0 0 0 0 0 0 0 0 0 0 0 0 0 0 0 0 0 0 0 0 0 0 0 0 0 0 0 0 0 0 0 0 0 0 0 0 0 0 0 0 0 0 0 0 0 0 0 0 0 0 0 0 0 0 0 0 0 0 0 0 0 0 0 0 0 0 0 0 0 0 0 0 0 0 0 0 0 0 0 0 0 0 0 0 0 0 0 0 0 0 0 0 0 0 0 0 0 0 0 0 0 0 0 0 0 0 0 0 0 0 0 0 0 0 0 0 0 0 0 0 0 0 0 0 0 0 0 0 0 0 0 0 0 0 0 0 0 0 0 0 0 0 0 -479 0 0 0 0 0 0 0 0 0
0 0 0 0 0 0 0 0 1 -1 6 16 -2 0 0 0 0 0 0 0 -22 0 40 0 0 -5 0 -170 0 0 0 -220 0 0 0 0 0 0 1 0 0 0 0 0 0 0 0 0 28 0 0 0 0 -112 0 0 0 0 0 -27 -86 0 0 0 -24 -189 0 1 0 0 0 0 0 0 0 0 0 0 0 3 0 0 0 6 0 0 0 0 0 0 0 -61 1 0 0 0 0 -2 0 0 0 404 0 0 0 0 7 0 -86 1 0 0 0 0 0 0 0 0 -125 0 0 14 3 0 0 0 -45 -24 0 0 0 0 0 62 0 -113 0 0 1 0 210 -46 0 0 0 0 0 0 0 0 0 261 0 0 0 0 43 0 0 0
0 0 0 0 0 0 0 0 0 0 0 0 0 0 0 0 0 0 0 0 0 0 0 0 -2 0 0 0 0 159 96 0 0 0 0 0 0 0 0 0 145 0 0 0 0 0 0 0 0 0 0 0 0 0 0 0 0 0 0 0 0 0 0 0 0 0 0 0 0 0 87 0 0 0 0 0 0 0 52 0 0 0 0 0 0 0 0 0 0 0 0 0 0 0 0 0 0 0 0 0 0 0 0 0 0 0 0 0 0 0 0 0 0 0 0 0 0 -89 0 0 0 0 0 0 0 0 0 0 0 0 0 0 -47 0 0 0 0 0 0 -131 0 0 0 0 0 0 0 0 0 0 0 0 103 0 0 0 0 0 0 0
0 0 0 0 0 0 0 0 0 0 0 0 0 0 0 0 0 0 0 0 0 0 0 0 0 0 0 0 0 0 0 0 0 0 0 0 0 0 0 0 0 0 0 0 0 0 0 0 0 0 0 0 0 0 0 0 0 0 0 0 0 0 0 0 0 0 0 0 0 0 0 0 0 0 0 0 0 0 0 0 0 0 0 0 0 0 0 0 0 0 0 0 0 0 0 0 0 0 0 0 0 0 0 0 0 0 0 0 0 0 0 0 0 0 0 0 0 0 0 0 0 0 0 0 0 0 0 0 0 0 0 0 0 0 0 0 0 0 0 0 0 0 0 0 0 0 0 0 0 398 0 0 0 -253 0 0 0 0 0 0
0 0 0 0 0 2 0 0 0 0 0 0 0 0 0 0 0 0 0 0 0 0 0 0 0 0 0 0 55 0 0 0 2 0 0 0 0 0 0 0 0 0 0 0 0 0 0 0 0 0 0 0 2 0 0 0 0 0 9 0 0 0 0 0 0 0 0 0 0 0 0 0 0 0 0 0 6 0 0 0 0 0 0 0 0 0 0 0 0 0 0 0 0 0 0 0 0 0 0 0 0 0 0 330 -1 0 0 0 0 -8 0 0 0 0 0 0 0 0 0 0 0 0 0 0 0 0 0 0 0 0 0 0 0 0 0 0 0 0 5 0 0 0 0 0 0 0 0 0 0 0 0 0 0 0 18 -6 0 0 0 0
-142 0 0 0 0 0 0 0 0 0 0 0 0 0 0 0 0 0 0 0 -22 0 0 0 0 0 0 0 0 0 0 0 0 0 0 0 0 0 0 0 0 0 0 0 0 -6 0 0 0 0 0 0 0 0 0 0 0 0 -173 0 0 0 0 0 0 0 0 0 0 0 0 0 0 0 0 0 -298 0 0 0 0 0 0 0 0 0 0 0 0 0 0 0 0 0 0 0 0 0 0 0 -14 0 0 -12 0 0 0 0 0 165 0 0 0 0 0 0 0 21 0 0 0 0 0 0 0 0 12 0 0 0 0 0 0 0 0 0 0 0 -91 -14 0 0 0 0 0 0 0 0 0 0 0 0 0 0 -6 -85 0 0 0 0
0 0 0 0 0 0 0 0 0 0 0 0 0 0 0 0 0 0 0 0 0 0 51 0 0 0 0 1 0 0 0 0 0 0 0 0 0 0 1 0 0 0 0 0 0 0 0 0 0 0 0 0 0 0 0 0 0 0 0 -46 3 0 0 0 13 -146 0 0 0 0 0 0 0 0 0 0 0 0 0 2 0 0 0 0 0 0 0 0 0 0 0 0 1 0 0 0 0 0 0 0 0 0 -1 0 0 0 17 0 -11 0 -10 0 0 0 0 0 0 0 64 0 0 -8 0 0 0 0 0 0 0 -19 0 0 0 0 0 57 0 0 0 0 22 -19 0 0 0 0 0 0 0 0 0 43 0 0 0 0 -150 0 9 0
0 0 0 188 0 0 0 0 -2 0 0 0 0 0 0 0 0 -243 0 0 0 1 0 0 0 0 0 2 0 0 0 0 0 0 0 0 0 1 0 0 0 0 0 0 0 1 0 0 0 0 0 16 0 -1 11 0 0 -106 0 0 0 0 0 0 0 0 0 6 0 0 0 0 0 0 0 0 0 0 0 0 0 0 0 0 1 46 0 0 0 129 0 0 0 0 0 0 0 0 0 0 1 0 0 0 0 0 0 0 0 0 0 0 0 114 0 0 0 0 0 0 0 0 0 0 0 0 1 0 0 0 0 0 0 0 1 0 1 -1 0 0 0 0 -4 0 0 0 0 0 1 0 0 0 0 0 0 0 0 854 0 0
0 0 0 0 0 0 0 1 0 0 0 0 0 0 0 0 0 0 0 0 0 0 0 0 0 0 0 0 0 8 0 0 0 0 42 0 0 3 0 0 0 0 0 0 0 0 0 -39 0 -1 0 -70 0 0 1 31 0 0 0 68 37 0 0 0 0 -39 0 0 0 0 -10 0 1 -186 0 9 0 0 -6 0 0 0 0 0 -1 0 0 0 0 0 0 0 0 73 0 0 0 0 12 0 0 0 -14 0 0 0 -6 0 52 0 -461 0 -34 10 0 0 0 0 -36 0 2 3 0 0 0 0 0 0 0 -85 0 14 0 0 0 -33 2 0 0 0 -32 0 0 0 0 0 -65 0 -63 0 0 0 0 0 0 0 9 0 -582 0
0 0 0 0 0 0 0 0 0 0 0 0 0 0 0 0 0 0 0 0 0 0 0 0 0 0 0 0 0 0 0 0 0 0 0 0 0 0 0 0 0 0 0 0 0 0 0 0 0 0 0 0 0 0 0 0 0 0 0 0 0 0 0 183 0 0 0 0 0 0 0 0 0 0 0 0 0 0 0 0 0 0 0 0 0 0 0 0 0 0 0 0 0 0 0 0 0 0 0 0 0 0 0 0 0 0 0 0 0 0 0 0 0 0 0 0 112 0 0 0 0 0 0 0 0 0 0 0 0 0 0 0 0 0 0 0 0 0 0 0 0 0 0 0 0 0 0 0 0 0 0 0 0 0 0 0 0 0 0 243

