Q_obj 
-618 -103 0 0 0 0 -45 0 0 0 0 -511 0 0 0 0 0 -18 0 0 0 0 0 0 0 0 0 -22 0 -14 3 0 0 0 -83 0 33 0 65 60 0 0 4 -5 0 0 0 0 0 0 0 -76 0 0 0 0 0 0 0 0 0 0 14 0 0 0 0 -2 0 -8 0 0 0 0 0 -2 4 0 0 0 0 0 4 0 0 -7 0 0 0 0 0 0 0 -1 0 0 0 0 0 -3 208 0 0 0 0 -6 0 4 0 0
-103 -123 0 0 0 0 -22 0 0 0 0 140 0 0 0 0 0 -198 0 0 0 0 0 0 0 0 0 0 -1 0 2 0 0 0 -41 0 -36 0 -73 -67 0 -1 5 -7 0 0 0 0 0 0 0 87 0 0 0 0 0 0 0 0 0 0 151 0 0 0 0 -29 0 7 0 0 0 0 0 0 2 0 0 0 0 0 0 0 0 9 0 0 0 0 0 0 0 2 0 0 0 0 0 0 -56 0 0 0 0 -2 0 0 0 0
0 0 -328 0 0 0 0 0 0 0 0 0 0 -85 0 0 0 0 0 0 0 0 0 0 0 0 0 0 0 -71 0 79 0 0 0 0 0 0 0 0 0 0 0 0 0 0 0 0 0 0 0 0 0 0 0 0 0 0 0 0 3 0 0 0 0 0 0 0 0 0 0 0 0 0 0 1 0 0 0 0 0 0 -1 0 0 0 0 0 0 0 0 0 0 0 0 0 0 0 0 269 0 0 0 0 0 0 0 2 0 0
0 0 0 -76 0 0 0 0 0 2 0 0 0 20 -10 0 0 0 0 0 0 0 0 0 0 0 0 0 0 -1 0 0 0 0 0 0 0 0 0 0 1 0 0 0 0 0 0 0 0 0 0 0 0 0 -4 0 380 0 0 0 0 0 0 0 0 0 0 0 0 0 0 0 0 0 0 0 0 -1 0 0 0 0 0 0 0 0 0 -89 0 0 0 1 0 0 0 0 0 0 0 6 0 0 0 0 0 0 0 0 0 0
0 0 0 0 374 0 0 0 0 0 0 0 7 0 0 0 1 0 0 0 0 0 0 0 31 0 0 0 0 0 0 0 0 0 0 0 -12 0 -24 73 0 0 0 0 0 0 0 0 -35 0 0 30 0 0 0 0 0 0 31 0 0 0 0 0 0 0 0 0 0 11 0 0 0 7 0 0 0 0 0 0 0 0 0 0 0 15 0 0 0 0 0 0 0 -136 0 0 0 0 0 0 0 0 0 -25 0 -4 0 0 0 0
0 0 0 0 0 -389 0 0 0 0 0 0 0 0 0 0 0 0 0 0 0 0 0 0 0 0 0 0 0 0 0 0 0 0 0 0 0 0 0 0 0 0 0 0 0 0 0 0 0 0 0 0 0 0 0 0 0 0 0 0 0 0 0 0 0 0 0 0 0 0 0 0 0 0 0 0 0 0 0 0 0 0 0 0 0 0 0 0 0 0 0 0 0 0 0 0 0 0 0 0 0 0 0 0 0 0 0 0 0 0
-45 -22 0 0 0 0 57 0 0 0 0 62 0 0 0 10 0 -4 -272 0 -157 0 0 0 0 0 0 73 0 46 -12 0 0 0 391 0 76 0 151 14 0 0 1 -1 0 1 0 0 0 0 0 127 0 0 0 0 0 79 0 0 0 0 4 -26 0 0 0 0 16 11 0 0 0 0 106 10 -112 0 0 0 0 0 -10 0 0 0 0 0 0 0 0 0 0 0 0 0 0 0 0 13 -24 0 0 0 0 31 0 -11 0 0
0 0 0 0 0 0 0 -90 0 0 0 0 0 0 0 0 0 0 0 0 0 0 0 0 0 0 0 0 0 0 0 0 0 0 0 0 0 0 0 0 0 0 0 0 -31 0 0 0 0 0 0 0 0 0 0 0 0 0 0 60 0 0 0 0 0 0 0 0 0 0 0 0 0 0 0 0 0 0 0 0 0 0 0 0 0 0 0 0 0 0 0 -267 0 0 0 0 0 0 0 0 0 0 0 0 0 0 0 0 101 0
0 0 0 0 0 0 0 0 188 0 0 0 0 0 0 0 0 0 0 0 0 0 0 0 0 0 0 0 0 0 0 0 0 0 0 0 0 0 0 0 0 0 0 0 0 0 0 0 0 0 0 0 0 0 0 0 0 0 0 0 0 0 0 0 0 0 0 0 0 0 0 0 0 0 0 0 0 0 0 0 0 0 0 0 0 0 0 0 0 0 0 0 0 0 0 0 0 0 0 0 0 0 0 0 0 0 0 0 0 0
0 0 0 2 0 0 0 0 0 -77 0 0 0 -209 19 0 0 0 0 0 0 0 0 0 0 0 -87 0 0 17 0 0 0 0 0 0 0 0 0 0 -8 0 0 0 2 0 0 0 0 0 0 0 0 0 51 0 0 -5 0 0 0 0 0 -11 0 0 0 0 7 0 0 27 1 0 0 0 0 -679 0 0 0 0 0 0 0 0 0 -12 0 1 0 0 0 0 0 -216 23 0 0 -62 0 0 0 0 0 0 0 0 1 0
0 0 0 0 0 0 0 0 0 0 695 0 0 0 0 0 0 0 0 0 0 0 0 0 0 0 0 0 0 0 0 0 0 0 0 0 0 0 0 0 0 0 0 0 0 0 0 0 0 0 0 0 0 0 0 0 0 0 0 0 0 0 0 0 0 0 0 0 0 0 0 0 0 0 0 0 0 0 0 0 0 0 0 0 0 0 0 0 0 0 0 0 0 0 0 0 0 0 0 0 0 0 0 0 0 0 0 0 0 0
-511 140 0 0 0 0 62 0 0 0 0 -191 0 0 0 0 0 25 0 3 0 0 0 0 0 0 0 31 1 19 -3 0 0 0 113 0 -43 0 -86 -79 0 2 -4 7 0 0 0 0 0 0 0 103 0 0 0 0 0 0 0 0 0 0 -18 0 0 5 0 4 0 13 0 0 24 0 0 4 -5 0 10 0 0 0 -4 -1 0 11 0 0 0 -1 0 0 0 2 0 0 0 12 0 6 24 0 0 0 216 10 -8 -4 0 0
0 0 0 0 7 0 0 0 0 0 0 0 -373 0 0 0 -19 0 0 0 0 0 0 0 164 0 0 0 0 0 0 0 0 0 0 0 0 0 0 0 0 0 0 0 0 0 0 0 -2 0 0 0 0 0 0 0 0 0 0 0 0 0 0 0 0 0 0 0 0 1 0 0 0 0 0 98 0 0 0 114 0 0 81 0 0 1 0 0 0 0 0 0 0 0 -810 0 0 0 0 0 0 0 0 -1 0 0 0 0 0 0
0 0 -85 20 0 0 0 0 0 -209 0 0 0 -552 254 0 0 0 0 0 0 0 0 0 0 0 30 0 0 7 0 -10 0 0 0 0 0 0 0 0 6 0 0 0 9 0 0 0 0 0 0 0 0 0 -38 0 0 0 0 -4 1 0 0 0 0 0 0 0 0 0 0 0 1 0 0 1 0 181 0 0 0 0 0 0 0 0 0 -174 0 4 0 -1 0 0 0 72 0 0 0 -24 0 0 0 0 0 0 0 1 1 0
0 0 0 -10 0 0 0 0 0 19 0 0 0 254 655 0 0 0 0 0 0 0 0 0 0 0 -2 0 0 -20 0 0 0 0 0 0 0 0 0 0 11 0 0 0 -1 0 0 0 0 0 0 0 0 0 -61 0 0 0 0 0 0 0 0 0 0 0 0 0 0 0 0 0 0 0 0 0 0 -15 0 0 0 0 0 0 0 0 0 93 0 0 0 1 0 0 0 -6 0 0 0 76 0 0 0 0 0 0 0 0 0 0
0 0 0 0 0 0 10 0 0 0 0 0 0 0 0 -673 0 0 -5 0 -3 0 0 0 0 0 0 0 0 0 1 0 0 0 -6 0 -8 0 -17 0 0 0 0 0 0 -87 0 0 0 0 0 -18 0 0 0 0 0 31 0 0 0 0 0 -10 0 0 0 0 7 0 0 0 0 0 42 0 -16 0 0 0 0 0 0 0 0 0 0 0 0 0 0 0 0 0 0 0 0 0 0 0 0 0 0 0 0 0 0 0 0 0
0 0 0 0 1 0 0 0 0 0 0 0 -19 0 0 0 -104 0 0 0 0 0 0 0 3 0 0 0 0 0 0 0 0 0 0 0 0 0 0 0 0 0 0 0 0 0 0 0 0 0 0 0 0 0 0 0 0 0 0 0 0 0 0 0 0 0 0 0 0 1 0 0 0 0 0 2 0 0 0 -161 0 0 2 0 0 1 0 0 0 0 0 0 0 0 -12 0 0 0 0 0 0 0 0 0 0 0 0 0 0 0
-18 -198 0 0 0 0 -4 0 0 0 0 25 0 0 0 0 0 413 0 0 0 0 0 0 0 0 0 0 0 0 1 0 0 0 -7 0 -6 0 -12 -11 0 0 1 -1 0 0 0 0 0 0 0 16 0 0 0 0 0 0 0 0 0 0 -674 0 0 0 0 131 0 2 0 0 0 0 0 0 1 0 0 0 0 0 0 0 0 2 0 0 0 0 0 0 0 1 0 0 0 0 0 0 -9 0 0 0 0 0 0 0 0 0
0 0 0 0 0 0 -272 0 0 0 0 0 0 0 0 -5 0 0 -444 0 -382 0 0 0 0 0 0 0 0 0 -4 0 0 0 152 0 -33 0 -66 0 0 0 0 0 0 0 0 53 0 0 0 -69 0 0 0 0 0 -43 0 0 0 0 0 15 4 0 0 0 -8 0 0 0 0 0 -59 0 47 0 0 0 0 -21 0 0 0 0 0 0 0 0 0 0 0 0 0 0 0 0 0 0 0 0 13 0 0 0 0 0 0 0
0 0 0 0 0 0 0 0 0 0 0 3 0 0 0 0 0 0 0 -120 0 0 0 0 0 0 0 0 0 0 115 0 0 0 4 0 0 0 0 0 0 0 0 0 0 0 0 0 0 0 0 0 0 0 0 0 0 0 0 0 0 -68 0 0 0 277 0 0 0 0 0 0 0 0 0 0 0 0 -10 0 -66 0 0 461 0 0 0 0 0 0 0 0 0 0 0 0 0 0 0 0 7 0 0 0 0 0 27 0 0 0
0 0 0 0 0 0 -157 0 0 0 0 0 0 0 0 -3 0 0 -382 0 -2 0 0 0 0 0 0 0 0 0 -2 0 0 0 88 0 -19 0 -38 0 0 0 0 0 0 0 0 -90 0 0 0 -40 0 0 0 0 0 -25 0 0 0 0 0 9 -5 0 0 0 -5 0 0 0 0 0 -34 0 27 0 0 0 0 38 0 0 0 0 0 0 0 0 0 0 0 0 0 0 0 0 0 0 0 0 -20 0 0 0 0 0 0 0
0 0 0 0 0 0 0 0 0 0 0 0 0 0 0 0 0 0 0 0 0 122 0 0 0 0 0 0 0 0 0 0 0 0 0 0 0 0 0 0 0 0 0 0 0 0 0 0 0 0 0 0 0 0 0 0 0 0 0 0 144 0 0 0 0 0 0 0 0 0 0 0 0 0 0 -53 0 0 0 0 0 0 64 0 0 0 0 0 0 0 0 0 0 0 0 0 0 0 0 0 0 0 0 0 0 0 0 -106 0 0
0 0 0 0 0 0 0 0 0 0 0 0 0 0 0 0 0 0 0 0 0 0 -830 0 0 0 0 0 0 0 0 0 0 0 0 0 0 0 0 0 0 0 0 0 0 0 0 0 0 0 0 0 0 0 0 0 0 0 0 0 0 0 0 0 0 0 0 0 0 0 0 0 0 0 0 0 0 0 0 0 0 0 0 0 0 0 0 0 0 0 0 0 0 0 0 0 0 0 0 0 0 0 0 0 0 0 0 0 0 0
0 0 0 0 0 0 0 0 0 0 0 0 0 0 0 0 0 0 0 0 0 0 0 -543 0 0 0 0 0 0 0 0 0 0 0 0 0 0 0 0 0 0 0 0 0 0 0 0 0 0 0 0 0 0 0 0 0 0 0 0 0 0 0 0 0 0 0 0 0 0 0 0 0 0 0 0 0 0 0 0 0 0 0 0 0 0 0 0 0 0 0 0 0 0 0 0 0 0 0 0 0 0 0 0 0 0 0 0 0 0
0 0 0 0 31 0 0 0 0 0 0 0 164 0 0 0 3 0 0 0 0 0 0 0 401 0 0 0 0 0 0 0 0 0 0 0 0 0 0 0 0 0 0 0 0 0 0 0 -10 0 0 0 0 0 0 0 0 0 0 0 0 0 0 0 0 0 0 0 0 1 0 0 0 0 0 -19 0 0 0 -15 0 0 -16 0 0 1 0 0 0 0 0 0 0 -4 164 0 0 0 0 0 0 0 0 -7 0 0 0 0 0 0
0 0 0 0 0 0 0 0 0 0 0 0 0 0 0 0 0 0 0 0 0 0 0 0 0 52 0 0 0 0 0 0 0 0 0 0 0 0 0 0 0 0 0 0 0 0 0 0 0 0 0 0 0 0 0 0 0 0 0 0 0 0 0 0 0 0 0 0 0 0 0 0 0 0 0 0 0 0 0 0 0 0 0 0 0 0 0 0 0 0 0 0 0 0 0 0 0 0 0 0 0 0 0 0 0 0 0 0 0 0
0 0 0 0 0 0 0 0 0 -87 0 0 0 30 -2 0 0 0 0 0 0 0 0 0 0 0 -655 0 0 -2 0 0 0 0 0 0 0 0 0 0 2 0 0 0 0 0 0 0 0 0 0 0 0 0 -7 0 0 -9 0 0 0 0 0 -20 0 0 0 0 12 0 0 47 0 0 0 0 0 76 0 0 0 0 0 0 0 0 0 2 0 0 0 1 0 0 0 60 41 0 0 9 0 0 0 0 0 0 0 0 0 0
-22 0 0 0 0 0 73 0 0 0 0 31 0 0 0 0 0 0 0 0 0 0 0 0 0 0 0 -438 0 -211 -4 0 0 0 133 0 0 0 0 0 0 0 0 0 0 0 0 0 0 0 0 0 0 0 0 0 0 0 0 0 0 0 0 0 0 0 0 0 0 -63 0 0 0 0 0 3 -6 0 0 0 0 0 -2 0 0 71 0 0 0 0 0 0 0 0 0 0 0 0 85 -56 -12 0 0 0 0 69 0 -2 0 0
0 -1 0 0 0 0 0 0 0 0 0 1 0 0 0 0 0 0 0 0 0 0 0 0 0 0 0 0 -175 0 1 0 0 0 0 0 1 0 1 1 0 537 115 -19 68 0 0 0 0 0 0 0 0 0 0 0 0 0 0 0 0 0 1 0 0 0 137 0 0 0 0 0 -11 0 0 0 1 0 0 0 0 0 0 0 0 0 0 0 0 -184 0 -7 0 0 0 0 0 0 0 0 0 0 0 0 0 1 0 0 3 0
-14 0 -71 -1 0 0 46 0 0 17 0 19 0 7 -20 0 0 0 0 0 0 0 0 0 0 0 -2 -211 0 -170 -2 -8 0 0 83 0 0 0 0 0 0 0 0 0 0 0 0 0 0 0 0 0 0 0 4 0 0 0 0 -3 1 0 0 0 0 0 0 0 0 -60 0 0 0 0 0 2 -3 -14 0 0 0 0 -1 0 0 15 0 14 0 0 0 0 0 0 0 -5 0 0 0 83 -7 0 0 0 0 -86 0 -1 1 0
3 2 0 0 0 0 -12 0 0 0 0 -3 0 0 0 1 0 1 -4 115 -2 0 0 0 0 0 0 -4 1 -2 322 0 0 0 -7 0 1 0 2 0 0 1 0 1 0 1 0 0 0 0 0 4 0 41 0 0 0 2 0 0 0 90 0 0 0 -87 0 1 1 0 0 0 0 0 3 0 1 0 0 0 356 0 1 -74 0 1 0 0 0 0 0 0 0 1 0 0 0 0 0 0 2 0 0 0 0 -1 0 1 0 0
0 0 79 0 0 0 0 0 0 0 0 0 0 -10 0 0 0 0 0 0 0 0 0 0 0 0 0 0 0 -8 0 -589 0 0 0 0 0 0 0 0 0 0 0 0 -1 0 0 0 0 0 0 0 0 0 0 0 0 0 0 -51 0 0 0 0 0 0 0 0 0 0 0 0 0 0 0 0 0 0 0 0 0 0 1 0 0 0 0 0 0 0 0 -9 0 0 0 0 0 0 0 32 0 0 0 0 0 0 0 0 4 0
0 0 0 0 0 0 0 0 0 0 0 0 0 0 0 0 0 0 0 0 0 0 0 0 0 0 0 0 0 0 0 0 265 0 0 0 0 0 0 0 0 0 0 0 0 0 0 0 0 0 0 0 0 0 0 0 0 0 0 0 0 0 0 0 0 0 0 0 0 0 0 0 0 0 0 0 0 0 0 0 0 0 0 0 0 0 0 0 0 0 0 0 0 0 0 0 0 0 0 0 0 0 0 0 0 0 0 0 0 0
0 0 0 0 0 0 0 0 0 0 0 0 0 0 0 0 0 0 0 0 0 0 0 0 0 0 0 0 0 0 0 0 0 -910 0 0 0 0 0 0 0 0 0 0 0 0 0 0 0 0 0 0 0 0 0 0 0 0 0 0 0 0 0 0 0 0 0 0 0 0 0 0 0 0 0 0 0 0 0 0 0 0 0 0 0 0 0 0 0 0 0 0 0 0 0 0 0 0 0 0 0 0 0 0 0 0 0 0 0 0
-83 -41 0 0 0 0 391 0 0 0 0 113 0 0 0 -6 0 -7 152 4 88 0 0 0 0 0 0 133 0 83 -7 0 0 0 565 0 -23 0 -45 24 0 0 2 -2 0 0 0 0 0 0 0 -106 0 2 0 0 0 -47 0 0 0 3 6 17 0 -2 0 -1 -9 20 0 0 0 0 -64 17 -8 0 0 0 12 0 -19 -2 0 0 0 0 0 0 0 0 0 0 0 0 0 0 0 23 -45 0 0 0 0 56 0 -20 0 0
0 0 0 0 0 0 0 0 0 0 0 0 0 0 0 0 0 0 0 0 0 0 0 0 0 0 0 0 0 0 0 0 0 0 0 347 0 0 0 0 0 0 0 0 0 0 0 0 0 0 0 0 0 0 0 0 0 0 0 0 0 0 0 0 0 0 0 0 0 0 0 0 0 0 0 0 0 0 0 0 0 0 0 0 0 0 0 0 0 0 0 0 0 0 0 0 0 0 0 0 0 0 0 0 0 0 0 0 0 0
33 -36 0 0 -12 0 76 0 0 0 0 -43 0 0 0 -8 0 -6 -33 0 -19 0 0 0 0 0 0 0 1 0 1 0 0 0 -23 0 -521 0 131 36 0 1 -1 3 0 0 0 0 0 0 0 -21 0 0 0 0 0 -68 0 0 0 0 5 97 0 0 0 0 112 4 -27 0 0 22 -92 0 30 0 0 0 0 0 0 0 0 6 0 0 0 0 0 0 0 -77 0 0 0 0 0 0 18 0 0 0 0 -1 0 0 0 0
0 0 0 0 0 0 0 0 0 0 0 0 0 0 0 0 0 0 0 0 0 0 0 0 0 0 0 0 0 0 0 0 0 0 0 0 0 -854 0 0 0 0 0 0 0 0 0 0 0 0 0 0 0 0 0 0 0 0 0 0 0 0 0 0 0 0 0 0 0 0 0 0 0 0 0 0 0 0 0 0 0 0 0 0 0 0 0 0 0 0 0 0 0 0 0 0 0 0 0 0 0 0 0 0 0 0 0 0 0 17
65 -73 0 0 -24 0 151 0 0 0 0 -86 0 0 0 -17 0 -12 -66 0 -38 0 0 0 0 0 0 0 1 0 2 0 0 0 -45 0 131 0 -327 72 0 1 -2 5 0 -1 0 0 0 0 0 -43 0 0 0 0 0 -135 0 0 0 0 10 10 0 0 0 -1 -89 8 14 0 0 44 -183 0 59 0 0 0 0 0 0 0 0 11 0 0 0 0 0 0 0 -153 0 0 0 0 0 0 35 0 0 0 0 -3 0 0 0 0
60 -67 0 0 73 0 14 0 0 0 0 -79 0 0 0 0 0 -11 0 0 0 0 0 0 0 0 0 0 1 0 0 0 0 0 24 0 36 0 72 -352 0 1 -2 5 0 0 0 0 0 0 0 -84 0 0 0 0 0 0 0 0 0 0 10 0 0 0 0 -1 0 -33 0 0 0 -126 0 0 -1 0 0 0 0 0 0 0 0 -45 0 0 0 0 0 0 0 446 0 0 0 0 0 0 33 0 0 0 0 16 0 0 0 0
0 0 0 1 0 0 0 0 0 -8 0 0 0 6 11 0 0 0 0 0 0 0 0 0 0 0 2 0 0 0 0 0 0 0 0 0 0 0 0 0 610 0 0 0 0 0 0 0 0 0 0 0 0 0 -1 0 0 0 0 0 0 0 0 0 0 0 0 0 0 0 0 0 0 0 0 0 0 8 0 0 0 0 0 0 0 0 0 -7 0 0 0 0 0 0 0 4 0 0 0 2 0 0 0 0 0 0 0 0 0 0
0 -1 0 0 0 0 0 0 0 0 0 2 0 0 0 0 0 0 0 0 0 0 0 0 0 0 0 0 537 0 1 0 0 0 0 0 1 0 1 1 0 -155 118 -19 -66 0 0 0 0 0 0 0 0 0 0 0 0 0 0 0 0 0 1 0 0 0 -133 0 0 0 0 0 12 0 0 0 1 0 0 0 0 0 0 0 0 0 0 0 0 181 0 7 0 0 0 0 0 0 0 0 0 0 0 0 0 1 0 0 -2 0
4 5 0 0 0 0 1 0 0 0 0 -4 0 0 0 0 0 1 0 0 0 0 0 0 0 0 0 0 115 0 0 0 0 0 2 0 -1 0 -2 -2 0 118 -52 82 0 0 0 0 0 0 0 4 0 0 0 0 0 0 0 0 0 0 0 0 0 0 0 1 0 1 0 0 0 0 0 0 0 0 0 0 0 0 0 0 0 1 0 0 0 0 0 0 0 1 0 0 0 0 0 0 2 0 0 0 0 0 0 0 0 0
-5 -7 0 0 0 0 -1 0 0 0 0 7 0 0 0 0 0 -1 0 0 0 0 0 0 0 0 0 0 -19 0 1 0 0 0 -2 0 3 0 5 5 0 -19 82 -188 0 0 0 0 0 0 0 -5 0 0 0 0 0 0 0 0 0 0 2 0 0 0 0 0 0 0 0 0 0 0 0 0 1 0 0 0 0 0 0 0 0 0 0 0 0 0 0 0 0 0 0 0 0 0 0 0 -2 0 0 0 0 1 0 0 0 0
0 0 0 0 0 0 0 -31 0 2 0 0 0 9 -1 0 0 0 0 0 0 0 0 0 0 0 0 0 68 0 0 -1 0 0 0 0 0 0 0 0 0 -66 0 0 -673 0 0 0 0 0 0 0 0 0 -2 0 0 0 0 -7 0 0 0 0 0 0 -161 0 0 0 0 0 -10 0 0 0 0 -1 0 0 0 0 0 0 0 0 0 2 0 -169 0 47 0 0 0 0 0 0 0 3 0 0 0 0 0 0 0 0 -17 0
0 0 0 0 0 0 1 0 0 0 0 0 0 0 0 -87 0 0 0 0 0 0 0 0 0 0 0 0 0 0 1 0 0 0 0 0 0 0 -1 0 0 0 0 0 0 636 0 0 0 0 0 -1 0 0 0 0 0 3 0 0 0 0 0 0 0 0 0 0 1 0 0 0 0 0 3 0 -1 0 0 0 0 0 0 0 0 0 0 0 0 0 0 0 0 0 0 0 0 0 0 0 0 0 0 0 0 0 0 0 0 0
0 0 0 0 0 0 0 0 0 0 0 0 0 0 0 0 0 0 0 0 0 0 0 0 0 0 0 0 0 0 0 0 0 0 0 0 0 0 0 0 0 0 0 0 0 0 989 0 0 0 0 0 0 0 0 0 0 0 0 0 0 0 0 0 0 0 0 0 0 0 0 0 0 0 0 0 0 0 0 0 0 0 0 0 0 0 0 0 0 0 0 0 0 0 0 0 0 0 0 0 0 0 0 0 0 0 0 0 0 0
0 0 0 0 0 0 0 0 0 0 0 0 0 0 0 0 0 0 53 0 -90 0 0 0 0 0 0 0 0 0 0 0 0 0 0 0 0 0 0 0 0 0 0 0 0 0 0 851 0 0 0 0 0 0 0 0 0 0 0 0 0 0 0 0 36 0 0 0 0 0 0 0 0 0 0 0 0 0 0 0 0 -233 0 0 0 0 0 0 0 0 0 0 0 0 0 0 0 0 0 0 0 0 128 0 0 0 0 0 0 0
0 0 0 0 -35 0 0 0 0 0 0 0 -2 0 0 0 0 0 0 0 0 0 0 0 -10 0 0 0 0 0 0 0 0 0 0 0 0 0 0 0 0 0 0 0 0 0 0 0 61 0 0 0 0 0 0 0 0 0 62 0 0 0 0 0 0 0 0 0 0 0 0 0 0 0 0 0 0 0 0 1 0 0 0 0 0 0 0 0 0 0 0 0 0 6 0 0 0 0 0 0 0 0 0 341 0 1 0 0 0 0
0 0 0 0 0 0 0 0 0 0 0 0 0 0 0 0 0 0 0 0 0 0 0 0 0 0 0 0 0 0 0 0 0 0 0 0 0 0 0 0 0 0 0 0 0 0 0 0 0 -351 0 0 0 0 0 0 0 0 0 0 0 0 0 0 0 0 0 0 0 0 0 0 0 0 0 0 0 0 0 0 0 0 0 0 0 0 0 0 0 0 0 0 0 0 0 0 0 0 0 0 0 0 0 0 0 0 0 0 0 0
0 0 0 0 0 0 0 0 0 0 0 0 0 0 0 0 0 0 0 0 0 0 0 0 0 0 0 0 0 0 0 0 0 0 0 0 0 0 0 0 0 0 0 0 0 0 0 0 0 0 220 0 0 0 0 0 0 0 0 0 0 0 0 0 0 0 0 0 0 0 0 0 0 0 0 0 0 0 0 0 0 0 0 0 0 0 0 0 0 0 0 0 0 0 0 0 0 0 0 0 0 0 0 0 0 0 0 0 0 0
-76 87 0 0 30 0 127 0 0 0 0 103 0 0 0 -18 0 16 -69 0 -40 0 0 0 0 0 0 0 0 0 4 0 0 0 -106 0 -21 0 -43 -84 0 0 4 -5 0 -1 0 0 0 0 0 -256 0 0 0 0 0 -143 0 0 0 0 -11 49 0 0 0 3 -28 -9 0 0 0 -51 -194 0 65 0 0 0 0 0 0 0 0 -12 0 0 0 0 0 0 0 183 0 0 0 0 0 0 -41 0 0 0 0 5 0 0 0 0
0 0 0 0 0 0 0 0 0 0 0 0 0 0 0 0 0 0 0 0 0 0 0 0 0 0 0 0 0 0 0 0 0 0 0 0 0 0 0 0 0 0 0 0 0 0 0 0 0 0 0 0 -923 0 0 0 0 0 0 0 0 0 0 0 0 0 0 0 0 0 0 0 0 0 0 0 0 0 0 0 0 0 0 0 0 0 0 0 0 0 0 0 0 0 0 0 0 0 0 0 0 0 0 0 0 0 0 0 0 0
0 0 0 0 0 0 0 0 0 0 0 0 0 0 0 0 0 0 0 0 0 0 0 0 0 0 0 0 0 0 41 0 0 0 2 0 0 0 0 0 0 0 0 0 0 0 0 0 0 0 0 0 0 -365 0 0 0 0 0 0 0 92 0 0 0 0 0 0 0 0 0 0 0 0 0 0 0 0 0 0 -23 0 0 0 0 0 0 0 0 0 0 0 0 0 0 0 0 0 0 0 0 0 0 0 0 0 0 0 0 0
0 0 0 -4 0 0 0 0 0 51 0 0 0 -38 -61 0 0 0 0 0 0 0 0 0 0 0 -7 0 0 4 0 0 0 0 0 0 0 0 0 0 -1 0 0 0 -2 0 0 0 0 0 0 0 0 0 -723 0 0 0 0 0 0 0 0 0 0 0 0 0 0 0 0 0 0 0 0 0 0 -43 0 0 0 0 0 0 0 0 0 43 0 0 0 1 0 0 0 -17 0 0 0 -11 0 0 0 0 0 0 0 0 0 0
0 0 0 0 0 0 0 0 0 0 0 0 0 0 0 0 0 0 0 0 0 0 0 0 0 0 0 0 0 0 0 0 0 0 0 0 0 0 0 0 0 0 0 0 0 0 0 0 0 0 0 0 0 0 0 474 0 0 0 0 0 0 0 0 0 0 0 0 0 0 0 0 0 0 0 0 0 0 0 0 0 0 0 0 0 0 0 0 0 0 0 0 0 0 0 0 0 0 0 0 0 0 0 0 0 0 0 0 0 0
0 0 0 380 0 0 0 0 0 0 0 0 0 0 0 0 0 0 0 0 0 0 0 0 0 0 0 0 0 0 0 0 0 0 0 0 0 0 0 0 0 0 0 0 0 0 0 0 0 0 0 0 0 0 0 0 784 0 0 0 0 0 0 0 0 0 0 0 0 0 0 0 0 0 0 0 0 0 0 0 0 0 0 0 0 0 0 43 0 0 0 0 0 0 0 0 0 0 0 0 0 0 0 0 0 0 0 0 0 0
0 0 0 0 0 0 79 0 0 -5 0 0 0 0 0 31 0 0 -43 0 -25 0 0 0 0 0 -9 0 0 0 2 0 0 0 -47 0 -68 0 -135 0 0 0 0 0 0 3 0 0 0 0 0 -143 0 0 0 0 0 262 0 0 0 0 0 196 0 0 0 0 -115 0 0 -14 0 0 -333 0 -95 5 0 0 0 0 0 0 0 0 0 0 0 0 0 0 0 0 0 -22 -12 0 0 0 0 0 0 0 0 0 0 0 0 0
0 0 0 0 31 0 0 0 0 0 0 0 0 0 0 0 0 0 0 0 0 0 0 0 0 0 0 0 0 0 0 0 0 0 0 0 0 0 0 0 0 0 0 0 0 0 0 0 62 0 0 0 0 0 0 0 0 0 444 0 0 0 0 0 0 0 0 0 0 1 0 0 0 0 0 0 0 0 0 0 0 0 0 0 0 1 0 0 0 0 0 0 0 -4 0 0 0 0 0 0 0 0 0 45 0 0 0 0 0 0
0 0 0 0 0 0 0 60 0 0 0 0 0 -4 0 0 0 0 0 0 0 0 0 0 0 0 0 0 0 -3 0 -51 0 0 0 0 0 0 0 0 0 0 0 0 -7 0 0 0 0 0 0 0 0 0 0 0 0 0 0 -526 0 0 0 0 0 0 0 0 0 0 0 0 0 0 0 0 0 0 0 0 0 0 0 0 0 0 0 0 0 0 0 -61 0 0 0 0 0 0 0 13 0 0 0 0 0 0 0 0 24 0
0 0 3 0 0 0 0 0 0 0 0 0 0 1 0 0 0 0 0 0 0 144 0 0 0 0 0 0 0 1 0 0 0 0 0 0 0 0 0 0 0 0 0 0 0 0 0 0 0 0 0 0 0 0 0 0 0 0 0 0 306 0 0 0 0 0 0 0 0 0 0 0 0 0 0 -204 0 0 0 0 0 0 247 0 0 0 0 0 0 0 0 0 0 0 0 0 0 0 0 -2 0 0 0 0 0 0 0 -409 0 0
0 0 0 0 0 0 0 0 0 0 0 0 0 0 0 0 0 0 0 -68 0 0 0 0 0 0 0 0 0 0 90 0 0 0 3 0 0 0 0 0 0 0 0 0 0 0 0 0 0 0 0 0 0 92 0 0 0 0 0 0 0 261 0 0 0 53 0 0 0 0 0 0 0 0 0 0 0 0 0 0 -52 0 0 46 0 0 0 0 0 0 0 0 0 0 0 0 0 0 0 0 0 0 0 0 0 0 0 0 0 0
14 151 0 0 0 0 4 0 0 0 0 -18 0 0 0 0 0 -674 0 0 0 0 0 0 0 0 0 0 1 0 0 0 0 0 6 0 5 0 10 10 0 1 0 2 0 0 0 0 0 0 0 -11 0 0 0 0 0 0 0 0 0 0 62 0 0 0 0 33 0 0 0 0 0 0 0 0 0 0 0 0 0 0 0 0 0 -1 0 0 0 0 0 0 0 0 0 0 0 0 0 0 8 0 0 0 0 1 0 0 0 0
0 0 0 0 0 0 -26 0 0 -11 0 0 0 0 0 -10 0 0 15 0 9 0 0 0 0 0 -20 0 0 0 0 0 0 0 17 0 97 0 10 0 0 0 0 0 0 0 0 0 0 0 0 49 0 0 0 0 0 196 0 0 0 0 0 339 0 0 0 0 -690 0 20 -30 0 0 114 0 33 10 0 0 0 0 0 0 0 0 0 0 0 0 0 0 0 0 0 -49 -27 0 0 0 0 0 0 0 0 0 0 0 0 0
0 0 0 0 0 0 0 0 0 0 0 0 0 0 0 0 0 0 4 0 -5 0 0 0 0 0 0 0 0 0 0 0 0 0 0 0 0 0 0 0 0 0 0 0 0 0 0 36 0 0 0 0 0 0 0 0 0 0 0 0 0 0 0 0 -270 0 0 0 0 0 0 0 0 0 0 0 0 0 0 0 0 -15 0 0 0 0 0 0 0 0 0 0 0 0 0 0 0 0 0 0 0 0 171 0 0 0 0 0 0 0
0 0 0 0 0 0 0 0 0 0 0 5 0 0 0 0 0 0 0 277 0 0 0 0 0 0 0 0 0 0 -87 0 0 0 -2 0 0 0 0 0 0 0 0 0 0 0 0 0 0 0 0 0 0 0 0 0 0 0 0 0 0 53 0 0 0 -119 0 0 0 0 0 0 0 0 0 0 0 0 -18 0 51 0 0 -182 0 0 0 0 0 0 0 0 0 0 0 0 0 0 0 0 12 0 0 0 0 0 51 0 0 0
0 0 0 0 0 0 0 0 0 0 0 0 0 0 0 0 0 0 0 0 0 0 0 0 0 0 0 0 137 0 0 0 0 0 0 0 0 0 0 0 0 -133 0 0 -161 0 0 0 0 0 0 0 0 0 0 0 0 0 0 0 0 0 0 0 0 0 134 0 0 0 0 0 28 0 0 0 0 0 0 0 0 0 0 0 0 0 0 0 0 437 0 17 0 0 0 0 0 0 0 0 0 0 0 0 0 0 0 0 -6 0
-2 -29 0 0 0 0 0 0 0 0 0 4 0 0 0 0 0 131 0 0 0 0 0 0 0 0 0 0 0 0 1 0 0 0 -1 0 0 0 -1 -1 0 0 1 0 0 0 0 0 0 0 0 3 0 0 0 0 0 0 0 0 0 0 33 0 0 0 0 224 0 1 0 0 0 0 0 0 1 0 0 0 0 0 0 0 0 1 0 0 0 0 0 0 0 1 0 0 0 0 0 0 -1 0 0 0 0 0 0 0 0 0
0 0 0 0 0 0 16 0 0 7 0 0 0 0 0 7 0 0 -8 0 -5 0 0 0 0 0 12 0 0 0 1 0 0 0 -9 0 112 0 -89 0 0 0 0 0 0 1 0 0 0 0 0 -28 0 0 0 0 0 -115 0 0 0 0 0 -690 0 0 0 0 -421 0 34 19 0 0 -67 0 -19 -5 0 0 0 0 0 0 0 0 0 0 0 0 0 0 0 0 0 30 17 0 0 0 0 0 0 0 0 0 0 0 0 0
-8 7 0 0 11 0 11 0 0 0 0 13 1 0 0 0 1 2 0 0 0 0 0 0 1 0 0 -63 0 -60 0 0 0 0 20 0 4 0 8 -33 0 0 1 0 0 0 0 0 0 0 0 -9 0 0 0 0 0 0 1 0 0 0 0 0 0 0 0 1 0 332 0 0 0 -6 0 1 0 0 0 0 0 0 0 0 0 -463 0 0 0 0 0 0 0 25 0 0 0 0 -31 -16 -4 0 0 0 0 -77 0 0 0 0
0 0 0 0 0 0 0 0 0 0 0 0 0 0 0 0 0 0 0 0 0 0 0 0 0 0 0 0 0 0 0 0 0 0 0 0 -27 0 14 0 0 0 0 0 0 0 0 0 0 0 0 0 0 0 0 0 0 0 0 0 0 0 0 20 0 0 0 0 34 0 -629 0 0 0 0 0 0 0 0 0 0 0 0 0 0 0 0 0 0 0 0 0 0 0 0 0 0 0 0 0 0 0 0 0 0 0 0 0 0 0
0 0 0 0 0 0 0 0 0 27 0 0 0 0 0 0 0 0 0 0 0 0 0 0 0 0 47 0 0 0 0 0 0 0 0 0 0 0 0 0 0 0 0 0 0 0 0 0 0 0 0 0 0 0 0 0 0 -14 0 0 0 0 0 -30 0 0 0 0 19 0 0 652 0 0 0 0 0 -22 0 0 0 0 0 0 0 0 0 0 0 0 0 0 0 0 0 115 333 0 0 0 0 0 0 0 0 0 0 0 0 0
0 0 0 0 0 0 0 0 0 1 0 24 0 1 0 0 0 0 0 0 0 0 0 0 0 0 0 0 -11 0 0 0 0 0 0 0 0 0 0 0 0 12 0 0 -10 0 0 0 0 0 0 0 0 0 0 0 0 0 0 0 0 0 0 0 0 0 28 0 0 0 0 0 220 0 0 0 0 0 709 0 0 0 0 0 0 0 0 1 0 -31 0 2 0 0 0 0 0 -273 0 1 58 0 0 0 0 0 252 0 0 0
0 0 0 0 7 0 0 0 0 0 0 0 0 0 0 0 0 0 0 0 0 0 0 0 0 0 0 0 0 0 0 0 0 0 0 0 22 0 44 -126 0 0 0 0 0 0 0 0 0 0 0 -51 0 0 0 0 0 0 0 0 0 0 0 0 0 0 0 0 0 -6 0 0 0 -333 0 0 0 0 0 0 0 0 0 0 0 -8 0 0 0 0 0 0 0 42 0 0 0 0 0 0 0 0 0 0 0 3 0 0 0 0
0 0 0 0 0 0 106 0 0 0 0 0 0 0 0 42 0 0 -59 0 -34 0 0 0 0 0 0 0 0 0 3 0 0 0 -64 0 -92 0 -183 0 0 0 0 0 0 3 0 0 0 0 0 -194 0 0 0 0 0 -333 0 0 0 0 0 114 0 0 0 0 -67 0 0 0 0 0 5 0 -129 0 0 0 0 0 0 0 0 0 0 0 0 0 0 0 0 0 0 0 0 0 0 0 0 0 0 0 0 0 0 0 0 0
-2 0 1 0 0 0 10 0 0 0 0 4 98 1 0 0 2 0 0 0 0 -53 0 0 -19 0 0 3 0 2 0 0 0 0 17 0 0 0 0 0 0 0 0 0 0 0 0 0 0 0 0 0 0 0 0 0 0 0 0 0 -204 0 0 0 0 0 0 0 0 1 0 0 0 0 0 557 0 0 0 -8 0 0 -3 0 0 1 0 0 0 0 0 0 0 0 84 0 0 0 0 0 -1 0 0 0 0 1 0 -158 0 0
4 2 0 0 0 0 -112 0 0 0 0 -5 0 0 0 -16 0 1 47 0 27 0 0 0 0 0 0 -6 1 -3 1 0 0 0 -8 0 30 0 59 -1 0 1 0 1 0 -1 0 0 0 0 0 65 0 0 0 0 0 -95 0 0 0 0 0 33 0 0 0 1 -19 0 0 0 0 0 -129 0 -716 0 0 0 0 0 1 0 0 1 0 0 0 0 0 0 0 1 0 0 0 0 0 -1 3 0 0 0 0 -2 0 1 0 0
0 0 0 -1 0 0 0 0 0 -679 0 0 0 181 -15 0 0 0 0 0 0 0 0 0 0 0 76 0 0 -14 0 0 0 0 0 0 0 0 0 0 8 0 0 0 -1 0 0 0 0 0 0 0 0 0 -43 0 0 5 0 0 0 0 0 10 0 0 0 0 -5 0 0 -22 0 0 0 0 0 -280 0 0 0 0 0 0 0 0 0 12 0 0 0 1 0 0 0 187 -19 0 0 54 0 0 0 0 0 0 0 0 0 0
0 0 0 0 0 0 0 0 0 0 0 10 0 0 0 0 0 0 0 -10 0 0 0 0 0 0 0 0 0 0 0 0 0 0 0 0 0 0 0 0 0 0 0 0 0 0 0 0 0 0 0 0 0 0 0 0 0 0 0 0 0 0 0 0 0 -18 0 0 0 0 0 0 709 0 0 0 0 0 25 0 0 0 0 7 0 0 0 0 0 -43 0 0 0 0 0 0 0 358 0 0 23 0 0 0 0 0 101 0 0 0
0 0 0 0 0 0 0 0 0 0 0 0 114 0 0 0 -161 0 0 0 0 0 0 0 -15 0 0 0 0 0 0 0 0 0 0 0 0 0 0 0 0 0 0 0 0 0 0 0 1 0 0 0 0 0 0 0 0 0 0 0 0 0 0 0 0 0 0 0 0 0 0 0 0 0 0 -8 0 0 0 826 0 0 -7 0 0 0 0 0 0 0 0 0 0 1 75 0 0 0 0 0 0 0 0 1 0 1 0 0 0 0
0 0 0 0 0 0 0 0 0 0 0 0 0 0 0 0 0 0 0 -66 0 0 0 0 0 0 0 0 0 0 356 0 0 0 12 0 0 0 0 0 0 0 0 0 0 0 0 0 0 0 0 0 0 -23 0 0 0 0 0 0 0 -52 0 0 0 51 0 0 0 0 0 0 0 0 0 0 0 0 0 0 728 0 0 44 0 0 0 0 0 0 0 0 0 0 0 0 0 0 0 0 0 0 0 0 0 0 0 0 0 0
0 0 0 0 0 0 0 0 0 0 0 0 0 0 0 0 0 0 -21 0 38 0 0 0 0 0 0 0 0 0 0 0 0 0 0 0 0 0 0 0 0 0 0 0 0 0 0 -233 0 0 0 0 0 0 0 0 0 0 0 0 0 0 0 0 -15 0 0 0 0 0 0 0 0 0 0 0 0 0 0 0 0 389 0 0 0 0 0 0 0 0 0 0 0 0 0 0 0 0 0 0 0 0 -53 0 0 0 0 0 0 0
4 0 -1 0 0 0 -10 0 0 0 0 -4 81 0 0 0 2 0 0 0 0 64 0 0 -16 0 0 -2 0 -1 1 1 0 0 -19 0 0 0 0 0 0 0 0 0 0 0 0 0 0 0 0 0 0 0 0 0 0 0 0 0 247 0 0 0 0 0 0 0 0 0 0 0 0 0 0 -3 1 0 0 -7 0 0 558 0 0 0 0 0 0 0 0 0 0 0 70 0 0 0 0 1 2 0 0 0 0 -1 0 192 0 0
0 0 0 0 0 0 0 0 0 0 0 -1 0 0 0 0 0 0 0 461 0 0 0 0 0 0 0 0 0 0 -74 0 0 0 -2 0 0 0 0 0 0 0 0 0 0 0 0 0 0 0 0 0 0 0 0 0 0 0 0 0 0 46 0 0 0 -182 0 0 0 0 0 0 0 0 0 0 0 0 7 0 44 0 0 278 0 0 0 0 0 0 0 0 0 0 0 0 0 0 0 0 -4 0 0 0 0 0 -17 0 0 0
0 0 0 0 0 0 0 0 0 0 0 0 0 0 0 0 0 0 0 0 0 0 0 0 0 0 0 0 0 0 0 0 0 0 0 0 0 0 0 0 0 0 0 0 0 0 0 0 0 0 0 0 0 0 0 0 0 0 0 0 0 0 0 0 0 0 0 0 0 0 0 0 0 0 0 0 0 0 0 0 0 0 0 0 -156 0 0 0 0 0 0 0 0 0 0 0 0 0 0 0 0 0 0 0 0 0 0 0 0 0
-7 9 0 0 15 0 0 0 0 0 0 11 1 0 0 0 1 2 0 0 0 0 0 0 1 0 0 71 0 15 1 0 0 0 0 0 6 0 11 -45 0 0 1 0 0 0 0 0 0 0 0 -12 0 0 0 0 0 0 1 0 0 0 -1 0 0 0 0 1 0 -463 0 0 0 -8 0 1 1 0 0 0 0 0 0 0 0 60 0 0 0 0 0 0 0 34 0 0 0 0 -42 4 -4 0 0 0 0 -42 0 0 0 0
0 0 0 0 0 0 0 0 0 0 0 0 0 0 0 0 0 0 0 0 0 0 0 0 0 0 0 0 0 0 0 0 0 0 0 0 0 0 0 0 0 0 0 0 0 0 0 0 0 0 0 0 0 0 0 0 0 0 0 0 0 0 0 0 0 0 0 0 0 0 0 0 0 0 0 0 0 0 0 0 0 0 0 0 0 0 851 0 0 0 0 0 0 0 0 0 0 0 0 0 0 0 0 0 0 0 0 0 0 0
0 0 0 -89 0 0 0 0 0 -12 0 0 0 -174 93 0 0 0 0 0 0 0 0 0 0 0 2 0 0 14 0 0 0 0 0 0 0 0 0 0 -7 0 0 0 2 0 0 0 0 0 0 0 0 0 43 0 43 0 0 0 0 0 0 0 0 0 0 0 0 0 0 0 1 0 0 0 0 12 0 0 0 0 0 0 0 0 0 715 0 1 0 0 0 0 0 5 0 0 0 -52 0 0 0 0 0 0 0 0 1 0
0 0 0 0 0 0 0 0 0 0 0 0 0 0 0 0 0 0 0 0 0 0 0 0 0 0 0 0 0 0 0 0 0 0 0 0 0 0 0 0 0 0 0 0 0 0 0 0 0 0 0 0 0 0 0 0 0 0 0 0 0 0 0 0 0 0 0 0 0 0 0 0 0 0 0 0 0 0 0 0 0 0 0 0 0 0 0 0 -174 0 0 0 0 0 0 0 0 0 0 0 0 0 0 0 0 0 0 0 0 0
0 0 0 0 0 0 0 0 0 1 0 -1 0 4 0 0 0 0 0 0 0 0 0 0 0 0 0 0 -184 0 0 0 0 0 0 0 0 0 0 0 0 181 0 0 -169 0 0 0 0 0 0 0 0 0 0 0 0 0 0 0 0 0 0 0 0 0 437 0 0 0 0 0 -31 0 0 0 0 0 -43 0 0 0 0 0 0 0 0 1 0 -279 0 18 0 0 0 0 0 17 0 1 -3 0 0 0 0 0 -15 0 -6 0
0 0 0 0 0 0 0 0 0 0 0 0 0 0 0 0 0 0 0 0 0 0 0 0 0 0 0 0 0 0 0 0 0 0 0 0 0 0 0 0 0 0 0 0 0 0 0 0 0 0 0 0 0 0 0 0 0 0 0 0 0 0 0 0 0 0 0 0 0 0 0 0 0 0 0 0 0 0 0 0 0 0 0 0 0 0 0 0 0 0 -744 0 0 0 0 0 0 0 0 0 0 0 0 0 0 0 0 0 0 0
0 0 0 1 0 0 0 -267 0 0 0 0 0 -1 1 0 0 0 0 0 0 0 0 0 0 0 1 0 -7 0 0 -9 0 0 0 0 0 0 0 0 0 7 0 0 47 0 0 0 0 0 0 0 0 0 1 0 0 0 0 -61 0 0 0 0 0 0 17 0 0 0 0 0 2 0 0 0 0 1 0 0 0 0 0 0 0 0 0 0 0 18 0 -190 0 0 0 1 0 0 0 3 0 0 0 0 0 0 0 0 89 0
0 0 0 0 0 0 0 0 0 0 0 0 0 0 0 0 0 0 0 0 0 0 0 0 0 0 0 0 0 0 0 0 0 0 0 0 0 0 0 0 0 0 0 0 0 0 0 0 0 0 0 0 0 0 0 0 0 0 0 0 0 0 0 0 0 0 0 0 0 0 0 0 0 0 0 0 0 0 0 0 0 0 0 0 0 0 0 0 0 0 0 0 -45 0 0 0 0 0 0 0 0 0 0 0 0 0 0 0 0 0
-1 2 0 0 -136 0 0 0 0 0 0 2 0 0 0 0 0 1 0 0 0 0 0 0 -4 0 0 0 0 0 1 0 0 0 0 0 -77 0 -153 446 0 0 1 0 0 0 0 0 6 0 0 183 0 0 0 0 0 0 -4 0 0 0 0 0 0 0 0 1 0 25 0 0 0 42 0 0 1 0 0 1 0 0 0 0 0 34 0 0 0 0 0 0 0 -445 0 0 0 0 0 0 0 0 0 5 0 -11 0 0 0 0
0 0 0 0 0 0 0 0 0 0 0 0 -810 0 0 0 -12 0 0 0 0 0 0 0 164 0 0 0 0 0 0 0 0 0 0 0 0 0 0 0 0 0 0 0 0 0 0 0 0 0 0 0 0 0 0 0 0 0 0 0 0 0 0 0 0 0 0 0 0 0 0 0 0 0 0 84 0 0 0 75 0 0 70 0 0 0 0 0 0 0 0 0 0 0 270 0 0 0 0 0 0 0 0 0 0 0 0 0 0 0
0 0 0 0 0 0 0 0 0 -216 0 0 0 72 -6 0 0 0 0 0 0 0 0 0 0 0 60 0 0 -5 0 0 0 0 0 0 0 0 0 0 4 0 0 0 0 0 0 0 0 0 0 0 0 0 -17 0 0 -22 0 0 0 0 0 -49 0 0 0 0 30 0 0 115 0 0 0 0 0 187 0 0 0 0 0 0 0 0 0 5 0 0 0 1 0 0 0 -532 101 0 0 22 0 0 0 0 0 0 0 0 0 0
0 0 0 0 0 0 0 0 0 23 0 0 0 0 0 0 0 0 0 0 0 0 0 0 0 0 41 0 0 0 0 0 0 0 0 0 0 0 0 0 0 0 0 0 0 0 0 0 0 0 0 0 0 0 0 0 0 -12 0 0 0 0 0 -27 0 0 0 0 17 0 0 333 0 0 0 0 0 -19 0 0 0 0 0 0 0 0 0 0 0 0 0 0 0 0 0 101 563 0 0 0 0 0 0 0 0 0 0 0 0 0
0 0 0 0 0 0 0 0 0 0 0 12 0 0 0 0 0 0 0 0 0 0 0 0 0 0 0 0 0 0 0 0 0 0 0 0 0 0 0 0 0 0 0 0 0 0 0 0 0 0 0 0 0 0 0 0 0 0 0 0 0 0 0 0 0 0 0 0 0 0 0 0 -273 0 0 0 0 0 358 0 0 0 0 0 0 0 0 0 0 17 0 0 0 0 0 0 0 629 0 0 29 0 0 0 0 0 127 0 0 0
0 0 0 0 0 0 0 0 0 0 0 0 0 0 0 0 0 0 0 0 0 0 0 0 0 0 0 85 0 0 0 0 0 0 0 0 0 0 0 0 0 0 0 0 0 0 0 0 0 0 0 0 0 0 0 0 0 0 0 0 0 0 0 0 0 0 0 0 0 -31 0 0 0 0 0 0 0 0 0 0 0 0 0 0 0 -42 0 0 0 0 0 0 0 0 0 0 0 0 -265 0 0 0 0 0 0 -190 0 0 0 0
-3 0 269 6 0 0 13 0 0 -62 0 6 0 -24 76 0 0 0 0 0 0 0 0 0 0 0 9 -56 0 83 0 32 0 0 23 0 0 0 0 0 2 0 0 0 3 0 0 0 0 0 0 0 0 0 -11 0 0 0 0 13 -2 0 0 0 0 0 0 0 0 -16 0 0 1 0 0 0 -1 54 0 0 0 0 1 0 0 4 0 -52 0 1 0 3 0 0 0 22 0 0 0 -457 -2 0 0 0 0 -23 0 -2 0 0
208 -56 0 0 0 0 -24 0 0 0 0 24 0 0 0 0 0 -9 0 7 0 0 0 0 0 0 0 -12 0 -7 2 0 0 0 -45 0 18 0 35 33 0 0 2 -2 0 0 0 0 0 0 0 -41 0 0 0 0 0 0 0 0 0 0 8 0 0 12 0 -1 0 -4 0 0 58 0 0 -1 3 0 23 0 0 0 2 -4 0 -4 0 0 0 -3 0 0 0 0 0 0 0 29 0 -2 -143 0 0 0 534 -3 -20 2 0 0
0 0 0 0 0 0 0 0 0 0 0 0 0 0 0 0 0 0 0 0 0 0 0 0 0 0 0 0 0 0 0 0 0 0 0 0 0 0 0 0 0 0 0 0 0 0 0 0 0 0 0 0 0 0 0 0 0 0 0 0 0 0 0 0 0 0 0 0 0 0 0 0 0 0 0 0 0 0 0 0 0 0 0 0 0 0 0 0 0 0 0 0 0 0 0 0 0 0 0 0 0 803 0 0 0 0 0 0 0 0
0 0 0 0 0 0 0 0 0 0 0 0 0 0 0 0 0 0 13 0 -20 0 0 0 0 0 0 0 0 0 0 0 0 0 0 0 0 0 0 0 0 0 0 0 0 0 0 128 0 0 0 0 0 0 0 0 0 0 0 0 0 0 0 0 171 0 0 0 0 0 0 0 0 0 0 0 0 0 0 0 0 -53 0 0 0 0 0 0 0 0 0 0 0 0 0 0 0 0 0 0 0 0 283 0 0 0 0 0 0 0
0 0 0 0 -25 0 0 0 0 0 0 0 -1 0 0 0 0 0 0 0 0 0 0 0 -7 0 0 0 0 0 0 0 0 0 0 0 0 0 0 0 0 0 0 0 0 0 0 0 341 0 0 0 0 0 0 0 0 0 45 0 0 0 0 0 0 0 0 0 0 0 0 0 0 0 0 0 0 0 0 1 0 0 0 0 0 0 0 0 0 0 0 0 0 5 0 0 0 0 0 0 0 0 0 -167 0 1 0 0 0 0
0 0 0 0 0 0 0 0 0 0 0 216 0 0 0 0 0 0 0 0 0 0 0 0 0 0 0 0 0 0 0 0 0 0 0 0 0 0 0 0 0 0 0 0 0 0 0 0 0 0 0 0 0 0 0 0 0 0 0 0 0 0 0 0 0 0 0 0 0 0 0 0 0 0 0 0 0 0 0 0 0 0 0 0 0 0 0 0 0 0 0 0 0 0 0 0 0 0 0 0 534 0 0 0 -342 0 -141 0 0 0
-6 -2 0 0 -4 0 31 0 0 0 0 10 0 0 0 0 0 0 0 0 0 0 0 0 0 0 0 69 1 -86 -1 0 0 0 56 0 -1 0 -3 16 0 1 0 1 0 0 0 0 1 0 0 5 0 0 0 0 0 0 0 0 0 0 1 0 0 0 0 0 0 -77 0 0 0 3 0 1 -2 0 0 1 0 0 -1 0 0 -42 0 0 0 0 0 0 0 -11 0 0 0 0 -190 -23 -3 0 0 1 0 -553 0 -1 0 0
0 0 0 0 0 0 0 0 0 0 0 -8 0 0 0 0 0 0 0 27 0 0 0 0 0 0 0 0 0 0 0 0 0 0 0 0 0 0 0 0 0 0 0 0 0 0 0 0 0 0 0 0 0 0 0 0 0 0 0 0 0 0 0 0 0 51 0 0 0 0 0 0 252 0 0 0 0 0 101 0 0 0 0 -17 0 0 0 0 0 -15 0 0 0 0 0 0 0 127 0 0 -20 0 0 0 -141 0 -216 0 0 0
4 0 2 0 0 0 -11 0 0 0 0 -4 0 1 0 0 0 0 0 0 0 -106 0 0 0 0 0 -2 0 -1 1 0 0 0 -20 0 0 0 0 0 0 0 0 0 0 0 0 0 0 0 0 0 0 0 0 0 0 0 0 0 -409 0 0 0 0 0 0 0 0 0 0 0 0 0 0 -158 1 0 0 0 0 0 192 0 0 0 0 0 0 0 0 0 0 0 0 0 0 0 0 -2 2 0 0 0 0 -1 0 438 0 0
0 0 0 0 0 0 0 101 0 1 0 0 0 1 0 0 0 0 0 0 0 0 0 0 0 0 0 0 3 1 0 4 0 0 0 0 0 0 0 0 0 -2 0 0 -17 0 0 0 0 0 0 0 0 0 0 0 0 0 0 24 0 0 0 0 0 0 -6 0 0 0 0 0 0 0 0 0 0 0 0 0 0 0 0 0 0 0 0 1 0 -6 0 89 0 0 0 0 0 0 0 0 0 0 0 0 0 0 0 0 13 0
0 0 0 0 0 0 0 0 0 0 0 0 0 0 0 0 0 0 0 0 0 0 0 0 0 0 0 0 0 0 0 0 0 0 0 0 0 17 0 0 0 0 0 0 0 0 0 0 0 0 0 0 0 0 0 0 0 0 0 0 0 0 0 0 0 0 0 0 0 0 0 0 0 0 0 0 0 0 0 0 0 0 0 0 0 0 0 0 0 0 0 0 0 0 0 0 0 0 0 0 0 0 0 0 0 0 0 0 0 -818

