Q_obj 
-417 1 0 0 0 -255 0 0 0 0 0 0 -23 0 0 0 0 0 0 -84 0 0 0 19 0 -12 0 0 0 0 0 3 0 0 0 0 0 0 0 0 0 -2 0 0 23 0 0 0 0 364 2 0 1 0 0 1 0 0 1 0 -2 0 -43 0 0 0 0 0 0 0 0 0 0 0 0 0 -13 0 0 0 0 0 0 243 0 0 0 0 3 -1 1 0 0 36 0 0 0 1 0 -4 0 0 0 0 0 0 0 0 0 0
1 430 0 0 0 0 0 0 0 0 0 0 2 0 0 0 0 0 0 0 0 0 0 0 0 -1 0 0 0 0 0 11 0 0 0 0 2 0 0 0 202 25 222 0 0 0 5 0 0 1 0 0 0 0 -6 0 0 0 0 0 0 0 -216 1 1 0 0 3 0 0 0 0 10 0 0 0 0 0 0 0 24 0 0 1 0 0 0 0 0 -7 -16 1 0 -262 0 0 0 0 -8 0 0 0 0 0 0 0 0 0 -7 0
0 0 -357 389 0 0 0 0 33 0 0 4 0 0 -26 0 0 0 0 0 0 0 0 0 0 0 0 0 0 0 0 0 0 0 0 0 0 0 -36 58 0 -5 0 0 0 0 6 0 0 0 0 0 0 0 0 0 0 0 1 0 6 0 0 0 0 0 0 0 29 0 0 0 0 0 0 13 0 0 0 0 6 0 0 0 0 0 0 6 0 0 0 0 0 0 0 0 -6 0 0 0 0 0 0 0 0 0 -126 0 0 0
0 0 389 80 0 0 0 0 56 0 0 7 0 0 -45 0 0 0 0 0 0 0 0 0 0 0 0 0 0 0 0 0 0 0 0 0 0 0 -65 97 0 -8 0 0 0 0 10 0 0 0 0 0 0 0 0 0 0 0 1 0 10 0 0 0 0 0 0 0 50 0 0 0 0 0 0 23 0 0 0 0 10 0 0 0 0 0 0 -2 0 0 0 0 0 0 0 0 -11 0 0 0 0 0 0 0 0 0 -216 0 0 0
0 0 0 0 886 0 0 0 0 0 0 0 0 0 0 0 0 0 0 0 0 0 0 0 0 0 0 0 0 0 0 0 0 0 0 0 0 0 0 0 0 0 0 0 0 0 0 0 0 0 0 0 0 0 0 0 0 0 0 0 0 0 0 0 0 0 0 0 0 0 0 0 0 0 0 0 0 0 0 0 0 0 0 0 0 0 0 0 0 0 0 0 0 0 0 0 0 0 0 0 0 0 0 0 0 0 0 0 0 89
-255 0 0 0 0 534 0 0 0 0 0 0 26 0 0 1 0 0 0 -41 0 0 0 -20 1 14 0 0 0 0 0 -2 0 0 0 0 0 1 0 0 0 3 1 1 0 0 0 0 0 107 -2 0 0 0 1 0 0 0 0 0 3 0 7 0 0 0 0 0 0 0 0 0 0 0 0 0 180 0 0 0 1 0 0 71 0 0 0 0 -3 2 0 0 0 -5 0 0 0 0 0 0 0 0 0 0 0 0 0 0 0 0
0 0 0 0 0 0 -169 0 0 0 0 0 0 0 0 0 0 0 0 0 0 0 0 0 0 0 0 0 0 0 0 0 0 0 0 0 0 0 0 0 0 0 0 0 0 0 0 0 0 0 0 0 0 0 0 0 0 0 0 0 0 0 0 0 0 0 0 0 0 0 0 0 0 0 0 0 0 32 0 0 0 0 0 0 0 0 0 0 0 0 0 0 0 0 0 0 0 0 0 0 0 0 0 0 0 0 0 0 0 0
0 0 0 0 0 0 0 430 0 0 0 0 0 0 0 0 0 0 0 0 -1 0 0 0 0 0 0 0 0 0 0 0 0 0 0 4 0 0 0 0 0 0 0 0 0 0 0 0 0 0 0 0 0 220 0 0 0 0 0 0 0 0 0 0 0 0 0 0 0 0 4 0 0 0 0 0 0 0 -4 0 0 0 0 0 3 0 -47 0 0 0 0 0 0 0 0 0 0 0 0 0 0 0 0 -45 0 0 0 -13 0 0
0 0 33 56 0 0 0 0 976 0 0 0 0 0 6 0 0 0 0 0 0 0 0 0 0 0 0 0 0 0 0 0 0 0 0 0 0 0 8 -10 0 1 0 0 0 0 -1 0 -1 0 0 0 0 0 0 -4 0 0 3 0 -1 0 0 0 0 0 0 0 -5 0 0 0 0 0 0 -2 0 0 0 0 -1 0 0 0 0 0 0 0 0 0 0 0 0 0 0 0 2 0 0 0 0 0 0 0 0 0 24 0 0 0
0 0 0 0 0 0 0 0 0 -525 0 0 0 0 0 0 0 0 0 0 0 0 0 0 0 0 0 0 0 0 0 0 0 0 0 0 0 0 0 0 0 0 0 0 0 0 0 0 0 0 0 0 0 0 0 0 0 0 0 0 0 0 0 0 0 0 0 0 0 0 0 0 0 0 0 0 0 0 0 0 0 0 2 0 0 0 0 0 0 0 0 0 0 0 0 0 0 0 0 0 0 0 0 0 0 0 0 0 0 0
0 0 0 0 0 0 0 0 0 0 272 0 0 0 0 0 0 0 0 0 0 0 0 0 0 0 0 0 0 0 0 0 0 0 0 0 0 0 0 0 0 0 0 0 0 0 0 0 0 0 0 0 0 0 0 0 0 0 0 0 0 0 0 0 0 0 0 0 0 0 0 0 0 0 0 0 0 0 0 0 0 0 0 0 0 0 0 0 0 0 0 0 0 0 0 0 0 0 0 0 0 0 0 0 0 0 0 0 0 0
0 0 4 7 0 0 0 0 0 0 0 -856 0 0 3 0 0 0 0 0 0 0 0 0 0 0 0 0 0 0 0 0 0 0 0 0 0 0 -21 34 0 -1 0 0 0 0 0 0 0 0 0 0 0 0 0 0 0 0 0 0 2 0 0 0 0 0 0 0 -2 0 0 0 0 0 0 3 0 0 0 0 2 0 0 0 0 0 0 0 0 0 0 0 0 0 0 0 -171 0 0 0 0 0 0 0 0 0 7 0 0 0
-23 2 0 0 0 26 0 0 0 0 0 0 15 0 0 0 0 0 0 141 0 0 0 -2 0 -2 0 6 0 0 0 7 -56 0 0 0 0 0 0 0 0 -38 -2 -1 0 -47 0 0 0 -36 44 0 3 0 -3 2 0 0 2 0 -2 0 -275 31 0 0 0 -2 0 0 0 0 113 -40 0 0 17 0 0 0 -34 0 0 -24 0 0 0 0 66 -4 2 0 0 229 0 0 0 5 0 0 0 0 0 0 0 0 0 0 0 0
0 0 0 0 0 0 0 0 0 0 0 0 0 301 0 0 0 0 0 0 0 0 0 0 0 0 0 0 0 0 0 0 0 0 0 0 0 0 0 0 0 0 0 0 0 0 0 0 0 0 0 0 0 0 0 0 0 0 0 0 0 0 0 0 0 0 0 0 0 0 0 0 0 0 0 0 0 0 0 0 0 0 0 0 0 0 0 0 0 0 0 0 0 0 0 0 0 0 0 0 0 0 0 0 0 0 0 0 0 0
0 0 -26 -45 0 0 0 0 6 0 0 3 0 0 278 0 0 0 0 0 0 0 0 0 0 0 0 0 0 0 0 0 0 0 0 0 0 0 -25 39 0 -3 0 0 0 0 -6 0 0 0 0 0 0 0 0 0 0 0 0 0 4 0 0 0 0 0 0 0 -35 0 0 0 0 0 0 9 0 0 0 0 4 0 0 0 0 0 0 0 0 0 0 0 0 0 0 0 -4 0 0 0 0 0 0 0 0 0 -49 0 0 0
0 0 0 0 0 1 0 0 0 0 0 0 0 0 0 -369 0 0 0 1 0 0 0 0 -359 0 0 0 0 0 0 1 0 -3 -74 0 0 0 0 0 0 0 0 0 0 0 0 0 0 -1 -4 0 1 0 0 0 0 0 0 0 0 0 0 0 0 0 0 0 0 0 0 0 0 0 0 0 1 0 0 0 1 0 0 2 0 0 0 0 -5 0 1 0 0 1 0 0 0 -102 0 0 1 -136 0 0 0 0 0 0 0 0
0 0 0 0 0 0 0 0 0 0 0 0 0 0 0 0 -287 0 0 0 0 0 0 0 0 0 0 0 0 0 0 0 0 0 0 0 0 0 0 0 0 0 0 0 0 0 0 0 0 0 0 0 0 0 0 0 0 0 0 0 0 0 0 0 0 0 0 0 0 0 0 0 0 0 0 0 0 0 0 0 0 0 0 0 0 0 0 0 0 0 0 0 0 0 0 0 0 0 0 0 0 0 0 0 0 0 0 0 0 0
0 0 0 0 0 0 0 0 0 0 0 0 0 0 0 0 0 653 0 0 0 0 0 0 0 0 0 0 0 0 0 0 0 0 0 0 0 0 0 0 0 0 0 0 0 0 0 0 0 0 0 0 0 0 0 0 0 0 0 0 0 0 0 0 0 0 0 0 0 0 0 0 0 0 0 0 0 0 0 0 0 0 0 0 0 127 0 0 0 0 0 0 0 0 0 0 0 0 0 0 0 0 0 0 0 0 0 0 0 0
0 0 0 0 0 0 0 0 0 0 0 0 0 0 0 0 0 0 295 0 0 0 0 0 0 0 0 0 0 0 0 0 0 0 0 0 0 0 0 0 0 0 0 0 0 0 0 479 0 0 0 0 0 0 0 0 0 0 0 0 0 0 0 0 0 0 -142 0 0 -218 0 0 0 0 0 0 0 0 0 0 0 0 0 0 0 0 0 0 0 0 0 0 0 0 0 0 0 0 0 0 0 0 0 0 0 0 0 0 0 0
-84 0 0 0 0 -41 0 0 0 0 0 0 141 0 0 1 0 0 0 -778 0 0 0 1 1 2 0 3 0 0 0 -18 -24 0 0 0 0 1 0 0 0 1 0 1 0 -19 0 0 0 59 -14 0 0 0 2 0 0 0 0 0 1 0 -272 14 0 0 0 0 0 0 0 0 0 -17 0 0 60 0 0 0 0 0 0 39 0 0 0 0 -21 13 0 0 0 226 0 0 0 -1 0 0 0 0 0 0 0 0 0 0 0 0
0 0 0 0 0 0 0 -1 0 0 0 0 0 0 0 0 0 0 0 0 386 0 0 0 0 0 0 0 0 0 0 0 0 0 0 218 0 0 0 0 0 0 0 0 0 0 0 0 0 0 0 0 0 5 0 0 0 0 0 0 0 0 0 0 0 0 0 0 0 0 0 0 0 0 0 0 0 0 -141 0 0 0 0 0 33 0 0 0 0 0 0 0 0 0 0 0 0 0 0 0 0 0 0 0 0 0 0 22 0 0
0 0 0 0 0 0 0 0 0 0 0 0 0 0 0 0 0 0 0 0 0 -886 0 0 0 0 0 0 -84 0 0 0 0 0 0 0 0 0 0 0 0 0 0 0 0 0 0 0 0 0 0 0 0 0 0 0 0 0 0 0 0 0 0 0 0 0 0 0 0 0 0 0 0 0 0 0 0 0 0 0 0 0 0 0 0 0 0 0 0 0 0 0 0 0 -32 0 0 0 0 0 0 0 0 0 0 0 0 0 0 0
0 0 0 0 0 0 0 0 0 0 0 0 0 0 0 0 0 0 0 0 0 0 -121 0 0 0 0 0 0 0 0 0 0 0 0 0 -32 0 0 0 0 0 0 -15 0 0 13 0 0 0 0 0 -2 0 4 0 0 0 0 0 0 0 0 0 0 0 0 0 -2 0 0 0 0 0 0 0 0 0 0 0 0 0 0 0 0 0 0 0 0 0 -1 -2 0 0 0 0 0 0 0 0 0 0 0 0 0 0 0 0 0 0
19 0 0 0 0 -20 0 0 0 0 0 0 -2 0 0 0 0 0 0 1 0 0 0 -530 0 5 0 0 0 0 0 1 0 0 0 0 0 0 0 0 0 0 0 0 0 0 0 0 0 29 1 0 1 0 0 1 0 0 1 0 0 0 -1 0 0 0 0 0 0 0 0 0 0 0 0 0 -13 0 0 0 1 0 0 20 0 0 0 0 1 0 1 0 0 2 0 0 0 1 0 0 0 0 0 0 0 0 0 0 0 0
0 0 0 0 0 1 0 0 0 0 0 0 0 0 0 -359 0 0 0 1 0 0 0 0 -527 0 0 0 0 0 0 1 0 -4 -92 0 0 0 0 0 0 0 0 0 0 0 0 0 0 -1 -5 0 1 0 0 0 0 0 0 0 0 0 0 0 0 0 0 0 0 0 0 0 0 0 0 0 1 0 0 0 1 0 0 3 0 0 0 0 -7 0 1 0 0 1 0 0 0 -127 0 0 1 110 0 0 0 0 0 0 0 0
-12 -1 0 0 0 14 0 0 0 0 0 0 -2 0 0 0 0 0 0 2 0 0 0 5 0 996 0 0 0 0 0 16 0 0 0 0 0 0 0 0 0 35 3 0 0 0 0 0 0 -19 1 0 1 0 0 1 0 0 1 0 0 0 -3 0 0 0 0 0 0 0 0 0 0 0 0 0 9 0 0 0 35 0 0 -12 0 0 0 0 1 -10 1 0 0 3 0 0 0 1 0 0 0 0 0 0 0 0 0 0 0 0
0 0 0 0 0 0 0 0 0 0 0 0 0 0 0 0 0 0 0 0 0 0 0 0 0 0 -595 0 0 0 0 0 0 0 0 0 0 0 0 0 0 0 0 0 0 0 0 0 0 0 0 0 0 0 0 0 0 0 0 0 0 0 0 0 0 0 0 0 0 0 0 0 0 0 0 0 0 0 0 0 0 0 0 0 0 0 0 0 0 0 0 0 0 0 0 0 0 0 0 0 0 0 0 0 0 0 0 0 0 0
0 0 0 0 0 0 0 0 0 0 0 0 6 0 0 0 0 0 0 3 0 0 0 0 0 0 0 -144 0 0 0 0 0 0 0 0 0 0 0 0 0 0 0 0 0 14 0 0 0 0 0 0 -234 0 -102 0 0 0 0 0 0 0 -4 27 0 0 0 -1 0 0 0 0 0 -34 0 0 0 0 0 0 0 0 0 0 0 0 0 0 0 1 45 0 0 4 0 0 0 0 0 0 0 0 0 0 0 0 0 0 0 0
0 0 0 0 0 0 0 0 0 0 0 0 0 0 0 0 0 0 0 0 0 -84 0 0 0 0 0 0 -477 0 0 0 0 0 0 0 0 0 0 0 0 0 0 0 0 0 0 0 0 0 0 0 0 0 0 0 0 0 0 0 0 0 0 0 0 0 0 0 0 0 0 0 0 0 0 0 0 0 0 0 0 0 0 0 0 0 0 0 0 0 0 0 0 0 -6 0 0 0 0 0 0 0 0 0 0 0 0 0 0 0
0 0 0 0 0 0 0 0 0 0 0 0 0 0 0 0 0 0 0 0 0 0 0 0 0 0 0 0 0 -388 0 0 0 0 0 0 0 0 0 0 0 0 0 0 0 0 0 0 0 0 0 0 0 0 0 0 0 0 0 0 0 0 0 0 0 0 0 0 0 0 0 0 0 0 0 0 0 0 0 0 0 0 0 0 0 0 0 0 0 0 0 0 0 0 0 0 0 0 0 0 0 0 0 0 0 0 0 0 0 0
0 0 0 0 0 0 0 0 0 0 0 0 0 0 0 0 0 0 0 0 0 0 0 0 0 0 0 0 0 0 -358 0 0 0 0 0 0 0 0 0 0 0 0 0 0 0 0 0 0 10 0 0 0 0 0 0 0 0 0 0 0 0 0 0 0 232 0 0 0 0 0 0 0 0 0 0 0 0 0 0 0 0 0 -13 0 0 0 0 0 0 0 0 0 0 0 69 0 0 0 0 86 0 0 0 0 192 0 0 0 0
3 11 0 0 0 -2 0 0 0 0 0 0 7 0 0 1 0 0 0 -18 0 0 0 1 1 16 0 0 0 0 0 11 8 0 0 0 0 1 0 0 0 -197 -14 1 0 7 0 0 0 4 -5 0 0 0 1 0 0 0 0 0 1 0 36 -3 0 0 0 1 0 0 0 0 594 6 0 0 -1 0 0 -273 -191 0 0 3 0 0 0 0 -8 -75 0 0 0 -29 0 0 0 0 0 0 0 0 0 0 0 0 0 0 0 0
0 0 0 0 0 0 0 0 0 0 0 0 -56 0 0 0 0 0 0 -24 0 0 0 0 0 0 0 0 0 0 0 8 520 0 0 0 0 0 0 0 0 0 0 0 0 0 0 0 0 0 0 0 0 0 0 0 0 0 0 0 0 0 48 10 0 0 0 0 0 0 0 0 0 -13 0 0 0 0 0 0 0 0 0 0 0 0 0 0 0 -4 0 0 0 -38 0 0 0 0 0 0 0 0 0 0 0 0 0 0 0 0
0 0 0 0 0 0 0 0 0 0 0 0 0 0 0 -3 0 0 0 0 0 0 0 0 -4 0 0 0 0 0 0 0 0 520 0 0 0 0 0 0 0 0 0 0 0 0 0 0 0 84 0 0 0 0 0 0 0 0 0 0 0 0 0 0 0 0 0 0 0 0 0 0 0 0 45 0 0 0 0 0 0 0 0 -124 0 0 0 0 -2 0 0 0 0 0 0 0 0 28 0 0 -29 0 19 0 49 0 0 0 0 0
0 0 0 0 0 0 0 0 0 0 0 0 0 0 0 -74 0 0 0 0 0 0 0 0 -92 0 0 0 0 0 0 0 0 0 -200 0 0 0 0 0 0 0 0 0 0 0 0 0 0 0 0 0 0 0 0 0 0 0 0 0 0 0 0 0 0 0 0 0 0 0 0 0 0 0 0 0 0 0 0 0 0 0 0 0 0 0 0 0 0 0 0 0 0 0 0 0 0 -24 0 0 0 0 0 0 0 0 0 0 0 0
0 0 0 0 0 0 0 4 0 0 0 0 0 0 0 0 0 0 0 0 218 0 0 0 0 0 0 0 0 0 0 0 0 0 0 12 0 0 0 0 0 0 0 0 0 0 0 0 0 0 0 0 0 -9 0 0 0 0 0 0 0 0 0 0 0 0 0 0 0 0 1 0 0 0 0 0 0 0 310 0 0 0 0 0 -71 0 0 0 0 0 0 0 0 0 0 0 0 0 0 0 0 0 0 0 0 0 0 -46 0 0
0 2 0 0 0 0 0 0 0 0 0 0 0 0 0 0 0 0 0 0 0 0 -32 0 0 0 0 0 0 0 0 0 0 0 0 0 -435 0 0 0 -3 0 2 -164 0 0 219 0 0 0 0 0 -21 0 54 0 0 0 0 0 0 0 0 -3 3 0 0 6 -40 0 0 -3 0 -3 0 0 0 0 0 0 0 0 0 0 0 0 0 0 0 0 10 0 0 0 0 0 0 0 -21 0 0 0 0 0 0 0 0 0 -62 0
0 0 0 0 0 1 0 0 0 0 0 0 0 0 0 0 0 0 0 1 0 0 0 0 0 0 0 0 0 0 0 1 0 0 0 0 0 9 0 0 0 0 0 0 0 0 0 0 56 0 1 0 0 0 0 264 0 0 193 0 0 0 0 0 0 0 0 0 0 0 0 0 0 0 0 0 1 0 0 0 1 0 0 0 0 0 0 0 0 0 0 0 0 1 0 0 0 0 0 0 0 0 0 0 0 0 0 0 0 0
0 0 -36 -65 0 0 0 0 8 0 0 -21 0 0 -25 0 0 0 0 0 0 0 0 0 0 0 0 0 0 0 0 0 0 0 0 0 0 0 329 104 0 12 0 0 0 0 6 0 0 0 0 0 0 0 0 0 0 0 0 0 -12 0 0 0 0 0 0 0 28 0 0 0 0 0 0 -28 0 0 0 0 -11 0 0 0 0 0 0 -288 0 0 0 0 0 0 0 0 40 0 0 0 0 0 0 0 0 0 -69 0 0 0
0 0 58 97 0 0 0 0 -10 0 0 34 0 0 39 0 0 0 0 0 0 0 0 0 0 0 0 0 0 0 0 0 0 0 0 0 0 0 104 243 0 -17 0 0 0 0 -7 0 0 0 0 0 0 0 0 0 0 0 0 0 20 0 0 0 0 0 0 0 -41 0 0 0 0 0 0 44 0 0 0 0 18 0 0 0 0 0 0 -191 0 0 0 0 0 0 0 0 -59 0 0 0 0 0 0 0 0 0 105 0 0 0
0 202 0 0 0 0 0 0 0 0 0 0 0 0 0 0 0 0 0 0 0 0 0 0 0 0 0 0 0 0 0 0 0 0 0 0 -3 0 0 0 329 0 152 0 0 0 -8 0 0 0 0 0 0 0 15 0 0 0 0 0 0 0 0 0 0 0 0 -4 2 0 0 1 0 1 0 0 0 0 0 0 0 0 0 0 0 0 0 0 0 0 34 0 0 0 0 0 0 0 19 0 0 0 0 0 0 0 0 0 15 0
-2 25 -5 -8 0 3 0 0 1 0 0 -1 -38 0 -3 0 0 0 0 1 0 0 0 0 0 35 0 0 0 0 0 -197 0 0 0 0 0 0 12 -17 0 -76 -32 0 0 0 1 0 0 -3 1 0 1 0 0 1 0 0 1 0 83 0 -17 0 0 0 0 0 4 0 0 0 -186 0 0 256 2 0 0 0 -705 0 0 -2 0 0 0 0 1 135 1 0 0 -19 0 0 3 1 0 0 0 0 0 0 0 0 -9 0 0 0
0 222 0 0 0 1 0 0 0 0 0 0 -2 0 0 0 0 0 0 0 0 0 0 0 0 3 0 0 0 0 0 -14 0 0 0 0 2 0 0 0 152 -32 302 0 0 0 4 0 0 0 0 0 0 0 -5 0 0 0 0 0 0 0 289 1 1 0 0 2 0 0 0 0 -13 0 0 0 1 0 0 0 -31 0 0 0 0 0 0 0 0 10 -12 1 0 350 0 0 0 0 -6 0 0 0 0 0 0 0 0 0 -5 0
0 0 0 0 0 1 0 0 0 0 0 0 -1 0 0 0 0 0 0 1 0 0 -15 0 0 0 0 0 0 0 0 1 0 0 0 0 -164 0 0 0 0 0 0 -523 0 0 63 0 0 0 -9 0 -165 0 318 0 0 0 0 0 0 0 0 0 0 0 0 0 -11 0 0 0 0 0 0 0 1 0 0 0 1 0 0 0 0 0 0 0 3 0 -136 -13 0 1 0 0 0 1 0 0 0 0 0 0 0 0 0 0 0 0
23 0 0 0 0 0 0 0 0 0 0 0 0 0 0 0 0 0 0 0 0 0 0 0 0 0 0 0 0 0 0 0 0 0 0 0 0 0 0 0 0 0 0 0 -199 0 0 0 0 0 0 0 0 0 0 0 0 0 0 0 0 0 0 0 0 0 0 0 0 0 0 0 0 0 0 0 33 0 0 0 0 0 0 0 0 0 0 0 0 0 0 0 0 0 0 0 0 0 0 -53 0 0 0 0 0 0 0 0 0 0
0 0 0 0 0 0 0 0 0 0 0 0 -47 0 0 0 0 0 0 -19 0 0 0 0 0 0 0 14 0 0 0 7 0 0 0 0 0 0 0 0 0 0 0 0 0 -261 0 0 0 0 0 0 -26 0 -11 0 0 0 0 0 0 0 40 -233 0 0 0 18 0 0 0 0 0 307 0 0 0 0 0 0 0 0 0 0 0 0 0 0 0 -4 5 0 0 -32 0 0 0 0 0 0 0 0 0 0 0 0 0 0 0 0
0 5 6 10 0 0 0 0 -1 0 0 0 0 0 -6 0 0 0 0 0 0 0 13 0 0 0 0 0 0 0 0 0 0 0 0 0 219 0 6 -7 -8 1 4 63 0 0 63 0 0 0 0 0 9 0 15 0 0 0 0 0 0 0 0 -10 8 0 0 15 42 0 0 -9 0 -8 0 -1 0 0 0 0 0 0 0 0 0 0 0 0 0 0 78 18 0 0 0 0 1 0 -55 0 0 0 0 0 0 0 10 0 -158 0
0 0 0 0 0 0 0 0 0 0 0 0 0 0 0 0 0 0 479 0 0 0 0 0 0 0 0 0 0 0 0 0 0 0 0 0 0 0 0 0 0 0 0 0 0 0 0 -393 0 0 0 0 0 0 0 0 0 0 0 0 0 0 0 0 0 0 254 0 0 160 0 0 0 0 0 0 0 0 0 0 0 0 0 0 0 0 0 0 0 0 0 0 0 0 0 0 0 0 0 0 0 0 0 0 0 0 0 0 0 0
0 0 0 0 0 0 0 0 -1 0 0 0 0 0 0 0 0 0 0 0 0 0 0 0 0 0 0 0 0 0 0 0 0 0 0 0 0 56 0 0 0 0 0 0 0 0 0 0 -363 0 0 0 0 0 0 236 0 0 -124 0 0 0 0 0 0 0 0 0 0 0 0 0 0 0 0 0 0 0 0 0 0 0 0 0 0 0 0 0 0 0 0 0 0 0 0 0 0 0 0 0 0 0 0 0 0 0 0 0 0 0
364 1 0 0 0 107 0 0 0 0 0 0 -36 0 0 -1 0 0 0 59 0 0 0 29 -1 -19 0 0 0 0 10 4 0 84 0 0 0 0 0 0 0 -3 0 0 0 0 0 0 0 366 3 0 1 0 0 1 0 0 1 0 -3 0 -9 0 0 14 0 0 0 0 0 0 0 0 -42 0 -255 0 0 0 0 0 0 37 0 0 0 0 4 -2 1 0 0 8 0 18 0 10 0 0 -97 0 -17 0 -45 0 0 0 0 0
2 0 0 0 0 -2 0 0 0 0 0 0 44 0 0 -4 0 0 0 -14 0 0 0 1 -5 1 0 0 0 0 0 -5 0 0 0 0 0 1 0 0 0 1 0 -9 0 0 0 0 0 3 -46 0 14 0 -26 0 0 0 0 0 1 0 28 0 0 0 0 0 0 0 0 0 0 0 0 0 -1 0 0 0 0 0 0 2 0 0 0 0 450 4 12 0 0 -22 0 0 0 35 0 0 0 0 0 0 0 0 0 0 0 0
0 0 0 0 0 0 0 0 0 0 0 0 0 0 0 0 0 0 0 0 0 0 0 0 0 0 0 0 0 0 0 0 0 0 0 0 0 0 0 0 0 0 0 0 0 0 0 0 0 0 0 348 0 0 0 0 0 0 0 0 0 0 0 0 0 0 0 0 0 0 0 0 0 0 0 0 0 0 0 0 0 0 0 0 0 0 0 0 0 0 0 0 0 0 0 0 0 0 0 0 0 0 0 0 0 0 0 0 0 0
1 0 0 0 0 0 0 0 0 0 0 0 3 0 0 1 0 0 0 0 0 0 -2 1 1 1 0 -234 0 0 0 0 0 0 0 0 -21 0 0 0 0 1 0 -165 0 -26 9 0 0 1 14 0 -26 0 -276 0 0 0 0 0 1 0 2 0 0 0 0 0 -1 0 0 0 0 0 0 0 0 0 0 0 0 0 0 1 0 0 0 0 -3 1 119 -1 0 -1 0 0 0 0 0 0 0 0 0 0 0 0 0 0 0 0
0 0 0 0 0 0 0 220 0 0 0 0 0 0 0 0 0 0 0 0 5 0 0 0 0 0 0 0 0 0 0 0 0 0 0 -9 0 0 0 0 0 0 0 0 0 0 0 0 0 0 0 0 0 -52 0 0 0 0 0 0 0 0 0 0 0 0 0 0 0 0 37 0 0 0 0 0 0 0 13 0 0 0 0 0 -5 0 -18 0 0 0 0 0 0 0 0 0 0 0 0 0 0 0 0 -18 0 0 0 36 0 0
0 -6 0 0 0 1 0 0 0 0 0 0 -3 0 0 0 0 0 0 2 0 0 4 0 0 0 0 -102 0 0 0 1 0 0 0 0 54 0 0 0 15 0 -5 318 0 -11 15 0 0 0 -26 0 -276 0 419 0 0 0 0 0 0 0 -2 -2 3 0 0 -24 -2 0 0 0 0 0 0 0 1 0 0 0 1 0 0 0 0 0 0 0 7 0 -96 5 0 3 0 0 0 1 95 0 0 0 0 0 0 0 0 0 -53 0
1 0 0 0 0 0 0 0 -4 0 0 0 2 0 0 0 0 0 0 0 0 0 0 1 0 1 0 0 0 0 0 0 0 0 0 0 0 264 0 0 0 1 0 0 0 0 0 0 236 1 0 0 0 0 0 322 0 0 -596 0 1 0 1 0 0 0 0 0 0 0 0 0 0 0 0 0 0 0 0 0 0 0 0 1 0 0 0 0 0 1 0 0 0 0 0 0 0 0 0 0 0 0 0 0 0 0 0 0 0 0
0 0 0 0 0 0 0 0 0 0 0 0 0 0 0 0 0 0 0 0 0 0 0 0 0 0 0 0 0 0 0 0 0 0 0 0 0 0 0 0 0 0 0 0 0 0 0 0 0 0 0 0 0 0 0 0 -635 0 0 0 0 0 0 0 0 0 0 0 0 0 0 0 0 0 0 0 0 0 0 0 0 0 0 0 0 0 0 0 0 0 0 0 0 0 0 0 0 0 0 0 0 0 0 0 0 0 0 0 0 0
0 0 0 0 0 0 0 0 0 0 0 0 0 0 0 0 0 0 0 0 0 0 0 0 0 0 0 0 0 0 0 0 0 0 0 0 0 0 0 0 0 0 0 0 0 0 0 0 0 0 0 0 0 0 0 0 0 705 0 0 0 0 0 0 0 0 0 0 0 0 0 0 0 0 0 0 0 0 0 0 0 0 0 0 0 0 0 0 0 0 0 0 0 0 0 0 0 0 0 0 0 0 0 0 0 0 0 0 0 0
1 0 1 1 0 0 0 0 3 0 0 0 2 0 0 0 0 0 0 0 0 0 0 1 0 1 0 0 0 0 0 0 0 0 0 0 0 193 0 0 0 1 0 0 0 0 0 0 -124 1 0 0 0 0 0 -596 0 0 -342 0 1 0 2 0 0 0 0 0 0 0 0 0 0 0 0 0 0 0 0 0 0 0 0 1 0 0 0 0 0 1 0 0 0 0 0 0 0 0 0 0 0 0 0 0 0 0 0 0 0 0
0 0 0 0 0 0 0 0 0 0 0 0 0 0 0 0 0 0 0 0 0 0 0 0 0 0 0 0 0 0 0 0 0 0 0 0 0 0 0 0 0 0 0 0 0 0 0 0 0 0 0 0 0 0 0 0 0 0 0 61 0 0 0 0 0 0 0 0 0 0 0 0 0 0 0 0 0 0 0 0 0 0 0 0 0 0 0 0 0 0 0 0 0 0 0 0 0 0 0 0 0 0 0 0 0 0 0 0 0 0
-2 0 6 10 0 3 0 0 -1 0 0 2 -2 0 4 0 0 0 0 1 0 0 0 0 0 0 0 0 0 0 0 1 0 0 0 0 0 0 -12 20 0 83 0 0 0 0 0 0 0 -3 1 0 1 0 0 1 0 0 1 0 714 0 -1 0 0 0 0 0 -4 0 0 0 0 0 0 -286 2 0 0 0 -85 0 0 -2 0 0 0 0 1 0 1 0 0 2 0 0 -2 1 0 0 0 0 0 0 0 0 11 0 0 0
0 0 0 0 0 0 0 0 0 0 0 0 0 0 0 0 0 0 0 0 0 0 0 0 0 0 0 0 0 0 0 0 0 0 0 0 0 0 0 0 0 0 0 0 0 0 0 0 0 0 0 0 0 0 0 0 0 0 0 0 0 321 0 0 0 0 0 0 0 0 0 0 0 0 0 0 0 0 0 0 0 0 0 0 0 0 0 0 0 0 0 0 0 0 0 0 0 0 0 0 0 0 0 0 0 0 0 0 0 0
-43 -216 0 0 0 7 0 0 0 0 0 0 -275 0 0 0 0 0 0 -272 0 0 0 -1 0 -3 0 -4 0 0 0 36 48 0 0 0 0 0 0 0 0 -17 289 0 0 40 0 0 0 -9 28 0 2 0 -2 1 0 0 2 0 -1 0 -126 -25 0 0 0 2 0 0 0 0 0 34 0 0 31 0 0 0 -15 0 0 -6 0 0 0 0 42 -24 2 0 0 -127 0 0 0 4 0 0 0 0 0 0 0 0 0 0 0 0
0 1 0 0 0 0 0 0 0 0 0 0 31 0 0 0 0 0 0 14 0 0 0 0 0 0 0 27 0 0 0 -3 10 0 0 0 -3 0 0 0 0 0 1 0 0 -233 -10 0 0 0 0 0 0 0 -2 0 0 0 0 0 0 0 -25 61 0 0 0 27 2 0 0 -555 0 -611 0 0 0 0 0 0 0 0 0 0 0 0 0 0 0 3 -5 0 0 22 0 0 0 0 3 0 0 0 0 0 0 0 0 0 1 0
0 1 0 0 0 0 0 0 0 0 0 0 0 0 0 0 0 0 0 0 0 0 0 0 0 0 0 0 0 0 0 0 0 0 0 0 3 0 0 0 0 0 1 0 0 0 8 0 0 0 0 0 0 0 3 0 0 0 0 0 0 0 0 0 -699 0 0 2 -1 0 0 0 0 0 0 0 0 0 0 0 0 0 0 0 0 0 0 0 0 0 6 1 0 0 0 0 0 0 -4 0 0 0 0 0 0 0 0 0 -44 0
0 0 0 0 0 0 0 0 0 0 0 0 0 0 0 0 0 0 0 0 0 0 0 0 0 0 0 0 0 0 232 0 0 0 0 0 0 0 0 0 0 0 0 0 0 0 0 0 0 14 0 0 0 0 0 0 0 0 0 0 0 0 0 0 0 -649 0 0 0 0 0 0 0 0 0 0 0 0 0 0 0 0 0 -20 0 0 0 0 0 0 0 0 0 0 0 447 0 0 0 0 124 0 0 0 0 0 0 0 0 0
0 0 0 0 0 0 0 0 0 0 0 0 0 0 0 0 0 0 -142 0 0 0 0 0 0 0 0 0 0 0 0 0 0 0 0 0 0 0 0 0 0 0 0 0 0 0 0 254 0 0 0 0 0 0 0 0 0 0 0 0 0 0 0 0 0 0 -198 0 0 -115 0 0 0 0 0 0 0 0 0 0 0 0 0 0 0 0 0 0 0 0 0 0 0 0 0 0 0 0 0 0 0 0 0 0 0 0 0 0 0 0
0 3 0 0 0 0 0 0 0 0 0 0 -2 0 0 0 0 0 0 0 0 0 0 0 0 0 0 -1 0 0 0 1 0 0 0 0 6 0 0 0 -4 0 2 0 0 18 15 0 0 0 0 0 0 0 -24 0 0 0 0 0 0 0 2 27 2 0 0 424 -2 0 0 41 0 45 0 0 0 0 0 0 0 0 0 0 0 0 0 0 0 0 -55 1 0 -1 0 0 0 0 32 0 0 0 0 0 0 0 0 0 -24 0
0 0 29 50 0 0 0 0 -5 0 0 -2 0 0 -35 0 0 0 0 0 0 0 -2 0 0 0 0 0 0 0 0 0 0 0 0 0 -40 0 28 -41 2 4 0 -11 0 0 42 0 0 0 0 0 -1 0 -2 0 0 0 0 0 -4 0 0 2 -1 0 0 -2 278 0 0 2 0 2 0 -9 0 0 0 0 -3 0 0 0 0 0 0 0 0 0 -14 -3 0 0 0 0 5 0 11 0 0 0 0 0 0 0 54 0 30 0
0 0 0 0 0 0 0 0 0 0 0 0 0 0 0 0 0 0 -218 0 0 0 0 0 0 0 0 0 0 0 0 0 0 0 0 0 0 0 0 0 0 0 0 0 0 0 0 160 0 0 0 0 0 0 0 0 0 0 0 0 0 0 0 0 0 0 -115 0 0 -115 0 0 0 0 0 0 0 0 0 0 0 0 0 0 0 0 0 0 0 0 0 0 0 0 0 0 0 0 0 0 0 0 0 0 0 0 0 0 0 0
0 0 0 0 0 0 0 4 0 0 0 0 0 0 0 0 0 0 0 0 0 0 0 0 0 0 0 0 0 0 0 0 0 0 0 1 0 0 0 0 0 0 0 0 0 0 0 0 0 0 0 0 0 37 0 0 0 0 0 0 0 0 0 0 0 0 0 0 0 0 411 0 0 0 0 0 0 0 0 0 0 0 0 0 1 0 -7 0 0 0 0 0 0 0 0 0 0 0 0 0 0 0 0 -7 0 0 0 -2 0 0
0 0 0 0 0 0 0 0 0 0 0 0 0 0 0 0 0 0 0 0 0 0 0 0 0 0 0 0 0 0 0 0 0 0 0 0 -3 0 0 0 1 0 0 0 0 0 -9 0 0 0 0 0 0 0 0 0 0 0 0 0 0 0 0 -555 0 0 0 41 2 0 0 123 0 -426 0 0 0 0 0 0 0 0 0 0 0 0 0 0 0 0 0 0 0 0 0 0 0 0 1 0 0 0 0 0 0 0 0 0 2 0
0 10 0 0 0 0 0 0 0 0 0 0 113 0 0 0 0 0 0 0 0 0 0 0 0 0 0 0 0 0 0 594 0 0 0 0 0 0 0 0 0 -186 -13 0 0 0 0 0 0 0 0 0 0 0 0 0 0 0 0 0 0 0 0 0 0 0 0 0 0 0 0 0 -456 0 0 0 0 0 0 0 -179 0 0 0 0 0 0 0 0 -402 0 0 0 0 0 0 0 0 0 0 0 0 0 0 0 0 0 0 0 0
0 0 0 0 0 0 0 0 0 0 0 0 -40 0 0 0 0 0 0 -17 0 0 0 0 0 0 0 -34 0 0 0 6 -13 0 0 0 -3 0 0 0 1 0 0 0 0 307 -8 0 0 0 0 0 0 0 0 0 0 0 0 0 0 0 34 -611 0 0 0 45 2 0 0 -426 0 390 0 0 0 0 0 0 0 0 0 0 0 0 0 0 0 -3 0 0 0 -27 0 0 0 0 1 0 0 0 0 0 0 0 0 0 2 0
0 0 0 0 0 0 0 0 0 0 0 0 0 0 0 0 0 0 0 0 0 0 0 0 0 0 0 0 0 0 0 0 0 45 0 0 0 0 0 0 0 0 0 0 0 0 0 0 0 -42 0 0 0 0 0 0 0 0 0 0 0 0 0 0 0 0 0 0 0 0 0 0 0 0 291 0 0 0 0 0 0 0 0 63 0 0 0 0 0 0 0 0 0 0 0 0 0 0 0 0 15 0 -215 0 -467 0 0 0 0 0
0 0 13 23 0 0 0 0 -2 0 0 3 0 0 9 0 0 0 0 0 0 0 0 0 0 0 0 0 0 0 0 0 0 0 0 0 0 0 -28 44 0 256 0 0 0 0 -1 0 0 0 0 0 0 0 0 0 0 0 0 0 -286 0 0 0 0 0 0 0 -9 0 0 0 0 0 0 260 0 0 0 0 -264 0 0 0 0 0 0 0 0 0 0 0 0 0 0 0 -5 0 0 0 0 0 0 0 0 0 25 0 0 0
-13 0 0 0 0 180 0 0 0 0 0 0 17 0 0 1 0 0 0 60 0 0 0 -13 1 9 0 0 0 0 0 -1 0 0 0 0 0 1 0 0 0 2 1 1 33 0 0 0 0 -255 -1 0 0 0 1 0 0 0 0 0 2 0 31 0 0 0 0 0 0 0 0 0 0 0 0 0 -426 0 0 0 1 0 0 -170 0 0 0 0 -2 2 0 0 0 -25 0 0 0 0 0 -7 0 0 0 0 0 0 0 0 0 0
0 0 0 0 0 0 32 0 0 0 0 0 0 0 0 0 0 0 0 0 0 0 0 0 0 0 0 0 0 0 0 0 0 0 0 0 0 0 0 0 0 0 0 0 0 0 0 0 0 0 0 0 0 0 0 0 0 0 0 0 0 0 0 0 0 0 0 0 0 0 0 0 0 0 0 0 0 -182 0 0 0 0 0 0 0 0 0 0 0 0 0 0 0 0 0 0 0 0 0 0 0 0 0 0 0 0 0 0 0 0
0 0 0 0 0 0 0 -4 0 0 0 0 0 0 0 0 0 0 0 0 -141 0 0 0 0 0 0 0 0 0 0 0 0 0 0 310 0 0 0 0 0 0 0 0 0 0 0 0 0 0 0 0 0 13 0 0 0 0 0 0 0 0 0 0 0 0 0 0 0 0 0 0 0 0 0 0 0 0 -198 0 0 0 0 0 94 0 0 0 0 0 0 0 0 0 0 0 0 0 0 0 0 0 0 0 0 0 0 61 0 0
0 0 0 0 0 0 0 0 0 0 0 0 0 0 0 0 0 0 0 0 0 0 0 0 0 0 0 0 0 0 0 -273 0 0 0 0 0 0 0 0 0 0 0 0 0 0 0 0 0 0 0 0 0 0 0 0 0 0 0 0 0 0 0 0 0 0 0 0 0 0 0 0 0 0 0 0 0 0 0 -64 0 0 0 0 0 0 0 0 0 -402 0 0 0 0 0 0 0 0 0 0 0 0 0 0 0 0 0 0 0 0
0 24 6 10 0 1 0 0 -1 0 0 2 -34 0 4 1 0 0 0 0 0 0 0 1 1 35 0 0 0 0 0 -191 0 0 0 0 0 1 -11 18 0 -705 -31 1 0 0 0 0 0 0 0 0 0 0 1 0 0 0 0 0 -85 0 -15 0 0 0 0 0 -3 0 0 0 -179 0 0 -264 1 0 0 0 -28 0 0 0 0 0 0 0 0 130 0 0 0 -20 0 0 -2 0 0 0 0 0 0 0 0 0 10 0 0 0
0 0 0 0 0 0 0 0 0 0 0 0 0 0 0 0 0 0 0 0 0 0 0 0 0 0 0 0 0 0 0 0 0 0 0 0 0 0 0 0 0 0 0 0 0 0 0 0 0 0 0 0 0 0 0 0 0 0 0 0 0 0 0 0 0 0 0 0 0 0 0 0 0 0 0 0 0 0 0 0 0 -128 0 0 0 0 0 0 0 0 0 0 0 0 0 0 0 0 0 0 0 0 0 0 0 0 0 0 0 0
0 0 0 0 0 0 0 0 0 2 0 0 0 0 0 0 0 0 0 0 0 0 0 0 0 0 0 0 0 0 0 0 0 0 0 0 0 0 0 0 0 0 0 0 0 0 0 0 0 0 0 0 0 0 0 0 0 0 0 0 0 0 0 0 0 0 0 0 0 0 0 0 0 0 0 0 0 0 0 0 0 0 -921 0 0 0 0 0 0 0 0 0 0 0 0 0 0 0 0 0 0 0 0 0 0 0 0 0 0 0
243 1 0 0 0 71 0 0 0 0 0 0 -24 0 0 2 0 0 0 39 0 0 0 20 3 -12 0 0 0 0 -13 3 0 -124 0 0 0 0 0 0 0 -2 0 0 0 0 0 0 0 37 2 0 1 0 0 1 0 0 1 0 -2 0 -6 0 0 -20 0 0 0 0 0 0 0 0 63 0 -170 0 0 0 0 0 0 336 0 0 0 0 4 -1 1 0 0 6 0 -26 0 -12 0 0 146 0 26 0 69 0 0 0 0 0
0 0 0 0 0 0 0 3 0 0 0 0 0 0 0 0 0 0 0 0 33 0 0 0 0 0 0 0 0 0 0 0 0 0 0 -71 0 0 0 0 0 0 0 0 0 0 0 0 0 0 0 0 0 -5 0 0 0 0 0 0 0 0 0 0 0 0 0 0 0 0 1 0 0 0 0 0 0 0 94 0 0 0 0 0 -195 0 0 0 0 0 0 0 0 0 0 0 0 0 0 0 0 0 0 0 0 0 0 -28 0 0
0 0 0 0 0 0 0 0 0 0 0 0 0 0 0 0 0 127 0 0 0 0 0 0 0 0 0 0 0 0 0 0 0 0 0 0 0 0 0 0 0 0 0 0 0 0 0 0 0 0 0 0 0 0 0 0 0 0 0 0 0 0 0 0 0 0 0 0 0 0 0 0 0 0 0 0 0 0 0 0 0 0 0 0 0 -690 0 0 0 0 0 0 0 0 0 0 0 0 0 0 0 0 0 0 0 0 0 0 0 0
0 0 0 0 0 0 0 -47 0 0 0 0 0 0 0 0 0 0 0 0 0 0 0 0 0 0 0 0 0 0 0 0 0 0 0 0 0 0 0 0 0 0 0 0 0 0 0 0 0 0 0 0 0 -18 0 0 0 0 0 0 0 0 0 0 0 0 0 0 0 0 -7 0 0 0 0 0 0 0 0 0 0 0 0 0 0 0 625 0 0 0 0 0 0 0 0 0 0 0 0 0 0 0 0 52 0 0 0 0 0 0
0 0 6 -2 0 0 0 0 0 0 0 0 0 0 0 0 0 0 0 0 0 0 0 0 0 0 0 0 0 0 0 0 0 0 0 0 0 0 -288 -191 0 0 0 0 0 0 0 0 0 0 0 0 0 0 0 0 0 0 0 0 0 0 0 0 0 0 0 0 0 0 0 0 0 0 0 0 0 0 0 0 0 0 0 0 0 0 0 -422 0 0 0 0 0 0 0 0 0 0 0 0 0 0 0 0 0 0 0 0 0 0
3 0 0 0 0 -3 0 0 0 0 0 0 66 0 0 -5 0 0 0 -21 0 0 0 1 -7 1 0 0 0 0 0 -8 0 -2 0 0 0 0 0 0 0 1 0 3 0 0 0 0 0 4 450 0 -3 0 7 0 0 0 0 0 1 0 42 0 0 0 0 0 0 0 0 0 0 0 0 0 -2 0 0 0 0 0 0 4 0 0 0 0 614 6 -2 0 0 -34 0 0 0 48 0 0 1 0 0 0 0 0 0 0 0 0
-1 -7 0 0 0 2 0 0 0 0 0 0 -4 0 0 0 0 0 0 13 0 0 0 0 0 -10 0 1 0 0 0 -75 -4 0 0 0 0 0 0 0 0 135 10 0 0 -4 0 0 0 -2 4 0 1 0 0 1 0 0 1 0 0 0 -24 3 0 0 0 0 0 0 0 0 -402 -3 0 0 2 0 0 -402 130 0 0 -1 0 0 0 0 6 -49 1 0 0 21 0 0 0 1 0 0 0 0 0 0 0 0 0 0 0 0
1 -16 0 0 0 0 0 0 0 0 0 0 2 0 0 1 0 0 0 0 0 0 -1 1 1 1 0 45 0 0 0 0 0 0 0 0 10 0 0 0 34 1 -12 -136 0 5 78 0 0 1 12 0 119 0 -96 0 0 0 0 0 1 0 2 -5 6 0 0 -55 -14 0 0 0 0 0 0 0 0 0 0 0 0 0 0 1 0 0 0 0 -2 1 235 1 0 0 0 0 0 0 220 0 0 0 0 0 0 0 0 0 -123 0
0 1 0 0 0 0 0 0 0 0 0 0 0 0 0 0 0 0 0 0 0 0 -2 0 0 0 0 0 0 0 0 0 0 0 0 0 0 0 0 0 0 0 1 -13 0 0 18 0 0 0 0 0 -1 0 5 0 0 0 0 0 0 0 0 0 1 0 0 1 -3 0 0 0 0 0 0 0 0 0 0 0 0 0 0 0 0 0 0 0 0 0 1 -433 0 0 0 0 0 0 -1 0 0 0 0 0 0 0 0 0 -4 0
0 0 0 0 0 0 0 0 0 0 0 0 0 0 0 0 0 0 0 0 0 0 0 0 0 0 0 0 0 0 0 0 0 0 0 0 0 0 0 0 0 0 0 0 0 0 0 0 0 0 0 0 0 0 0 0 0 0 0 0 0 0 0 0 0 0 0 0 0 0 0 0 0 0 0 0 0 0 0 0 0 0 0 0 0 0 0 0 0 0 0 0 -535 0 0 0 0 0 0 0 0 0 0 0 0 0 0 0 0 0
36 -262 0 0 0 -5 0 0 0 0 0 0 229 0 0 1 0 0 0 226 0 0 0 2 1 3 0 4 0 0 0 -29 -38 0 0 0 0 1 0 0 0 -19 350 1 0 -32 0 0 0 8 -22 0 -1 0 3 0 0 0 0 0 2 0 -127 22 0 0 0 -1 0 0 0 0 0 -27 0 0 -25 0 0 0 -20 0 0 6 0 0 0 0 -34 21 0 0 0 -174 0 0 0 -2 0 0 0 0 0 0 0 0 0 0 0 0
0 0 0 0 0 0 0 0 0 0 0 0 0 0 0 0 0 0 0 0 0 -32 0 0 0 0 0 0 -6 0 0 0 0 0 0 0 0 0 0 0 0 0 0 0 0 0 0 0 0 0 0 0 0 0 0 0 0 0 0 0 0 0 0 0 0 0 0 0 0 0 0 0 0 0 0 0 0 0 0 0 0 0 0 0 0 0 0 0 0 0 0 0 0 0 -841 0 0 0 0 0 0 0 0 0 0 0 0 0 0 0
0 0 0 0 0 0 0 0 0 0 0 0 0 0 0 0 0 0 0 0 0 0 0 0 0 0 0 0 0 0 69 0 0 0 0 0 0 0 0 0 0 0 0 0 0 0 0 0 0 18 0 0 0 0 0 0 0 0 0 0 0 0 0 0 0 447 0 0 0 0 0 0 0 0 0 0 0 0 0 0 0 0 0 -26 0 0 0 0 0 0 0 0 0 0 0 -261 0 0 0 0 166 0 0 0 0 -98 0 0 0 0
0 0 -6 -11 0 0 0 0 2 0 0 -171 0 0 -4 0 0 0 0 0 0 0 0 0 0 0 0 0 0 0 0 0 0 0 0 0 0 0 40 -59 0 3 0 0 0 0 1 0 0 0 0 0 0 0 0 0 0 0 0 0 -2 0 0 0 0 0 0 0 5 0 0 0 0 0 0 -5 0 0 0 0 -2 0 0 0 0 0 0 0 0 0 0 0 0 0 0 0 -645 0 0 0 0 0 0 0 0 0 -12 0 0 0
1 0 0 0 0 0 0 0 0 0 0 0 5 0 0 -102 0 0 0 -1 0 0 0 1 -127 1 0 0 0 0 0 0 0 28 -24 0 0 0 0 0 0 1 0 1 0 0 0 0 0 10 35 0 0 0 1 0 0 0 0 0 1 0 4 0 0 0 0 0 0 0 0 0 0 0 0 0 0 0 0 0 0 0 0 -12 0 0 0 0 48 1 0 0 0 -2 0 0 0 -40 0 0 -3 0 0 0 0 0 0 0 0 0
0 -8 0 0 0 0 0 0 0 0 0 0 0 0 0 0 0 0 0 0 0 0 0 0 0 0 0 0 0 0 0 0 0 0 0 0 -21 0 0 0 19 0 -6 0 0 0 -55 0 0 0 0 0 0 0 95 0 0 0 0 0 0 0 0 3 -4 0 0 32 11 0 0 1 0 1 0 0 0 0 0 0 0 0 0 0 0 0 0 0 0 0 220 -1 0 0 0 0 0 0 311 0 0 0 0 0 0 0 0 0 97 0
-4 0 0 0 0 0 0 0 0 0 0 0 0 0 0 0 0 0 0 0 0 0 0 0 0 0 0 0 0 0 0 0 0 0 0 0 0 0 0 0 0 0 0 0 -53 0 0 0 0 0 0 0 0 0 0 0 0 0 0 0 0 0 0 0 0 0 0 0 0 0 0 0 0 0 0 0 -7 0 0 0 0 0 0 0 0 0 0 0 0 0 0 0 0 0 0 0 0 0 0 -669 0 0 0 0 0 0 0 0 0 0
0 0 0 0 0 0 0 0 0 0 0 0 0 0 0 1 0 0 0 0 0 0 0 0 1 0 0 0 0 0 86 0 0 -29 0 0 0 0 0 0 0 0 0 0 0 0 0 0 0 -97 0 0 0 0 0 0 0 0 0 0 0 0 0 0 0 124 0 0 0 0 0 0 0 0 15 0 0 0 0 0 0 0 0 146 0 0 0 0 1 0 0 0 0 0 0 166 0 -3 0 0 -551 0 7 0 17 0 0 0 0 0
0 0 0 0 0 0 0 0 0 0 0 0 0 0 0 -136 0 0 0 0 0 0 0 0 110 0 0 0 0 0 0 0 0 0 0 0 0 0 0 0 0 0 0 0 0 0 0 0 0 0 0 0 0 0 0 0 0 0 0 0 0 0 0 0 0 0 0 0 0 0 0 0 0 0 0 0 0 0 0 0 0 0 0 0 0 0 0 0 0 0 0 0 0 0 0 0 0 0 0 0 0 170 0 0 0 0 0 0 0 0
0 0 0 0 0 0 0 0 0 0 0 0 0 0 0 0 0 0 0 0 0 0 0 0 0 0 0 0 0 0 0 0 0 19 0 0 0 0 0 0 0 0 0 0 0 0 0 0 0 -17 0 0 0 0 0 0 0 0 0 0 0 0 0 0 0 0 0 0 0 0 0 0 0 0 -215 0 0 0 0 0 0 0 0 26 0 0 0 0 0 0 0 0 0 0 0 0 0 0 0 0 7 0 184 0 -234 0 0 0 0 0
0 0 0 0 0 0 0 -45 0 0 0 0 0 0 0 0 0 0 0 0 0 0 0 0 0 0 0 0 0 0 0 0 0 0 0 0 0 0 0 0 0 0 0 0 0 0 0 0 0 0 0 0 0 -18 0 0 0 0 0 0 0 0 0 0 0 0 0 0 0 0 -7 0 0 0 0 0 0 0 0 0 0 0 0 0 0 0 52 0 0 0 0 0 0 0 0 0 0 0 0 0 0 0 0 517 0 0 0 0 0 0
0 0 0 0 0 0 0 0 0 0 0 0 0 0 0 0 0 0 0 0 0 0 0 0 0 0 0 0 0 0 0 0 0 49 0 0 0 0 0 0 0 0 0 0 0 0 0 0 0 -45 0 0 0 0 0 0 0 0 0 0 0 0 0 0 0 0 0 0 0 0 0 0 0 0 -467 0 0 0 0 0 0 0 0 69 0 0 0 0 0 0 0 0 0 0 0 0 0 0 0 0 17 0 -234 0 211 0 0 0 0 0
0 0 0 0 0 0 0 0 0 0 0 0 0 0 0 0 0 0 0 0 0 0 0 0 0 0 0 0 0 0 192 0 0 0 0 0 0 0 0 0 0 0 0 0 0 0 0 0 0 0 0 0 0 0 0 0 0 0 0 0 0 0 0 0 0 0 0 0 0 0 0 0 0 0 0 0 0 0 0 0 0 0 0 0 0 0 0 0 0 0 0 0 0 0 0 -98 0 0 0 0 0 0 0 0 0 23 0 0 0 0
0 0 -126 -216 0 0 0 0 24 0 0 7 0 0 -49 0 0 0 0 0 0 0 0 0 0 0 0 0 0 0 0 0 0 0 0 0 0 0 -69 105 0 -9 0 0 0 0 10 0 0 0 0 0 0 0 0 0 0 0 0 0 11 0 0 0 0 0 0 0 54 0 0 0 0 0 0 25 0 0 0 0 10 0 0 0 0 0 0 0 0 0 0 0 0 0 0 0 -12 0 0 0 0 0 0 0 0 0 337 0 0 0
0 0 0 0 0 0 0 -13 0 0 0 0 0 0 0 0 0 0 0 0 22 0 0 0 0 0 0 0 0 0 0 0 0 0 0 -46 0 0 0 0 0 0 0 0 0 0 0 0 0 0 0 0 0 36 0 0 0 0 0 0 0 0 0 0 0 0 0 0 0 0 -2 0 0 0 0 0 0 0 61 0 0 0 0 0 -28 0 0 0 0 0 0 0 0 0 0 0 0 0 0 0 0 0 0 0 0 0 0 31 0 0
0 -7 0 0 0 0 0 0 0 0 0 0 0 0 0 0 0 0 0 0 0 0 0 0 0 0 0 0 0 0 0 0 0 0 0 0 -62 0 0 0 15 0 -5 0 0 0 -158 0 0 0 0 0 0 0 -53 0 0 0 0 0 0 0 0 1 -44 0 0 -24 30 0 0 2 0 2 0 0 0 0 0 0 0 0 0 0 0 0 0 0 0 0 -123 -4 0 0 0 0 0 0 97 0 0 0 0 0 0 0 0 0 309 0
0 0 0 0 89 0 0 0 0 0 0 0 0 0 0 0 0 0 0 0 0 0 0 0 0 0 0 0 0 0 0 0 0 0 0 0 0 0 0 0 0 0 0 0 0 0 0 0 0 0 0 0 0 0 0 0 0 0 0 0 0 0 0 0 0 0 0 0 0 0 0 0 0 0 0 0 0 0 0 0 0 0 0 0 0 0 0 0 0 0 0 0 0 0 0 0 0 0 0 0 0 0 0 0 0 0 0 0 0 892

