Q_obj 
-274 43 0 8 0 -5 0 0 7 15 -7 0 2 150 6 97 323 0 -212 -263 5 -1 0 -140 7 0 0 1 -101 14 17 0 -5 -38 -22 0 69 0 92 1 0 0 0 -1 35 0 1 0 1 1 0 3 17 12 -241 0 -123 -14 0 -4
43 -127 0 0 0 0 0 0 0 0 50 0 0 35 0 8 75 0 0 116 0 0 0 -319 0 0 0 0 0 104 0 0 0 0 0 0 0 0 0 0 0 0 0 -5 0 0 0 0 0 2 0 8 52 0 0 0 0 0 0 0
0 0 396 0 0 0 0 0 0 0 143 0 0 0 -23 21 0 0 0 0 -18 -160 0 0 0 0 0 0 0 -69 0 0 0 0 0 0 0 0 0 32 0 0 0 0 0 0 0 0 0 0 0 0 0 0 0 0 0 0 0 0
8 0 0 67 0 353 0 0 -19 -40 -2 -1 1 6 3 16 13 0 0 -1 3 1 -12 4 -18 0 0 2 16 -1 -154 7 16 0 64 0 0 0 0 5 1 0 0 -6 0 -8 0 0 0 0 5 -4 0 6 41 0 1 3 0 307
0 0 0 0 -848 0 0 0 0 0 0 0 0 0 0 0 0 0 0 0 0 0 0 0 0 0 0 0 0 0 0 0 0 0 0 0 0 0 0 0 0 379 0 0 0 0 0 0 0 0 0 0 0 0 0 0 0 0 0 0
-5 0 0 353 0 183 0 0 16 34 1 -2 2 -4 5 1 -10 0 0 2 4 1 -21 -2 15 0 0 -1 -11 1 128 12 -12 0 -52 0 -20 0 0 8 1 0 0 -10 0 -15 1 0 0 0 9 -8 0 10 -33 0 1 -2 0 -226
0 0 0 0 0 0 -755 0 0 0 0 0 0 0 0 0 0 0 0 0 0 0 0 0 0 0 0 0 0 0 0 0 0 0 0 0 0 0 0 0 0 0 0 0 0 0 0 0 0 0 0 0 0 0 0 0 0 0 0 0
0 0 0 0 0 0 0 419 0 0 0 0 0 0 0 0 0 0 0 0 0 0 0 0 0 0 0 0 0 0 0 0 0 0 0 0 0 0 0 0 0 0 0 0 0 0 0 0 0 0 0 0 0 0 0 0 0 0 0 0
7 0 0 -19 0 16 0 0 -661 262 0 0 0 6 0 -2 12 0 0 -1 0 0 0 4 -33 0 0 4 -3 -1 -29 0 15 0 119 0 -1 0 0 0 0 0 0 -32 0 0 0 0 0 -257 0 42 0 0 22 0 0 2 0 13
15 0 0 -40 0 34 0 0 262 -226 0 0 0 12 0 -4 26 0 0 -2 0 0 0 8 -71 0 0 7 -6 -2 -62 0 31 0 253 0 -3 0 0 0 0 0 0 16 0 0 0 0 0 122 0 -19 0 0 47 0 0 3 0 26
-7 50 143 -2 0 1 0 0 0 0 421 13 -1 8 8 56 18 0 -7 54 6 81 1 -147 0 0 0 1 40 -350 2 0 1 -20 1 -9 53 0 -30 -6 1 0 0 -2 -23 -17 1 0 0 1 4 4 20 -8 19 0 -5 2 0 2
0 0 0 -1 0 -2 0 0 0 0 13 -565 -1 0 -6 -88 0 0 0 0 -5 5 1 0 0 0 0 0 0 0 0 0 0 0 0 -13 128 0 0 15 1 0 0 1 0 -28 0 0 0 0 6 1 0 -13 0 0 0 0 0 1
2 0 0 1 0 2 0 0 0 0 -1 -1 -230 0 -14 8 0 0 1 0 -11 5 0 0 0 0 0 0 0 0 0 0 0 3 0 -34 -10 0 4 6 0 0 0 0 3 -11 0 0 0 0 7 0 0 42 0 3 0 0 0 0
150 35 0 6 0 -4 0 0 6 12 8 0 0 -480 -1 -18 328 0 45 72 0 1 0 -11 28 0 0 231 24 11 14 0 -4 9 -18 0 -13 0 -19 0 0 0 0 -1 -7 0 1 0 103 1 0 3 14 -2 -196 0 27 -11 0 -3
6 0 -23 3 0 5 0 0 0 0 8 -6 -14 -1 198 31 -2 0 4 0 70 52 0 0 0 0 0 0 0 -5 0 0 0 9 0 -138 -40 0 14 14 0 0 0 0 10 -44 0 0 0 0 25 0 0 -114 0 0 0 0 0 -1
97 8 21 16 0 1 0 0 -2 -4 56 -88 8 -18 31 41 -40 0 55 8 24 -7 0 -20 -2 0 0 1 -274 -50 -17 1 2 145 8 70 -364 0 216 -64 0 0 1 -1 163 125 0 0 0 1 -26 0 3 59 7 0 42 1 0 -10
323 75 0 13 0 -10 0 0 12 26 18 0 0 328 -2 -40 82 0 101 156 -2 1 0 -23 2 0 0 -107 52 23 29 0 -9 18 -39 0 -30 0 -42 0 0 0 0 -3 -16 0 1 0 -47 2 0 5 30 -5 -425 0 59 -25 0 -8
0 0 0 0 0 0 0 0 0 0 0 0 0 0 0 0 0 -101 0 0 0 0 0 0 0 0 0 0 0 0 0 0 0 0 0 0 0 0 0 0 0 0 0 0 0 0 0 -85 0 0 0 0 0 0 0 0 0 0 0 0
-212 0 0 0 0 0 0 0 0 0 -7 0 1 45 4 55 101 0 -122 600 3 0 0 218 0 0 0 -2 -59 0 0 0 0 167 0 0 39 0 -70 1 0 0 0 0 21 0 0 0 0 0 0 0 0 7 0 0 -71 0 0 0
-263 116 0 -1 0 2 0 0 -1 -2 54 0 0 72 0 8 156 0 600 -332 0 0 0 -356 0 0 0 5 0 112 -2 0 1 191 5 0 0 0 -124 0 0 0 0 -5 0 0 0 0 3 2 0 7 46 0 44 0 0 3 0 1
5 0 -18 3 0 4 0 0 0 0 6 -5 -11 0 70 24 -2 0 3 0 165 41 0 0 0 0 0 0 0 -4 0 0 0 7 0 -108 -31 0 11 11 0 0 0 0 8 -35 0 0 0 0 20 0 0 -90 0 0 0 0 0 -1
-1 0 -160 1 0 1 0 0 0 0 81 5 5 1 52 -7 1 0 0 0 41 571 0 0 0 0 0 0 1 -38 0 1 0 -1 0 41 27 0 -2 -57 0 0 1 0 -2 -10 0 0 0 0 5 0 0 35 0 0 1 0 0 0
0 0 0 -12 0 -21 0 0 0 0 1 1 0 0 0 0 0 0 0 0 0 0 140 0 0 0 0 0 0 0 0 184 0 0 0 0 2 0 0 0 1 0 -1 -164 0 2 0 0 0 0 1 -126 0 0 0 0 0 0 0 8
-140 -319 0 4 0 -2 0 0 4 8 -147 0 0 -11 0 -20 -23 0 218 -356 0 0 0 522 4 0 0 2 1 -308 9 0 -2 70 -11 0 1 0 -45 0 0 0 0 15 0 0 1 0 1 -4 0 -18 -126 0 -120 0 0 -7 0 -2
7 0 0 -18 0 15 0 0 -33 -71 0 0 0 28 0 -2 2 0 0 0 0 0 0 4 221 0 0 0 -2 -1 -27 0 14 1 158 0 -1 0 0 0 0 0 0 0 0 0 0 0 32 0 0 0 0 0 21 0 0 2 0 12
0 0 0 0 0 0 0 0 0 0 0 0 0 0 0 0 0 0 0 0 0 0 0 0 0 903 0 0 0 0 0 0 0 0 0 0 0 0 0 0 0 0 0 0 0 0 0 0 0 0 0 0 0 0 0 0 0 0 0 0
0 0 0 0 0 0 0 0 0 0 0 0 0 0 0 0 0 0 0 0 0 0 0 0 0 0 -604 0 0 0 0 0 0 0 0 0 0 0 0 0 0 0 0 0 0 0 0 0 0 0 0 0 0 0 0 0 0 0 0 0
1 0 0 2 0 -1 0 0 4 7 1 0 0 231 0 1 -107 0 -2 5 0 0 0 2 0 0 0 216 1 1 3 0 -1 1 -15 0 1 0 0 0 0 0 0 0 0 0 1 0 327 0 0 0 0 0 -1 0 0 0 0 -1
-101 0 0 16 0 -11 0 0 -3 -6 40 0 0 24 0 -274 52 0 -59 0 0 1 0 1 -2 0 0 1 -312 0 -24 0 3 -157 11 -11 -202 0 -234 2 0 0 0 0 -176 -3 0 0 0 0 3 0 0 0 5 0 -42 1 0 -9
14 104 -69 -1 0 1 0 0 -1 -2 -350 0 0 11 -5 -50 23 0 0 112 -4 -38 0 -308 -1 0 0 1 0 -131 -2 0 1 0 4 0 0 0 0 8 0 0 0 -4 0 0 0 0 0 2 0 7 42 0 40 0 0 3 0 1
17 0 0 -154 0 128 0 0 -29 -62 2 0 0 14 0 -17 29 0 0 -2 0 0 0 9 -27 0 0 3 -24 -2 -749 0 24 0 98 0 -12 0 0 0 0 0 0 0 0 0 0 0 0 0 0 0 0 0 57 0 0 4 0 100
0 0 0 7 0 12 0 0 0 0 0 0 0 0 0 1 0 0 0 0 0 1 184 0 0 0 0 0 0 0 0 -135 0 0 0 0 -1 0 0 3 0 0 0 380 0 -5 0 0 0 0 -16 293 0 0 0 0 0 0 0 -4
-5 0 0 16 0 -12 0 0 15 31 1 0 0 -4 0 2 -9 0 0 1 0 0 0 -2 14 0 0 -1 3 1 24 0 -232 0 -47 0 2 0 0 0 0 0 0 0 0 0 1 0 0 0 0 0 0 0 -17 0 0 -1 0 -9
-38 0 0 0 0 0 0 0 0 0 -20 0 3 9 9 145 18 0 167 191 7 -1 0 70 1 0 0 1 -157 0 0 0 0 -419 0 0 104 0 158 1 0 0 0 0 -192 0 0 0 1 0 0 0 0 18 0 0 -189 0 150 0
-22 0 0 64 0 -52 0 0 119 253 1 0 0 -18 0 8 -39 0 0 5 0 0 0 -11 158 0 0 -15 11 4 98 0 -47 0 -288 0 6 0 0 0 0 0 0 0 0 0 1 0 0 0 0 0 0 0 -73 0 0 -4 0 -40
0 0 0 0 0 0 0 0 0 0 -9 -13 -34 0 -138 70 0 0 0 0 -108 41 0 0 0 0 0 0 -11 0 0 0 0 0 0 321 -74 0 0 41 0 0 0 0 0 -90 0 0 0 0 50 0 0 -278 0 0 -14 0 0 0
69 0 0 0 0 -20 0 0 -1 -3 53 128 -10 -13 -40 -364 -30 0 39 0 -31 27 2 1 -1 0 0 1 -202 0 -12 -1 2 104 6 -74 301 0 155 85 1 0 0 2 117 -169 0 0 0 0 33 1 0 -81 3 0 24 1 0 1
0 0 0 0 0 0 0 0 0 0 0 0 0 0 0 0 0 0 0 0 0 0 0 0 0 0 0 0 0 0 0 0 0 0 0 0 0 517 0 0 0 0 0 0 0 0 0 0 0 0 0 0 0 0 -3 0 0 53 0 0
92 0 0 0 0 0 0 0 0 0 -30 0 4 -19 14 216 -42 0 -70 -124 11 -2 0 -45 0 0 0 0 -234 0 0 0 0 158 0 0 155 0 -284 1 0 0 0 0 -295 0 0 0 0 0 0 0 0 27 0 0 -283 0 229 0
1 0 32 5 0 8 0 0 0 0 -6 15 6 0 14 -64 0 0 1 0 11 -57 0 0 0 0 0 0 2 8 0 3 0 1 0 41 85 0 1 318 0 0 2 -2 1 -105 0 0 0 0 50 -1 0 41 0 0 3 0 0 -2
0 0 0 1 0 1 0 0 0 0 1 1 0 0 0 0 0 0 0 0 0 0 1 0 0 0 0 0 0 0 0 0 0 0 0 0 1 0 0 0 391 0 0 0 0 2 0 0 0 0 5 0 0 0 0 0 0 0 0 0
0 0 0 0 379 0 0 0 0 0 0 0 0 0 0 0 0 0 0 0 0 0 0 0 0 0 0 0 0 0 0 0 0 0 0 0 0 0 0 0 0 398 0 0 0 0 0 0 0 0 0 0 0 0 0 0 0 0 0 0
0 0 0 0 0 0 0 0 0 0 0 0 0 0 0 1 0 0 0 0 0 1 -1 0 0 0 0 0 0 0 0 0 0 0 0 0 0 0 0 2 0 0 -177 0 0 -3 0 0 0 0 -11 0 0 0 0 0 0 0 0 1
-1 -5 0 -6 0 -10 0 0 -32 16 -2 1 0 -1 0 -1 -3 0 0 -5 0 0 -164 15 0 0 0 0 0 -4 0 380 0 0 0 0 2 0 0 -2 0 0 0 -243 0 5 0 0 0 -8 15 -11 -99 0 0 0 0 0 0 4
35 0 0 0 0 0 0 0 0 0 -23 0 3 -7 10 163 -16 0 21 0 8 -2 0 0 0 0 0 0 -176 0 0 0 0 -192 0 0 117 0 -295 1 0 0 0 0 163 0 0 0 0 0 0 0 0 20 0 0 -213 0 -435 0
0 0 0 -8 0 -15 0 0 0 0 -17 -28 -11 0 -44 125 0 0 0 0 -35 -10 2 0 0 0 0 0 -3 0 0 -5 0 0 0 -90 -169 0 0 -105 2 0 -3 5 0 454 0 0 0 0 -94 4 0 -89 0 0 -4 0 0 6
1 0 0 0 0 1 0 0 0 0 1 0 0 1 0 0 1 0 0 0 0 0 0 1 0 0 0 1 0 0 0 0 1 0 1 0 0 0 0 0 0 0 0 0 0 0 -963 0 0 0 0 0 0 0 1 0 0 1 0 1
0 0 0 0 0 0 0 0 0 0 0 0 0 0 0 0 0 -85 0 0 0 0 0 0 0 0 0 0 0 0 0 0 0 0 0 0 0 0 0 0 0 0 0 0 0 0 0 -862 0 0 0 0 0 0 0 0 0 0 0 0
1 0 0 0 0 0 0 0 0 0 0 0 0 103 0 0 -47 0 0 3 0 0 0 1 32 0 0 327 0 0 0 0 0 1 0 0 0 0 0 0 0 0 0 0 0 0 0 0 -380 0 0 0 0 0 0 0 0 0 0 0
1 2 0 0 0 0 0 0 -257 122 1 0 0 1 0 1 2 0 0 2 0 0 0 -4 0 0 0 0 0 2 0 0 0 0 0 0 0 0 0 0 0 0 0 -8 0 0 0 0 0 -292 0 11 34 0 0 0 0 0 0 0
0 0 0 5 0 9 0 0 0 0 4 6 7 0 25 -26 0 0 0 0 20 5 1 0 0 0 0 0 3 0 0 -16 0 0 0 50 33 0 0 50 5 0 -11 15 0 -94 0 0 0 0 186 12 0 49 0 0 3 0 0 -3
3 8 0 -4 0 -8 0 0 42 -19 4 1 0 3 0 0 5 0 0 7 0 0 -126 -18 0 0 0 0 0 7 0 293 0 0 0 0 1 0 0 -1 0 0 0 -11 0 4 0 0 0 11 12 -237 129 0 0 0 0 0 0 4
17 52 0 0 0 0 0 0 0 0 20 0 0 14 0 3 30 0 0 46 0 0 0 -126 0 0 0 0 0 42 0 0 0 0 0 0 0 0 0 0 0 0 0 -99 0 0 0 0 0 34 0 129 616 0 0 0 0 0 0 0
12 0 0 6 0 10 0 0 0 0 -8 -13 42 -2 -114 59 -5 0 7 0 -90 35 0 0 0 0 0 0 0 0 0 0 0 18 0 -278 -81 0 27 41 0 0 0 0 20 -89 0 0 0 0 49 0 0 98 0 0 0 0 0 -3
-241 0 0 41 0 -33 0 0 22 47 19 0 0 -196 0 7 -425 0 0 44 0 0 0 -120 21 0 0 -1 5 40 57 0 -17 0 -73 0 3 -3 0 0 0 0 0 0 0 0 1 0 0 0 0 0 0 0 4 0 0 4 0 -26
0 0 0 0 0 0 0 0 0 0 0 0 3 0 0 0 0 0 0 0 0 0 0 0 0 0 0 0 0 0 0 0 0 0 0 0 0 0 0 0 0 0 0 0 0 0 0 0 0 0 0 0 0 0 0 -218 0 0 0 0
-123 0 0 1 0 1 0 0 0 0 -5 0 0 27 0 42 59 0 -71 0 0 1 0 0 0 0 0 0 -42 0 0 0 0 -189 0 -14 24 0 -283 3 0 0 0 0 -213 -4 0 0 0 0 3 0 0 0 0 0 107 0 0 0
-14 0 0 3 0 -2 0 0 2 3 2 0 0 -11 0 1 -25 0 0 3 0 0 0 -7 2 0 0 0 1 3 4 0 -1 0 -4 0 1 53 0 0 0 0 0 0 0 0 1 0 0 0 0 0 0 0 4 0 0 -51 0 -1
0 0 0 0 0 0 0 0 0 0 0 0 0 0 0 0 0 0 0 0 0 0 0 0 0 0 0 0 0 0 0 0 0 150 0 0 0 0 229 0 0 0 0 0 -435 0 0 0 0 0 0 0 0 0 0 0 0 0 538 0
-4 0 0 307 0 -226 0 0 13 26 2 1 0 -3 -1 -10 -8 0 0 1 -1 0 8 -2 12 0 0 -1 -9 1 100 -4 -9 0 -40 0 1 0 0 -2 0 0 1 4 0 6 1 0 0 0 -3 4 0 -3 -26 0 0 -1 0 348

