Q_obj 
-549 0 0 0 0 0 0 0 0 0 0 0 0 0 0 0 0 0 0 108 0 0 0 0 0 0 0 0 0 0 0 0 0 0 0 0 0 0 0 0 0 0 -11 0 0 0 0 0 0 0 0 0 0 0 0 0 0 0 0 0 0 0 0 -20 0 0 0 0 0 0 3 0 0 0 0 0 0 0 0 0 0 0 0 0 -61 24 0 0 0 0 0 0 0 0 0 0 0 0 0 0 0 0 0 0 0 0 0 0 0 0 0 0 570 0 0 0 0 0 0 42 0 0 0 0 0 0 0 0 0 7 0 0 0 0 0 0 0 0 0 6 0 0 0 0 0 0 0 0 0 0 0 0 0 0 0 0 0 0 0 0
0 -256 0 0 0 0 -24 0 0 0 0 0 0 0 0 0 0 0 0 2 0 0 0 -33 0 0 0 0 0 0 0 0 0 0 0 0 0 0 -117 0 0 0 0 0 0 0 0 0 0 0 0 0 0 0 0 -5 0 0 0 0 0 0 0 0 0 0 0 0 0 0 0 0 18 0 0 0 0 0 0 0 0 -599 0 0 0 1 0 0 0 0 0 0 0 0 0 0 0 -221 0 0 0 0 0 0 0 0 0 0 0 0 0 0 0 0 0 0 0 0 0 0 0 0 0 0 0 0 0 0 0 -22 0 0 0 0 0 0 0 0 0 0 0 0 0 0 0 0 0 0 0 0 0 0 -246 0 22 0 0 0 0 0
0 0 631 0 0 0 0 0 0 0 -11 0 0 0 0 0 0 0 0 0 0 0 0 0 0 0 0 0 0 0 0 0 0 0 0 0 0 0 0 0 0 -2 0 0 0 0 0 0 0 0 0 1 0 -4 0 0 0 0 0 0 -11 0 0 0 0 0 0 2 0 0 0 0 0 0 0 1 0 0 0 0 0 0 0 0 0 0 0 0 0 0 0 0 0 0 0 0 0 0 0 0 1 0 0 -20 0 0 0 0 0 0 38 0 0 0 0 0 0 0 0 0 2 0 0 0 0 -365 0 0 0 0 0 0 0 0 0 0 0 0 0 0 0 0 0 0 1 0 0 0 0 0 0 0 0 0 0 0 0 0 0 1
0 0 0 -614 0 0 0 0 0 0 0 0 0 0 0 0 0 0 0 0 0 0 0 0 0 0 0 0 0 0 0 0 0 0 0 0 0 0 0 0 0 0 0 0 0 0 0 0 0 0 0 0 0 0 0 0 0 0 0 0 0 0 0 0 0 0 0 0 0 0 0 0 0 0 0 0 0 0 0 0 0 0 0 0 0 0 0 0 0 0 0 0 0 0 0 0 0 0 0 0 0 0 0 0 0 0 0 0 0 0 0 0 0 0 0 0 0 0 0 0 0 0 0 0 0 0 0 0 0 0 0 0 0 0 0 0 0 0 0 0 0 0 0 0 0 0 0 0 0 0 0 0 0 0 0 0 0 0 0 0
0 0 0 0 809 0 0 0 0 0 0 0 0 0 0 0 0 0 0 0 0 0 0 0 0 0 0 0 0 0 0 0 0 0 0 0 0 0 0 0 0 0 0 0 0 0 0 0 0 0 0 0 0 0 0 0 0 0 0 0 0 0 0 0 0 0 0 0 0 0 0 0 0 0 0 0 0 0 0 0 0 0 0 0 0 0 0 0 0 0 0 0 0 0 0 0 0 0 0 0 0 0 0 0 0 0 0 0 0 0 0 0 0 0 0 0 0 0 0 0 0 0 0 0 0 0 0 0 0 0 0 0 0 0 0 0 0 0 0 0 0 0 0 0 0 0 0 0 0 0 0 0 0 0 0 0 0 0 0 0
0 0 0 0 0 711 8 0 0 0 0 0 0 0 0 0 0 0 0 1 0 0 0 11 0 0 0 0 0 0 0 0 0 0 0 0 0 0 -6 0 0 0 0 0 0 0 0 0 0 0 0 0 0 0 0 0 0 0 0 0 0 0 0 0 0 0 0 0 0 0 0 0 -5 1 1 0 0 0 0 0 0 0 0 0 0 1 0 0 0 0 0 0 0 0 0 0 0 0 0 0 0 0 0 0 0 0 0 0 0 0 0 0 0 0 0 0 1 0 0 0 0 0 0 0 0 0 0 0 0 -1 0 0 0 -12 0 0 0 0 0 0 0 0 0 0 0 0 0 0 0 0 0 0 0 0 -6 0 0 0 0 0
0 -24 0 0 0 8 551 0 0 0 1 22 0 1 0 1 0 0 0 1 0 0 0 77 0 0 0 0 0 0 0 -4 0 1 0 0 5 0 -23 0 0 0 -1 0 0 1 0 0 0 0 0 0 0 0 0 2 -2 0 1 0 0 0 0 1 0 0 0 0 1 0 0 0 -159 0 5 0 1 0 0 0 0 25 0 0 0 1 0 0 0 0 0 -1 0 0 0 0 0 33 0 0 0 0 0 0 0 2 0 0 0 1 0 0 0 0 0 0 0 0 0 0 1 0 1 -5 0 0 0 0 3 -4 2 1 0 154 0 0 0 0 0 0 0 0 0 0 0 0 -3 0 0 0 0 0 0 0 41 -1 0 0 0 0
0 0 0 0 0 0 0 455 0 0 0 0 0 0 0 0 0 0 0 0 0 0 0 0 0 0 0 0 0 0 0 0 0 0 0 0 0 0 0 0 0 0 0 0 0 0 0 0 0 0 0 0 0 0 0 0 0 0 0 0 0 0 0 0 0 0 0 0 0 0 0 0 0 0 0 0 0 0 0 0 0 0 0 0 0 0 0 0 0 0 0 0 0 0 0 0 0 0 0 0 0 0 0 0 0 0 0 0 0 0 0 0 0 0 0 0 0 0 0 0 0 0 0 0 0 0 0 0 0 0 0 0 0 0 0 0 0 0 0 0 0 0 0 0 0 0 0 0 0 0 0 0 0 0 0 0 0 0 0 0
0 0 0 0 0 0 0 0 -401 0 0 0 0 -22 0 3 0 49 0 0 0 0 0 0 0 0 0 0 0 0 0 0 -121 0 0 0 0 4 0 0 0 0 -1 0 0 0 0 418 0 0 2 0 0 0 0 0 0 -1 0 0 0 1 0 -2 0 0 0 0 0 0 0 -64 0 0 0 -12 0 0 0 0 0 0 0 0 4 0 0 0 0 0 0 0 0 0 0 0 0 0 0 -4 0 0 0 0 0 0 9 0 0 0 0 0 0 0 0 0 0 0 -3 5 16 0 1 0 0 0 0 0 0 0 0 0 0 0 0 0 0 0 0 0 0 0 0 0 -10 0 0 0 0 0 0 0 0 -96 0 0 0 -108 0 0
0 0 0 0 0 0 0 0 0 362 0 0 1 0 -1 0 0 0 0 0 0 -21 0 0 216 0 48 0 0 0 0 0 0 32 0 0 0 0 0 0 0 11 10 0 0 0 0 0 0 0 0 0 0 0 0 0 0 0 0 0 0 0 0 -5 0 0 0 20 0 0 0 0 0 0 0 0 0 0 0 0 0 0 0 0 0 0 0 0 0 0 0 0 0 0 0 0 0 0 0 0 0 0 0 0 0 0 0 0 0 0 0 0 0 0 0 0 0 0 0 0 0 0 0 0 0 0 0 0 0 0 0 0 0 0 0 0 0 0 0 0 -374 0 0 0 0 0 0 0 0 0 0 0 0 0 0 0 0 0 0 0
0 0 -11 0 0 0 1 0 0 0 -466 0 0 0 0 0 0 0 0 0 0 0 0 1 0 0 0 0 0 0 0 0 0 0 0 0 0 0 0 0 0 0 0 0 0 19 0 0 0 0 0 0 0 0 0 0 -32 0 0 0 0 0 0 0 0 0 0 0 72 0 0 0 0 0 0 0 0 0 0 0 0 0 0 0 0 0 0 0 0 0 0 0 0 0 0 0 0 0 0 0 0 0 0 657 -17 0 0 0 0 0 -41 0 0 0 0 0 0 0 0 0 0 0 0 0 0 9 0 0 0 0 0 0 0 0 0 0 0 0 15 0 0 0 0 53 0 0 -5 0 0 0 0 0 0 0 1 -16 0 0 44 0
0 0 0 0 0 0 22 0 0 0 0 392 0 0 0 0 0 0 0 0 0 0 0 -15 0 0 0 0 0 0 0 0 0 0 0 0 0 0 0 0 0 0 0 0 0 0 0 0 0 0 0 0 0 0 0 0 0 0 0 0 0 0 0 0 0 0 0 0 0 0 0 0 0 0 0 0 0 0 0 0 0 0 0 0 0 0 0 0 0 0 0 0 0 0 0 0 0 0 0 0 0 0 0 0 0 0 0 0 0 0 0 0 0 0 0 0 0 0 0 0 0 0 0 29 0 0 0 0 0 0 0 0 0 0 0 0 0 0 0 0 0 0 0 0 0 0 0 0 0 0 0 0 0 0 0 0 0 0 0 0
0 0 0 0 0 0 0 0 0 1 0 0 902 0 0 0 0 0 0 0 0 0 0 0 1 0 0 0 0 0 0 0 0 1 44 0 1 -3 0 0 0 0 -16 0 0 0 0 0 0 0 1 0 10 0 0 0 0 0 0 0 0 0 0 10 0 0 0 0 0 0 0 0 0 1 0 0 0 0 0 0 0 0 0 0 0 0 0 0 0 0 0 0 0 0 0 0 0 0 9 0 0 0 0 0 0 0 0 0 0 -1 0 0 0 0 0 0 0 0 0 0 1 0 0 0 0 0 0 0 0 0 7 0 1 0 0 0 9 0 1 0 0 0 0 0 1 0 0 0 0 0 0 0 0 0 0 0 0 0 1 -66
0 0 0 0 0 0 1 0 -22 0 0 0 0 -367 8 4 0 3 0 0 0 0 0 1 0 0 0 0 0 0 -5 0 -6 1 0 0 0 63 0 0 0 0 0 0 0 1 0 36 0 0 0 -1 0 0 0 0 0 4 1 0 1 0 -3 1 0 0 0 1 1 0 -4 26 1 0 0 -295 7 1 0 0 0 0 0 0 0 0 0 0 0 0 0 0 4 0 9 9 0 0 0 0 0 0 0 0 0 -4 3 -5 0 22 0 0 0 0 0 0 0 0 0 0 198 0 1 0 0 0 0 0 0 0 1 0 0 0 0 0 0 0 0 3 0 0 0 0 1 0 0 0 0 0 0 0 0 6 0 0 1 162 0 1
0 0 0 0 0 0 0 0 0 -1 0 0 0 8 -103 -1 0 0 0 0 0 48 0 0 0 0 1 0 0 0 0 0 0 -5 0 0 1 -3 0 0 0 2 0 0 0 0 0 0 0 0 1 0 8 0 0 0 0 0 0 0 0 0 0 1 0 0 0 3 0 0 0 -64 0 1 0 5 0 0 0 0 0 0 0 0 0 0 0 0 0 0 0 0 0 0 0 0 0 0 8 0 0 0 0 0 0 0 0 0 0 -1 0 0 0 0 0 0 0 0 0 0 -3 0 0 0 0 0 0 0 0 0 5 0 1 0 0 0 7 0 1 0 2 0 0 0 0 0 0 0 0 0 0 0 0 0 0 0 0 36 1 0
0 0 0 0 0 0 1 0 3 0 0 0 0 4 -1 -628 0 0 0 0 0 -3 0 1 0 0 0 0 0 0 1 0 1 1 0 0 0 -4 0 0 0 -5 -6 0 0 1 0 -3 0 0 0 -17 -8 -10 0 0 0 0 16 0 7 0 1 4 0 0 0 3 1 0 1 -2 1 0 0 11 0 4 0 0 0 0 0 0 0 0 0 0 0 0 0 0 0 0 0 0 0 0 -3 1 -5 0 0 0 0 1 0 1 0 336 0 0 0 0 0 0 0 0 0 0 13 0 1 0 0 0 0 0 0 0 8 0 0 0 0 0 -7 0 0 0 0 0 0 0 10 0 0 0 0 0 0 0 0 0 0 0 8 -17 0 1
0 0 0 0 0 0 0 0 0 0 0 0 0 0 0 0 575 0 0 0 0 0 0 0 0 0 0 0 0 0 0 0 0 0 19 0 0 0 0 0 0 0 0 0 0 0 0 0 0 0 0 0 0 0 0 0 0 0 0 -76 0 0 0 0 0 0 0 0 0 0 0 0 0 0 0 0 0 0 0 0 175 0 0 -10 0 0 0 0 0 0 0 0 0 0 0 0 0 0 0 0 0 0 0 0 0 0 0 0 0 0 0 0 0 0 0 0 0 0 0 0 0 0 0 0 0 0 0 0 0 0 0 0 0 0 0 0 0 0 0 0 0 0 -76 0 0 0 0 0 0 0 0 0 0 0 0 0 0 0 0 13
0 0 0 0 0 0 0 0 49 0 0 0 0 3 0 0 0 343 0 0 0 0 0 0 0 0 0 0 0 0 0 0 127 0 0 0 0 0 0 0 0 0 0 0 0 0 0 -48 0 0 0 0 0 0 0 0 0 0 0 0 0 0 0 0 0 0 0 0 0 0 0 8 0 0 0 2 0 0 0 0 0 0 0 0 0 0 0 0 0 0 0 0 0 0 0 0 0 0 0 0 0 0 0 0 0 0 -4 0 0 0 0 0 0 0 0 0 0 0 0 0 -1 0 0 0 0 0 0 0 0 0 0 0 0 0 0 0 0 0 0 0 0 0 0 0 0 0 0 0 0 0 0 0 0 -11 0 0 0 13 0 0
0 0 0 0 0 0 0 0 0 0 0 0 0 0 0 0 0 0 119 95 88 0 0 0 0 0 0 0 0 93 0 0 0 0 0 0 0 0 0 0 0 0 0 0 0 0 0 0 0 0 0 0 0 0 0 0 0 -166 0 0 0 0 153 0 0 0 0 0 0 0 -56 0 0 0 0 0 0 0 0 0 0 0 0 0 0 -423 0 0 0 0 0 0 -168 -16 0 113 0 0 0 38 0 0 0 0 0 0 0 -64 0 0 0 0 0 116 0 0 0 0 0 0 0 0 0 0 0 0 -89 0 0 0 0 0 0 0 0 0 0 0 0 30 0 0 0 0 0 0 0 0 0 0 0 0 0 0 0 0 0 0 0 0
108 2 0 0 0 1 1 0 0 0 0 0 0 0 0 0 0 0 95 -405 70 0 0 1 0 0 0 0 0 74 0 0 0 0 0 0 0 0 -5 0 0 0 -5 0 0 0 0 0 0 0 0 0 0 0 0 0 0 62 0 0 0 0 -56 -10 0 0 0 0 0 0 21 0 0 0 1 0 0 0 0 0 0 -1 0 0 -31 -109 0 0 0 0 0 0 63 -4 0 -41 0 -1 0 -13 0 -4 0 0 0 0 0 25 0 0 0 0 136 33 0 0 0 0 0 22 0 0 0 0 0 0 -17 0 0 -30 0 0 0 2 0 0 0 0 0 -11 0 0 0 0 0 0 0 0 0 0 0 0 0 0 0 0 0 0 0 0
0 0 0 0 0 0 0 0 0 0 0 0 0 0 0 0 0 0 88 70 479 0 0 0 0 0 0 0 0 -321 0 0 0 0 0 0 0 0 0 0 0 0 0 0 0 0 0 0 0 0 0 0 0 0 0 0 0 -45 0 0 0 0 200 0 0 0 0 0 0 0 -41 0 0 0 0 0 0 0 0 0 0 0 0 0 0 -310 0 0 0 0 0 0 -123 -4 0 83 0 0 0 11 0 0 0 0 0 0 0 -47 0 0 0 0 0 85 0 0 0 0 0 0 0 0 0 0 0 0 -65 0 0 0 0 0 0 0 0 0 0 0 0 22 0 0 0 0 0 0 0 0 0 0 0 0 0 0 0 0 0 0 0 0
0 0 0 0 0 0 0 0 0 -21 0 0 0 0 48 -3 0 0 0 0 0 485 0 0 -8 0 6 0 0 0 0 0 0 -69 0 0 1 -31 0 0 0 15 -9 0 0 0 0 0 0 0 10 0 97 0 0 0 0 0 0 0 0 0 0 6 0 0 0 29 0 0 0 6 -2 1 0 -5 0 0 0 0 0 0 0 0 0 0 0 0 0 0 0 0 0 0 0 0 0 0 90 0 0 0 0 0 0 0 0 0 0 -14 0 0 0 0 0 0 0 0 0 0 4 0 -9 0 0 0 0 0 0 0 62 0 1 0 0 0 85 0 1 0 15 0 0 0 0 0 0 0 0 0 0 0 0 0 0 0 0 -2 1 0
0 0 0 0 0 0 0 0 0 0 0 0 0 0 0 0 0 0 0 0 0 0 -393 0 0 0 0 0 0 0 0 0 0 0 0 0 0 0 0 0 0 0 0 0 0 0 0 0 0 0 0 0 0 0 0 0 0 0 0 0 0 0 0 0 0 0 0 0 0 0 0 0 0 0 0 0 0 0 0 0 0 0 0 0 0 0 0 0 0 0 0 0 0 0 0 0 0 0 0 0 0 0 0 0 0 0 0 0 0 0 0 0 0 0 0 0 0 0 0 0 0 0 0 0 0 0 0 0 0 0 0 0 0 0 0 0 0 0 0 0 0 0 0 0 0 0 0 0 0 0 0 0 0 0 0 0 0 0 0 0
0 -33 0 0 0 11 77 0 0 0 1 -15 0 1 0 1 0 0 0 1 0 0 0 601 0 0 0 0 0 0 0 -5 0 1 0 0 7 -1 -32 0 0 0 -1 0 0 1 0 0 0 0 0 0 -1 0 0 3 -3 0 1 0 0 0 0 1 0 0 0 0 1 0 0 0 -219 0 6 0 1 0 0 0 0 35 0 0 0 1 0 0 0 0 0 -2 0 0 0 0 0 45 0 0 0 0 0 0 0 3 0 0 0 1 0 0 0 0 0 0 0 0 0 0 1 0 1 5 0 0 0 0 4 -6 3 1 0 212 0 0 -1 0 0 0 0 0 0 0 0 0 -5 0 0 0 0 0 0 0 56 -2 0 0 0 0
0 0 0 0 0 0 0 0 0 216 0 0 1 0 0 0 0 0 0 0 0 -8 0 0 -636 0 -43 0 0 0 0 0 0 -26 0 0 0 0 0 0 0 3 3 0 0 0 0 0 0 0 0 0 0 0 0 0 0 0 0 0 0 0 0 -1 0 0 0 6 0 0 0 0 0 0 0 0 0 0 0 0 0 0 0 0 0 0 0 0 0 0 0 0 0 0 0 0 0 0 0 0 0 0 0 0 0 0 0 0 0 0 0 0 0 0 0 0 0 0 0 0 0 0 0 0 0 0 0 0 0 0 0 0 0 0 0 0 0 0 0 0 -257 0 0 0 0 0 0 0 0 0 0 0 0 0 0 0 0 0 0 0
0 0 0 0 0 0 0 0 0 0 0 0 0 0 0 0 0 0 0 0 0 0 0 0 0 -453 0 0 0 0 0 0 0 0 0 0 0 0 0 0 0 0 0 0 0 0 0 0 0 0 0 0 0 0 0 0 0 0 0 0 0 0 0 0 0 0 0 0 0 0 0 0 0 0 0 0 0 0 0 0 0 0 0 0 0 0 0 0 0 0 0 0 0 0 0 0 0 0 0 0 0 0 0 0 0 0 0 0 0 0 0 0 0 0 0 0 0 0 0 0 0 0 0 0 0 0 0 0 0 0 0 0 0 0 0 0 0 0 0 0 0 0 0 0 0 0 0 0 0 0 0 0 0 0 0 0 0 0 0 0
0 0 0 0 0 0 0 0 0 48 0 0 0 0 1 0 0 0 0 0 0 6 0 0 -43 0 842 0 0 0 0 0 0 75 0 0 0 0 0 0 0 0 0 0 0 0 0 0 0 0 0 0 0 0 0 0 0 0 0 0 0 0 0 0 0 0 0 0 0 0 0 0 0 0 0 0 0 0 0 0 0 0 0 0 0 0 0 0 0 0 0 0 0 0 0 0 0 0 0 0 0 0 0 0 0 0 0 0 0 0 0 0 0 0 0 0 0 0 0 0 0 0 0 0 0 0 0 0 0 0 0 0 0 0 0 0 0 0 0 0 76 0 0 0 0 0 0 0 0 0 0 0 0 0 0 0 0 0 0 0
0 0 0 0 0 0 0 0 0 0 0 0 0 0 0 0 0 0 0 0 0 0 0 0 0 0 0 523 0 0 0 0 0 0 0 0 0 0 0 0 0 0 0 0 0 0 0 0 0 0 0 0 0 0 0 0 0 0 0 0 0 0 0 0 0 0 0 0 0 0 0 0 0 0 0 0 0 0 0 0 0 0 0 0 0 0 0 0 0 0 0 0 0 0 0 0 0 0 0 0 0 0 0 0 0 0 0 0 0 0 0 0 0 0 0 0 0 0 0 0 0 0 0 0 0 0 0 0 0 0 0 0 0 0 0 0 0 0 0 0 0 0 0 0 0 0 0 0 0 0 0 0 0 0 0 0 0 0 0 0
0 0 0 0 0 0 0 0 0 0 0 0 0 0 0 0 0 0 0 0 0 0 0 0 0 0 0 0 158 0 0 0 0 0 0 0 0 0 0 0 0 0 0 0 0 0 0 0 0 0 0 0 0 0 0 0 0 0 0 0 0 0 0 0 0 0 0 0 0 0 0 0 0 0 0 0 0 0 0 0 0 0 0 0 0 0 0 0 0 0 0 0 0 0 0 0 0 0 0 0 0 0 0 0 0 0 0 0 0 0 0 0 0 0 0 0 0 0 0 0 0 0 0 0 0 0 0 0 0 0 0 0 0 0 0 0 0 0 0 0 0 0 0 0 0 0 0 0 0 0 0 0 0 0 0 0 0 0 0 0
0 0 0 0 0 0 0 0 0 0 0 0 0 0 0 0 0 0 93 74 -321 0 0 0 0 0 0 0 0 440 0 0 0 0 0 0 0 0 0 0 0 0 0 0 0 0 0 0 0 0 0 0 0 0 0 0 0 -201 0 0 0 0 37 0 0 0 0 0 0 0 -43 0 0 0 0 0 0 0 0 0 0 0 0 0 0 -330 0 0 0 0 0 0 -131 -4 0 88 0 0 0 46 0 0 0 0 0 0 0 -50 0 0 0 0 0 91 0 0 0 0 0 0 0 0 0 0 0 0 -69 0 0 0 0 0 0 0 0 0 0 0 0 24 0 0 0 0 0 0 0 0 0 0 0 0 0 0 0 0 0 0 0 0
0 0 0 0 0 0 0 0 0 0 0 0 0 -5 0 1 0 0 0 0 0 0 0 0 0 0 0 0 0 0 126 112 0 0 0 0 -46 1 0 0 0 0 0 0 0 0 0 -9 0 0 0 0 0 0 0 0 0 4 0 0 0 0 -3 0 0 0 0 0 0 0 -4 -14 -2 0 0 -3 22 0 0 0 0 0 0 0 0 0 0 0 0 0 0 40 4 0 -218 10 0 0 0 0 0 0 0 0 0 -100 0 -5 0 0 0 0 0 0 0 0 0 0 0 0 3 0 0 0 0 0 0 0 67 0 0 17 0 0 0 0 0 0 0 3 0 0 0 0 0 0 0 0 0 0 0 -6 0 0 0 0 0 -24 0 0
0 0 0 0 0 0 -4 0 0 0 0 0 0 0 0 0 0 0 0 0 0 0 0 -5 0 0 0 0 0 0 112 -158 0 0 0 0 -377 0 0 0 0 0 0 0 0 0 0 0 0 0 0 0 0 0 0 0 0 0 0 0 0 0 0 0 0 0 0 0 0 0 0 0 -17 0 0 0 -132 0 0 0 0 0 0 0 0 0 0 0 0 0 0 -343 0 0 0 0 0 0 0 0 0 0 0 0 0 -311 0 0 0 0 0 0 0 0 0 0 0 0 0 0 0 0 0 0 0 0 0 0 0 0 0 0 0 0 0 0 0 0 0 0 0 0 0 0 0 0 0 0 0 0 0 0 0 0 0 0 0 0 0 0
0 0 0 0 0 0 0 0 -121 0 0 0 0 -6 0 1 0 127 0 0 0 0 0 0 0 0 0 0 0 0 0 0 78 0 0 0 0 1 0 0 0 0 0 0 0 0 0 122 0 0 0 0 0 0 0 0 0 0 0 0 0 0 0 0 0 0 0 0 0 0 0 -18 0 0 0 -4 0 0 0 0 0 0 0 0 0 0 0 0 0 0 0 0 0 0 0 0 0 0 0 0 0 0 0 0 0 0 13 0 0 0 0 0 0 0 0 0 0 0 0 0 4 0 0 0 0 0 0 0 0 0 0 0 0 0 0 0 0 0 0 0 0 0 0 0 0 0 0 0 0 0 0 0 0 30 0 0 0 -31 0 0
0 0 0 0 0 0 1 0 0 32 0 0 1 1 -5 1 0 0 0 0 0 -69 0 1 -26 0 75 0 0 0 0 0 0 -456 0 0 0 3 0 0 0 -1 1 0 0 1 0 0 0 0 0 0 -7 0 0 0 0 0 1 0 0 0 0 0 0 0 0 -2 1 0 0 0 1 0 0 1 0 0 0 0 0 0 0 0 0 0 0 0 0 0 0 0 0 0 0 0 0 0 -6 0 0 0 0 0 0 0 0 0 0 2 0 0 0 0 0 0 0 0 0 0 0 0 1 0 0 0 0 0 0 0 -4 0 0 0 0 0 -6 0 0 0 46 0 0 0 0 0 0 0 0 0 0 0 0 0 0 0 0 0 0 0
0 0 0 0 0 0 0 0 0 0 0 0 44 0 0 0 19 0 0 0 0 0 0 0 0 0 0 0 0 0 0 0 0 0 -119 0 0 0 0 0 0 0 -1 0 0 0 0 0 0 0 0 0 0 0 0 0 0 0 0 275 0 0 0 1 0 0 0 0 0 0 0 0 0 0 0 3 0 0 0 0 0 0 0 0 0 0 0 0 0 0 0 0 0 0 0 0 0 0 0 0 0 0 0 0 0 0 0 0 0 0 0 0 0 0 0 0 0 0 0 0 4 0 0 0 0 0 0 0 0 0 0 0 0 0 0 0 0 0 0 0 0 0 0 0 3 0 0 0 0 0 0 0 0 0 0 0 0 0 0 -676
0 0 0 0 0 0 0 0 0 0 0 0 0 0 0 0 0 0 0 0 0 0 0 0 0 0 0 0 0 0 0 0 0 0 0 204 0 0 0 0 0 0 0 0 0 0 0 0 0 0 0 0 0 0 0 0 0 96 0 0 0 0 -87 0 0 0 0 0 0 0 0 0 0 0 0 0 0 0 494 0 0 0 0 0 0 0 0 0 0 0 0 0 -177 0 0 0 0 0 0 -21 0 0 0 0 0 0 0 0 0 0 0 0 0 0 0 0 0 0 0 0 0 0 0 0 0 0 0 0 0 0 0 0 0 0 0 0 0 0 0 0 0 0 0 0 0 0 0 0 0 0 0 0 0 0 0 0 0 0 0 0
0 0 0 0 0 0 5 0 0 0 0 0 1 0 1 0 0 0 0 0 0 1 0 7 0 0 0 0 0 0 -46 -377 0 0 0 0 397 1 0 0 0 0 1 0 0 0 0 0 0 0 1 0 1 0 0 0 0 0 0 0 0 0 0 0 0 0 0 0 0 0 0 0 19 1 0 1 56 0 0 0 0 0 0 0 0 0 0 0 0 0 0 -132 0 0 0 0 0 0 1 0 0 0 0 0 0 130 0 0 0 0 0 0 0 0 0 0 0 0 0 0 0 0 0 0 0 0 0 0 201 0 0 50 1 0 0 0 1 0 1 0 0 0 0 0 0 0 0 0 0 0 0 -19 0 0 0 0 0 0 1 0
0 0 0 0 0 0 0 0 4 0 0 0 -3 63 -3 -4 0 0 0 0 0 -31 0 -1 0 0 0 0 0 0 1 0 1 3 0 0 1 764 0 0 0 1 -61 0 0 0 251 -5 -147 0 13 1 125 1 0 0 0 0 0 0 0 0 1 35 0 0 0 0 0 0 1 -3 -3 1 0 152 0 0 0 0 0 0 0 0 0 0 0 0 0 0 0 0 0 0 -1 -1 0 0 -33 1 1 0 0 0 0 1 0 1 0 -21 0 0 0 0 0 0 0 0 0 0 -100 0 -11 0 0 0 0 90 0 0 129 0 1 0 0 0 110 -251 1 0 0 0 0 0 0 0 0 0 55 0 0 0 0 0 0 0 0 -24 1 0
0 -117 0 0 0 -6 -23 0 0 0 0 0 0 0 0 0 0 0 0 -5 0 0 0 -32 0 0 0 0 0 0 0 0 0 0 0 0 0 0 619 0 0 0 0 0 0 0 0 0 0 0 0 0 0 0 0 10 0 0 0 0 0 0 0 0 0 0 0 0 0 0 0 0 17 0 -3 0 0 0 0 0 0 121 0 0 0 -1 0 0 0 0 0 0 0 0 0 0 0 155 0 0 0 -14 0 0 0 0 0 0 0 0 0 0 0 0 0 0 0 0 0 0 0 0 0 0 0 0 0 0 0 102 0 0 0 -128 0 0 0 0 0 0 0 0 0 0 0 0 0 0 0 0 0 0 0 0 21 0 0 0 0 0
0 0 0 0 0 0 0 0 0 0 0 0 0 0 0 0 0 0 0 0 0 0 0 0 0 0 0 0 0 0 0 0 0 0 0 0 0 0 0 230 0 0 0 0 0 0 0 0 0 0 0 0 0 0 0 0 0 0 0 0 0 0 0 0 0 0 0 0 0 0 0 0 0 0 0 0 0 0 0 0 0 0 0 0 0 0 0 0 0 0 0 0 0 0 0 0 0 0 0 0 0 0 0 0 0 0 0 0 0 0 0 0 0 0 0 0 0 0 0 0 0 0 0 0 0 0 0 0 0 0 0 0 0 0 0 0 0 0 0 0 0 0 0 0 0 0 0 0 0 0 0 0 0 0 0 0 0 0 0 0
0 0 0 0 0 0 0 0 0 0 0 0 0 0 0 0 0 0 0 0 0 0 0 0 0 0 0 0 0 0 0 0 0 0 0 0 0 0 0 0 -826 0 0 0 0 0 0 0 0 0 0 0 0 0 0 0 0 0 0 0 0 0 0 0 0 0 0 0 0 0 0 0 0 0 0 0 0 0 0 0 0 0 0 0 0 0 0 0 0 0 0 0 0 0 0 0 0 0 0 0 0 0 0 0 0 0 0 0 0 0 0 0 0 0 0 0 0 0 0 0 0 0 0 0 0 0 0 0 0 0 0 0 0 0 0 0 0 0 0 0 0 0 0 0 0 0 0 0 0 0 0 0 0 0 0 0 0 0 0 0
0 0 -2 0 0 0 0 0 0 11 0 0 0 0 2 -5 0 0 0 0 0 15 0 0 3 0 0 0 0 0 0 0 0 -1 0 0 0 1 0 0 0 344 -5 0 0 0 0 0 0 0 0 -131 0 -185 0 0 0 0 27 0 32 0 0 4 0 0 0 89 0 0 0 0 0 0 0 72 0 -38 0 0 0 0 0 0 0 0 0 0 0 0 0 0 0 0 0 0 0 0 0 0 -41 0 0 0 0 0 0 0 0 0 0 0 0 0 0 0 0 0 0 0 108 0 0 0 0 -3 0 0 0 0 0 0 0 0 0 0 0 0 0 0 -4 0 0 0 74 0 0 0 0 0 0 0 0 0 0 0 -78 0 0 2
-11 0 0 0 0 0 -1 0 -1 10 0 0 -16 0 0 -6 0 0 0 -5 0 -9 0 -1 3 0 0 0 0 0 0 0 0 1 -1 0 1 -61 0 0 0 -5 230 0 0 0 0 0 0 0 13 0 191 0 0 0 0 9 -1 0 0 -7 0 -436 0 0 0 -11 0 0 3 0 -5 1 0 -1 0 0 0 0 0 0 0 0 -58 -1 0 0 0 0 0 0 0 0 0 0 0 0 175 36 0 0 0 0 0 0 -12 0 0 -27 0 0 -14 0 0 0 0 0 -8 -145 18 0 -17 0 0 0 0 0 0 0 121 0 1 0 0 0 167 0 1 6 -4 0 0 0 -24 0 0 0 0 0 0 0 0 0 0 0 0 0 1 3
0 0 0 0 0 0 0 0 0 0 0 0 0 0 0 0 0 0 0 0 0 0 0 0 0 0 0 0 0 0 0 0 0 0 0 0 0 0 0 0 0 0 0 -329 0 0 0 0 0 0 0 0 0 0 0 0 0 0 0 0 0 0 0 0 0 0 0 0 0 0 0 0 0 0 0 0 0 0 0 0 0 0 0 0 0 0 0 0 0 0 0 0 0 0 0 0 0 0 0 0 0 0 0 0 0 0 0 0 0 0 0 0 0 0 0 0 0 0 0 0 0 0 0 0 0 0 0 0 0 0 0 0 0 0 0 0 0 0 0 0 0 0 0 0 0 0 0 0 0 0 0 0 0 0 0 0 0 0 0 0
0 0 0 0 0 0 0 0 0 0 0 0 0 0 0 0 0 0 0 0 0 0 0 0 0 0 0 0 0 0 0 0 0 0 0 0 0 0 0 0 0 0 0 0 -826 0 0 0 0 0 0 0 0 0 0 0 0 0 0 0 0 0 0 0 0 0 0 0 0 0 0 0 0 0 0 0 0 0 0 0 0 0 0 0 0 0 0 0 0 0 0 0 0 0 0 0 0 0 0 0 0 0 0 0 0 0 0 0 0 0 0 0 0 0 0 0 0 0 0 0 0 0 0 0 0 0 0 0 0 0 0 0 0 0 0 0 0 0 0 0 0 0 0 0 0 0 0 0 0 0 0 0 0 0 0 0 0 0 0 0
0 0 0 0 0 0 1 0 0 0 19 0 0 1 0 1 0 0 0 0 0 0 0 1 0 0 0 0 0 0 0 0 0 1 0 0 0 0 0 0 0 0 0 0 0 -36 0 0 0 0 0 0 0 0 0 0 0 0 1 0 0 0 0 1 0 0 0 0 -15 0 0 0 1 -37 0 10 0 0 0 0 0 0 0 0 0 0 0 0 0 0 0 0 0 0 0 0 0 0 0 0 0 0 0 35 -2 0 0 0 0 1 25 0 0 0 0 0 0 0 120 0 15 0 1 0 0 0 0 0 0 0 1 0 -19 0 0 0 0 0 8 0 0 0 0 8 -30 0 0 0 0 0 0 0 0 0 0 0 0 0 23 0
0 0 0 0 0 0 0 0 0 0 0 0 0 0 0 0 0 0 0 0 0 0 0 0 0 0 0 0 0 0 0 0 0 0 0 0 0 251 0 0 0 0 0 0 0 0 69 0 428 0 0 0 0 0 0 0 0 0 0 0 0 0 0 0 0 0 0 0 0 0 0 0 0 0 0 37 0 0 0 0 0 0 0 0 0 0 0 0 0 0 0 0 0 0 0 0 0 0 0 0 0 0 0 0 0 0 0 0 0 0 0 0 0 0 0 0 0 0 0 0 -24 0 0 0 0 0 0 325 0 0 133 0 0 0 0 0 0 729 0 0 0 0 0 0 0 0 0 0 -158 0 0 0 0 0 0 0 0 0 0 0
0 0 0 0 0 0 0 0 418 0 0 0 0 36 0 -3 0 -48 0 0 0 0 0 0 0 0 0 0 0 0 -9 0 122 0 0 0 0 -5 0 0 0 0 0 0 0 0 0 -419 0 0 0 0 0 0 0 0 0 6 0 0 0 0 -5 0 0 0 0 0 0 0 -7 100 0 0 0 25 11 0 0 0 0 0 0 0 0 0 0 0 0 0 0 0 6 0 15 16 0 0 0 -1 0 0 0 0 0 -7 -41 -8 0 0 0 0 0 0 0 0 0 0 0 0 -16 0 0 0 0 0 0 0 0 0 0 0 0 0 0 0 0 0 0 5 0 0 0 0 0 0 0 0 0 0 0 0 0 -102 0 0 0 168 0 0
0 0 0 0 0 0 0 0 0 0 0 0 0 0 0 0 0 0 0 0 0 0 0 0 0 0 0 0 0 0 0 0 0 0 0 0 0 -147 0 0 0 0 0 0 0 0 428 0 -510 0 0 0 0 0 0 0 0 0 0 0 0 0 0 0 0 0 0 0 0 0 0 0 0 0 0 -21 0 0 0 0 0 0 0 0 0 0 0 0 0 0 0 0 0 0 0 0 0 0 0 0 0 0 0 0 0 0 0 0 0 0 0 0 0 0 0 0 0 0 0 0 15 0 0 0 0 0 0 152 0 0 -77 0 0 0 0 0 0 264 0 0 0 0 0 0 0 0 0 0 -57 0 0 0 0 0 0 0 0 0 0 0
0 0 0 0 0 0 0 0 0 0 0 0 0 0 0 0 0 0 0 0 0 0 0 0 0 0 0 0 0 0 0 0 0 0 0 0 0 0 0 0 0 0 0 0 0 0 0 0 0 900 0 0 0 0 0 0 0 0 0 0 0 0 0 0 0 0 0 0 0 0 0 0 0 0 0 0 0 0 0 0 0 0 0 0 0 0 0 0 0 0 0 0 0 0 0 0 0 0 0 0 0 0 0 0 0 0 0 0 0 0 0 0 0 0 0 0 0 0 0 0 0 0 0 0 0 0 0 0 0 0 0 0 0 0 0 0 0 0 0 0 0 0 0 0 0 0 0 0 0 0 0 0 0 0 0 0 0 0 0 0
0 0 0 0 0 0 0 0 2 0 0 0 1 0 1 0 0 0 0 0 0 10 0 0 0 0 0 0 0 0 0 0 0 0 0 0 1 13 0 0 0 0 13 0 0 0 0 0 0 0 -458 0 35 0 0 0 0 -43 0 0 0 -442 0 -24 0 0 0 0 0 0 0 0 0 1 0 -4 0 0 0 0 0 0 0 0 24 0 0 0 0 0 0 0 0 0 0 0 0 0 11 -192 0 0 0 0 0 0 11 0 0 -3 0 0 0 0 0 0 0 0 7 27 -10 0 -3 0 0 0 0 0 0 0 -24 0 1 0 0 0 44 0 1 0 0 0 0 0 21 0 0 0 0 0 0 0 0 0 0 0 0 0 1 0
0 0 1 0 0 0 0 0 0 0 0 0 0 -1 0 -17 0 0 0 0 0 0 0 0 0 0 0 0 0 0 0 0 0 0 0 0 0 1 0 0 0 -131 0 0 0 0 0 0 0 0 0 -81 0 -248 0 0 0 0 87 0 162 0 0 0 0 0 0 70 0 0 0 0 0 0 0 174 0 128 0 0 0 0 0 0 0 0 0 0 0 0 0 0 0 0 0 0 0 0 0 0 -196 0 0 0 0 0 0 0 0 0 0 0 0 0 0 0 0 0 0 0 263 0 0 0 0 2 0 0 0 0 0 0 0 0 0 0 0 0 0 0 0 0 0 0 180 74 0 0 0 0 0 0 0 0 0 0 258 0 0 3
0 0 0 0 0 0 0 0 0 0 0 0 10 0 8 -8 0 0 0 0 0 97 0 -1 0 0 0 0 0 0 0 0 0 -7 0 0 1 125 0 0 0 0 191 0 0 0 0 0 0 0 35 0 -117 0 0 0 0 5 -1 0 0 45 0 -104 0 0 0 0 0 0 0 0 -3 1 0 19 0 0 0 0 0 0 0 0 -2 0 0 0 0 0 0 0 0 0 0 0 0 0 104 20 0 0 0 0 0 0 -1 0 0 -36 0 0 0 0 0 0 0 0 0 -2 -10 0 79 0 0 0 0 0 0 0 -243 0 1 0 0 0 427 0 1 0 0 0 0 0 -2 0 0 0 0 0 0 0 0 0 0 0 0 0 1 0
0 0 -4 0 0 0 0 0 0 0 0 0 0 0 0 -10 0 0 0 0 0 0 0 0 0 0 0 0 0 0 0 0 0 0 0 0 0 1 0 0 0 -185 0 0 0 0 0 0 0 0 0 -248 0 71 0 0 0 0 51 0 60 0 0 0 0 0 0 99 0 0 0 0 0 0 0 135 0 -73 0 0 0 0 0 0 0 0 0 0 0 0 0 0 0 0 0 0 0 0 0 0 -77 0 0 0 0 0 0 0 0 0 0 0 0 0 0 0 0 0 0 0 204 0 0 0 0 -5 0 0 0 0 0 0 0 0 0 0 0 0 0 0 0 0 0 0 140 0 0 0 0 0 0 0 0 0 0 0 -147 0 0 2
0 0 0 0 0 0 0 0 0 0 0 0 0 0 0 0 0 0 0 0 0 0 0 0 0 0 0 0 0 0 0 0 0 0 0 0 0 0 0 0 0 0 0 0 0 0 0 0 0 0 0 0 0 0 -915 0 0 0 0 0 0 0 0 0 0 0 0 0 0 0 0 0 0 0 0 0 0 0 0 0 0 0 0 0 0 0 0 0 0 0 0 0 0 0 0 0 0 0 0 0 0 0 0 0 0 0 0 0 0 0 0 0 0 0 0 0 0 0 0 0 0 0 0 0 0 0 0 0 0 0 0 0 0 0 0 0 0 0 0 0 0 0 0 0 0 0 0 0 0 0 0 0 0 0 0 0 0 0 0 0
0 -5 0 0 0 0 2 0 0 0 0 0 0 0 0 0 0 0 0 0 0 0 0 3 0 0 0 0 0 0 0 0 0 0 0 0 0 0 10 0 0 0 0 0 0 0 0 0 0 0 0 0 0 0 0 925 0 0 0 0 0 0 0 0 0 0 0 0 0 0 0 0 -1 0 0 0 0 0 0 0 0 6 0 0 0 0 0 0 0 0 0 0 0 0 0 0 0 8 0 0 0 0 0 0 0 0 0 0 0 0 0 0 0 0 0 0 0 0 0 0 0 0 0 0 0 0 0 0 0 2 0 0 0 0 0 0 0 0 0 0 0 0 0 0 0 0 0 0 0 0 0 0 0 0 -1 0 0 0 0 0
0 0 0 0 0 0 -2 0 0 0 -32 0 0 0 0 0 0 0 0 0 0 0 0 -3 0 0 0 0 0 0 0 0 0 0 0 0 0 0 0 0 0 0 0 0 0 0 0 0 0 0 0 0 0 0 0 0 175 0 0 0 0 0 0 0 0 0 0 0 0 0 0 0 2 0 0 0 0 0 0 0 0 0 0 0 0 0 0 0 0 0 0 0 0 0 0 0 0 0 0 0 0 0 0 18 0 0 0 0 0 0 0 0 0 0 0 0 0 0 0 0 0 0 0 0 0 0 0 0 0 0 0 0 0 0 0 0 0 0 0 0 0 0 0 0 0 0 186 0 0 0 0 0 0 0 -9 722 0 0 0 0
0 0 0 0 0 0 0 0 -1 0 0 0 0 4 0 0 0 0 -166 62 -45 0 0 0 0 0 0 0 0 -201 4 0 0 0 0 96 0 0 0 0 0 0 9 0 0 0 0 6 0 0 -43 0 5 0 0 0 0 148 0 0 0 -41 67 15 0 0 0 0 0 0 36 10 0 0 0 10 -4 0 94 0 0 0 0 0 -25 -277 0 0 0 0 0 0 404 9 -5 -70 0 0 0 -30 0 0 0 0 0 3 -11 42 0 0 0 0 0 0 0 0 0 0 -7 -29 9 0 0 0 0 0 32 0 0 0 0 0 0 0 0 0 0 0 0 -18 0 0 0 0 -22 0 0 0 0 0 0 0 0 0 0 0 0 16 0 0
0 0 0 0 0 0 1 0 0 0 0 0 0 1 0 16 0 0 0 0 0 0 0 1 0 0 0 0 0 0 0 0 0 1 0 0 0 0 0 0 0 27 -1 0 0 1 0 0 0 0 0 87 -1 51 0 0 0 0 -699 0 -30 0 0 1 0 0 0 -14 1 0 0 0 1 0 0 -41 0 -19 0 0 0 0 0 0 0 0 0 0 0 0 0 0 0 0 0 0 0 0 0 0 27 0 0 0 0 0 0 0 0 70 0 0 0 0 0 0 0 0 0 0 -64 0 1 0 0 0 0 0 0 0 2 0 0 0 0 0 -1 0 0 0 0 0 0 0 -43 0 0 0 0 0 0 0 0 0 0 0 -38 0 0 0
0 0 0 0 0 0 0 0 0 0 0 0 0 0 0 0 -76 0 0 0 0 0 0 0 0 0 0 0 0 0 0 0 0 0 275 0 0 0 0 0 0 0 0 0 0 0 0 0 0 0 0 0 0 0 0 0 0 0 0 -526 0 0 0 0 0 0 0 0 0 0 0 0 0 0 0 0 0 0 0 0 -12 0 0 1 0 0 0 0 0 0 0 0 0 0 0 0 0 0 0 0 0 0 0 0 0 0 0 0 0 0 0 0 0 0 0 0 0 0 0 0 0 0 0 0 0 0 0 0 0 0 0 0 0 0 0 0 0 0 0 0 0 0 6 0 0 0 0 0 0 0 0 0 0 0 0 0 0 0 0 178
0 0 -11 0 0 0 0 0 0 0 0 0 0 1 0 7 0 0 0 0 0 0 0 0 0 0 0 0 0 0 0 0 0 0 0 0 0 0 0 0 0 32 0 0 0 0 0 0 0 0 0 162 0 60 0 0 0 0 -30 0 28 0 0 0 0 0 0 -16 0 0 0 0 0 0 0 -71 0 44 0 0 0 0 0 0 0 0 0 0 0 0 0 0 0 0 0 0 0 0 0 0 51 0 0 0 0 0 0 0 0 0 0 0 0 0 0 0 0 0 0 0 -107 0 0 0 0 -14 0 0 0 0 0 0 0 0 0 0 0 0 0 0 0 0 0 0 -73 0 0 0 0 0 0 0 0 0 0 0 89 0 0 -1
0 0 0 0 0 0 0 0 1 0 0 0 0 0 0 0 0 0 0 0 0 0 0 0 0 0 0 0 0 0 0 0 0 0 0 0 0 0 0 0 0 0 -7 0 0 0 0 0 0 0 -442 0 45 0 0 0 0 -41 0 0 0 -420 0 -12 0 0 0 0 0 0 0 0 0 0 0 -6 0 0 0 0 0 0 0 0 23 0 0 0 0 0 0 0 0 0 0 0 0 0 0 -184 0 0 0 0 0 0 10 0 0 0 0 0 0 0 0 0 0 0 7 26 -9 0 -4 0 0 0 0 0 0 0 0 0 0 0 0 0 0 0 0 0 0 0 0 0 20 0 0 0 0 0 0 0 0 0 0 0 0 0 0 0
0 0 0 0 0 0 0 0 0 0 0 0 0 -3 0 1 0 0 153 -56 200 0 0 0 0 0 0 0 0 37 -3 0 0 0 0 -87 0 1 0 0 0 0 0 0 0 0 0 -5 0 0 0 0 0 0 0 0 0 67 0 0 0 0 170 0 0 0 0 0 0 0 -32 -8 0 0 0 -2 4 0 -85 0 0 0 0 0 0 254 0 0 0 0 0 0 -369 -7 6 65 0 0 0 -15 0 0 0 0 0 -2 0 -37 0 0 0 0 0 0 0 0 0 0 0 0 2 0 0 0 0 0 -28 0 0 0 0 0 0 0 0 0 0 0 0 18 0 0 0 0 0 0 0 0 0 0 0 0 0 0 0 0 0 -14 0 0
-20 0 0 0 0 0 1 0 -2 -5 0 0 10 1 1 4 0 0 0 -10 0 6 0 1 -1 0 0 0 0 0 0 0 0 0 1 0 0 35 0 0 0 4 -436 0 0 1 0 0 0 0 -24 0 -104 0 0 0 0 15 1 0 0 -12 0 -307 0 0 0 7 1 0 5 0 3 0 0 19 0 0 0 0 0 0 0 0 -104 -2 0 0 0 0 0 0 0 0 0 0 0 0 -97 64 0 0 0 0 0 0 -21 0 0 16 0 0 -25 0 0 0 0 0 -14 -260 18 0 10 0 0 0 0 0 0 0 -67 0 0 0 0 0 -93 0 0 10 3 0 0 0 -43 0 0 0 0 0 0 0 0 0 0 0 0 0 0 -1
0 0 0 0 0 0 0 0 0 0 0 0 0 0 0 0 0 0 0 0 0 0 0 0 0 0 0 0 0 0 0 0 0 0 0 0 0 0 0 0 0 0 0 0 0 0 0 0 0 0 0 0 0 0 0 0 0 0 0 0 0 0 0 0 -785 0 0 0 0 0 0 0 0 0 0 0 0 0 0 0 0 0 0 0 0 0 0 0 0 0 0 0 0 0 0 0 0 0 0 0 0 0 0 0 0 0 0 0 0 0 0 0 0 0 0 0 0 0 0 0 0 0 0 0 0 0 0 0 0 0 0 0 0 0 0 0 0 0 0 0 0 0 0 0 0 0 0 0 0 0 0 0 0 0 0 0 0 0 0 0
0 0 0 0 0 0 0 0 0 0 0 0 0 0 0 0 0 0 0 0 0 0 0 0 0 0 0 0 0 0 0 0 0 0 0 0 0 0 0 0 0 0 0 0 0 0 0 0 0 0 0 0 0 0 0 0 0 0 0 0 0 0 0 0 0 369 0 0 0 0 0 0 0 0 0 0 0 0 0 0 0 0 0 0 0 0 0 0 0 0 0 0 0 0 0 0 0 0 0 0 0 0 0 0 0 0 0 0 0 0 0 0 0 0 0 0 0 0 0 0 0 0 0 0 0 0 0 0 0 0 0 0 0 0 0 0 0 0 0 0 0 0 0 0 0 0 0 0 0 0 0 0 0 0 0 0 0 0 0 0
0 0 0 0 0 0 0 0 0 0 0 0 0 0 0 0 0 0 0 0 0 0 0 0 0 0 0 0 0 0 0 0 0 0 0 0 0 0 0 0 0 0 0 0 0 0 0 0 0 0 0 0 0 0 0 0 0 0 0 0 0 0 0 0 0 0 743 0 0 0 0 0 0 0 0 0 0 0 0 0 0 0 0 0 0 0 0 0 0 142 0 0 0 0 0 0 0 0 0 0 0 0 0 0 0 0 0 0 0 0 0 0 0 0 0 0 0 0 0 0 0 0 0 0 0 0 0 0 0 0 0 0 0 0 0 0 0 0 0 0 0 0 0 0 0 0 0 0 0 0 0 0 0 0 0 0 0 0 0 0
0 0 2 0 0 0 0 0 0 20 0 0 0 1 3 3 0 0 0 0 0 29 0 0 6 0 0 0 0 0 0 0 0 -2 0 0 0 0 0 0 0 89 -11 0 0 0 0 0 0 0 0 70 0 99 0 0 0 0 -14 0 -16 0 0 7 0 0 0 464 0 0 0 0 0 0 0 -37 0 21 0 0 0 0 0 0 0 0 0 0 0 0 0 0 0 0 0 0 0 0 0 0 22 0 0 0 0 0 0 0 0 0 0 0 0 0 0 0 0 0 0 0 -57 0 0 0 0 2 0 0 0 0 0 0 0 0 0 0 0 0 0 0 -9 0 0 0 -39 0 0 0 0 0 0 0 0 0 0 0 42 0 0 0
0 0 0 0 0 0 1 0 0 0 72 0 0 1 0 1 0 0 0 0 0 0 0 1 0 0 0 0 0 0 0 0 0 1 0 0 0 0 0 0 0 0 0 0 0 -15 0 0 0 0 0 0 0 0 0 0 0 0 1 0 0 0 0 1 0 0 0 0 -91 0 0 0 1 -144 0 -2 0 0 0 0 0 0 0 0 0 0 0 0 0 0 0 0 0 0 0 0 0 0 0 0 0 0 0 132 -9 0 0 0 0 1 94 0 0 0 0 0 0 0 -31 0 -3 0 1 0 0 0 0 0 0 0 1 0 -75 0 0 0 0 0 30 0 0 0 0 30 8 0 0 0 0 0 0 0 0 0 0 0 0 0 89 0
0 0 0 0 0 0 0 0 0 0 0 0 0 0 0 0 0 0 0 0 0 0 0 0 0 0 0 0 0 0 0 0 0 0 0 0 0 0 0 0 0 0 0 0 0 0 0 0 0 0 0 0 0 0 0 0 0 0 0 0 0 0 0 0 0 0 0 0 0 666 0 0 0 0 0 0 0 0 0 0 0 0 0 0 0 0 0 0 0 0 0 0 0 0 0 0 0 0 0 0 0 0 0 0 0 0 0 0 0 0 0 0 0 0 0 0 0 0 0 0 0 0 0 0 0 0 0 0 0 0 0 0 0 0 0 0 0 0 0 0 0 0 0 0 0 0 0 0 0 0 0 0 0 0 0 0 0 0 0 0
3 0 0 0 0 0 0 0 0 0 0 0 0 -4 0 1 0 0 -56 21 -41 0 0 0 0 0 0 0 0 -43 -4 0 0 0 0 0 0 1 0 0 0 0 3 0 0 0 0 -7 0 0 0 0 0 0 0 0 0 36 0 0 0 0 -32 5 0 0 0 0 0 0 -79 -12 0 0 0 -3 6 0 0 0 0 0 0 0 15 -93 0 0 0 0 0 0 37 3 8 -85 0 0 0 -8 0 0 0 0 0 -3 0 50 0 0 0 0 4 0 0 0 0 0 0 -9 3 0 0 0 0 0 11 0 0 0 0 0 0 0 0 0 0 0 0 -239 0 0 0 0 0 0 0 0 0 0 0 0 0 0 0 0 0 -20 0 0
0 0 0 0 0 0 0 0 -64 0 0 0 0 26 -64 -2 0 8 0 0 0 6 0 0 0 0 0 0 0 0 -14 0 -18 0 0 0 0 -3 0 0 0 0 0 0 0 0 0 100 0 0 0 0 0 0 0 0 0 10 0 0 0 0 -8 0 0 0 0 0 0 0 -12 -57 0 0 0 18 18 0 0 0 0 0 0 0 0 0 0 0 0 0 0 0 10 0 24 25 0 0 0 -2 0 0 0 0 0 -12 7 -14 0 0 0 0 0 0 0 0 0 0 0 0 -11 0 0 0 0 0 0 0 0 0 0 0 0 0 0 0 0 0 0 7 0 0 0 0 0 0 0 0 0 0 0 0 0 16 0 0 0 121 0 0
0 18 0 0 0 -5 -159 0 0 0 0 0 0 1 0 1 0 0 0 0 0 -2 0 -219 0 0 0 0 0 0 -2 -17 0 1 0 0 19 -3 17 0 0 0 -5 0 0 1 0 0 0 0 0 0 -3 0 0 -1 2 0 1 0 0 0 0 3 0 0 0 0 1 0 0 0 123 0 -2 0 3 0 0 0 0 -17 0 0 0 0 0 0 0 0 0 -6 0 0 0 0 0 -22 -2 0 0 0 0 1 0 6 0 0 0 1 0 0 0 0 0 0 0 0 0 0 1 0 1 0 0 0 0 0 10 4 7 3 0 -109 0 0 -3 0 0 0 0 0 0 0 0 0 3 0 0 0 0 0 0 0 -28 2 0 0 0 0
0 0 0 0 0 1 0 0 0 0 0 0 1 0 1 0 0 0 0 0 0 1 0 0 0 0 0 0 0 0 0 0 0 0 0 0 1 1 0 0 0 0 1 0 0 -37 0 0 0 0 1 0 1 0 0 0 0 0 0 0 0 0 0 0 0 0 0 0 -144 0 0 0 0 273 -36 0 0 0 0 0 0 0 0 0 0 0 0 0 0 0 0 0 0 0 0 0 0 0 1 0 0 0 0 0 0 0 0 0 0 -4 0 0 0 0 0 0 1 0 0 0 1 0 0 0 0 0 0 0 0 0 0 0 329 1 0 0 1 0 76 0 0 0 0 0 0 0 0 0 0 0 0 0 0 0 0 0 0 0 230 0
0 0 0 0 0 1 5 0 0 0 0 0 0 0 0 0 0 0 0 1 0 0 0 6 0 0 0 0 0 0 0 0 0 0 0 0 0 0 -3 0 0 0 0 0 0 0 0 0 0 0 0 0 0 0 0 0 0 0 0 0 0 0 0 0 0 0 0 0 0 0 0 0 -2 -36 -200 0 0 0 0 0 0 0 0 0 0 1 0 0 0 0 0 0 0 0 0 0 0 0 0 0 0 0 0 0 0 0 0 0 0 0 0 0 0 0 0 0 -2 0 0 0 0 0 0 0 0 0 0 0 0 0 0 0 69 18 0 0 0 0 0 0 0 0 0 0 0 0 0 0 0 0 0 0 0 0 -3 0 0 0 0 0
0 0 1 0 0 0 0 0 -12 0 0 0 0 -295 5 11 0 2 0 0 0 -5 0 0 0 0 0 0 0 0 -3 0 -4 1 3 0 1 152 0 0 0 72 -1 0 0 10 37 25 -21 0 -4 174 19 135 0 0 0 10 -41 0 -71 -6 -2 19 0 0 0 -37 -2 0 -3 18 0 0 0 -242 5 -26 0 0 0 0 0 0 -24 0 0 0 0 0 0 0 3 0 6 7 0 0 -5 31 55 0 0 0 0 -3 36 -3 0 13 0 0 0 0 0 0 0 0 65 -27 -18 0 -1 0 0 1 0 14 0 0 20 0 0 0 0 0 16 -37 0 2 0 0 0 0 73 0 0 0 9 0 0 0 0 4 0 0 -54 115 0 -2
0 0 0 0 0 0 1 0 0 0 0 0 0 7 0 0 0 0 0 0 0 0 0 1 0 0 0 0 0 0 22 -132 0 0 0 0 56 0 0 0 0 0 0 0 0 0 0 11 0 0 0 0 0 0 0 0 0 -4 0 0 0 0 4 0 0 0 0 0 0 0 6 18 3 0 0 5 119 0 0 0 0 0 0 0 0 0 0 0 0 0 0 -46 -4 0 260 -10 0 0 0 1 0 0 0 0 0 120 0 7 0 0 0 0 0 0 0 0 0 0 0 0 -2 0 0 0 0 0 0 0 -78 0 0 -19 0 0 0 0 0 0 0 -2 0 0 0 0 0 0 0 0 0 0 0 8 0 0 0 0 0 29 0 0
0 0 0 0 0 0 0 0 0 0 0 0 0 1 0 4 0 0 0 0 0 0 0 0 0 0 0 0 0 0 0 0 0 0 0 0 0 0 0 0 0 -38 0 0 0 0 0 0 0 0 0 128 0 -73 0 0 0 0 -19 0 44 0 0 0 0 0 0 21 0 0 0 0 0 0 0 -26 0 15 0 0 0 0 0 0 0 0 0 0 0 0 0 0 0 0 0 0 0 0 0 0 41 0 0 0 0 0 0 0 0 0 0 0 0 0 0 0 0 0 0 0 -40 0 0 0 0 0 0 0 0 0 0 0 0 0 0 0 0 0 0 0 0 0 0 0 -27 0 0 0 0 0 0 0 0 0 0 0 -180 0 0 0
0 0 0 0 0 0 0 0 0 0 0 0 0 0 0 0 0 0 0 0 0 0 0 0 0 0 0 0 0 0 0 0 0 0 0 494 0 0 0 0 0 0 0 0 0 0 0 0 0 0 0 0 0 0 0 0 0 94 0 0 0 0 -85 0 0 0 0 0 0 0 0 0 0 0 0 0 0 0 190 0 0 0 0 0 0 0 0 0 0 0 0 0 -174 0 0 0 0 0 0 -21 0 0 0 0 0 0 0 0 0 0 0 0 0 0 0 0 0 0 0 0 0 0 0 0 0 0 0 0 0 0 0 0 0 0 0 0 0 0 0 0 0 0 0 0 0 0 0 0 0 0 0 0 0 0 0 0 0 0 0 0
0 0 0 0 0 0 0 0 0 0 0 0 0 0 0 0 0 0 0 0 0 0 0 0 0 0 0 0 0 0 0 0 0 0 0 0 0 0 0 0 0 0 0 0 0 0 0 0 0 0 0 0 0 0 0 0 0 0 0 0 0 0 0 0 0 0 0 0 0 0 0 0 0 0 0 0 0 0 0 -257 0 0 0 0 0 0 0 0 0 0 0 0 0 0 0 0 0 0 0 0 0 0 0 0 0 0 0 0 0 0 0 0 0 0 0 0 0 0 0 0 0 0 0 0 0 0 0 0 0 0 0 0 0 0 0 0 0 0 0 0 0 0 0 0 0 0 0 0 0 0 0 0 0 0 0 0 0 0 0 0
0 0 0 0 0 0 0 0 0 0 0 0 0 0 0 0 175 0 0 0 0 0 0 0 0 0 0 0 0 0 0 0 0 0 0 0 0 0 0 0 0 0 0 0 0 0 0 0 0 0 0 0 0 0 0 0 0 0 0 -12 0 0 0 0 0 0 0 0 0 0 0 0 0 0 0 0 0 0 0 0 -699 0 0 -1 0 0 0 0 0 0 0 0 0 0 0 0 0 0 0 0 0 0 0 0 0 0 0 0 0 0 0 0 0 0 0 0 0 0 0 0 0 0 0 0 0 0 0 0 0 0 0 0 0 0 0 0 0 0 0 0 0 0 -10 0 0 0 0 0 0 0 0 0 0 0 0 0 0 0 0 0
0 -599 0 0 0 0 25 0 0 0 0 0 0 0 0 0 0 0 0 -1 0 0 0 35 0 0 0 0 0 0 0 0 0 0 0 0 0 0 121 0 0 0 0 0 0 0 0 0 0 0 0 0 0 0 0 6 0 0 0 0 0 0 0 0 0 0 0 0 0 0 0 0 -17 0 0 0 0 0 0 0 0 -224 0 0 0 0 0 0 0 0 0 0 0 0 0 0 0 228 0 0 0 0 0 0 0 0 0 0 0 0 0 0 0 0 0 0 0 0 0 0 0 0 0 0 0 0 0 0 0 23 0 0 0 0 0 0 0 0 0 0 0 0 0 0 0 0 0 0 0 0 0 0 254 0 -21 0 0 0 0 0
0 0 0 0 0 0 0 0 0 0 0 0 0 0 0 0 0 0 0 0 0 0 0 0 0 0 0 0 0 0 0 0 0 0 0 0 0 0 0 0 0 0 0 0 0 0 0 0 0 0 0 0 0 0 0 0 0 0 0 0 0 0 0 0 0 0 0 0 0 0 0 0 0 0 0 0 0 0 0 0 0 0 -193 0 0 0 0 0 0 0 0 0 0 0 0 0 0 0 0 0 0 0 0 0 0 0 0 0 0 0 0 0 0 0 0 0 0 0 0 0 0 0 0 0 0 0 0 0 0 0 0 0 0 0 0 0 0 0 0 0 0 0 0 0 0 0 0 0 0 0 0 0 0 0 0 0 0 0 0 0
0 0 0 0 0 0 0 0 0 0 0 0 0 0 0 0 -10 0 0 0 0 0 0 0 0 0 0 0 0 0 0 0 0 0 0 0 0 0 0 0 0 0 0 0 0 0 0 0 0 0 0 0 0 0 0 0 0 0 0 1 0 0 0 0 0 0 0 0 0 0 0 0 0 0 0 0 0 0 0 0 -1 0 0 615 0 0 0 0 0 0 0 0 0 0 0 0 0 0 0 0 0 0 0 0 0 0 0 0 0 0 0 0 0 0 0 0 0 0 0 0 0 0 0 0 0 0 0 0 0 0 0 0 0 0 0 0 0 0 0 0 0 0 131 0 0 0 0 0 0 0 0 0 0 0 0 0 0 0 0 0
-61 0 0 0 0 0 0 0 4 0 0 0 0 0 0 0 0 0 0 -31 0 0 0 0 0 0 0 0 0 0 0 0 0 0 0 0 0 0 0 0 0 0 -58 0 0 0 0 0 0 0 24 0 -2 0 0 0 0 -25 0 0 0 23 0 -104 0 0 0 0 0 0 15 0 0 0 0 -24 0 0 0 0 0 0 0 0 -153 -7 0 0 0 0 0 0 0 0 0 0 0 0 0 -114 0 0 0 0 0 0 39 0 0 0 0 0 -77 0 0 0 0 0 27 213 -36 0 1 0 0 0 0 0 0 -1 0 0 0 0 0 0 0 0 0 29 0 0 0 0 78 0 0 0 0 0 0 0 0 0 0 0 0 0 0 0
24 1 0 0 0 1 1 0 0 0 0 0 0 0 0 0 0 0 -423 -109 -310 0 0 1 0 0 0 0 0 -330 0 0 0 0 0 0 0 0 -1 0 0 0 -1 0 0 0 0 0 0 0 0 0 0 0 0 0 0 -277 0 0 0 0 254 -2 0 0 0 0 0 0 -93 0 0 0 1 0 0 0 0 0 0 0 0 0 -7 64 0 0 0 0 0 0 -280 21 0 187 0 0 0 63 0 0 0 0 0 0 0 -108 0 0 0 0 31 -144 0 0 0 0 0 5 0 0 0 0 0 0 80 0 0 -6 0 0 0 1 0 0 0 0 0 50 0 0 0 0 0 0 0 0 0 0 0 0 0 0 0 0 0 0 0 0
0 0 0 0 0 0 0 0 0 0 0 0 0 0 0 0 0 0 0 0 0 0 0 0 0 0 0 0 0 0 0 0 0 0 0 0 0 0 0 0 0 0 0 0 0 0 0 0 0 0 0 0 0 0 0 0 0 0 0 0 0 0 0 0 0 0 0 0 0 0 0 0 0 0 0 0 0 0 0 0 0 0 0 0 0 0 -554 0 0 0 0 0 0 0 0 0 0 0 0 0 0 0 0 0 0 0 0 0 0 0 0 0 0 0 0 0 0 0 0 0 0 0 0 0 0 0 0 0 0 0 0 0 0 0 0 0 0 0 0 0 0 0 0 0 0 0 0 0 0 0 0 0 0 0 0 0 0 0 0 0
0 0 0 0 0 0 0 0 0 0 0 0 0 0 0 0 0 0 0 0 0 0 0 0 0 0 0 0 0 0 0 0 0 0 0 0 0 0 0 0 0 0 0 0 0 0 0 0 0 0 0 0 0 0 0 0 0 0 0 0 0 0 0 0 0 0 0 0 0 0 0 0 0 0 0 0 0 0 0 0 0 0 0 0 0 0 0 431 0 0 0 0 0 0 0 0 0 0 0 0 0 0 0 0 0 0 0 0 0 0 0 0 0 0 0 0 0 0 0 0 0 0 0 0 0 0 0 0 0 0 0 0 0 0 0 0 0 0 0 0 0 0 0 0 0 0 0 0 0 0 0 0 0 0 0 0 0 0 0 0
0 0 0 0 0 0 0 0 0 0 0 0 0 0 0 0 0 0 0 0 0 0 0 0 0 0 0 0 0 0 0 0 0 0 0 0 0 0 0 0 0 0 0 0 0 0 0 0 0 0 0 0 0 0 0 0 0 0 0 0 0 0 0 0 0 0 0 0 0 0 0 0 0 0 0 0 0 0 0 0 0 0 0 0 0 0 0 0 -537 0 0 0 0 0 0 0 0 0 0 0 0 0 0 0 0 0 0 0 0 0 0 0 0 0 0 0 0 0 0 0 0 0 0 0 0 0 0 0 0 0 0 0 0 0 0 0 0 0 0 0 0 0 0 0 0 0 0 0 0 0 0 0 0 0 0 0 0 0 0 0
0 0 0 0 0 0 0 0 0 0 0 0 0 0 0 0 0 0 0 0 0 0 0 0 0 0 0 0 0 0 0 0 0 0 0 0 0 0 0 0 0 0 0 0 0 0 0 0 0 0 0 0 0 0 0 0 0 0 0 0 0 0 0 0 0 0 142 0 0 0 0 0 0 0 0 0 0 0 0 0 0 0 0 0 0 0 0 0 0 766 0 0 0 0 0 0 0 0 0 0 0 0 0 0 0 0 0 0 0 0 0 0 0 0 0 0 0 0 0 0 0 0 0 0 0 0 0 0 0 0 0 0 0 0 0 0 0 0 0 0 0 0 0 0 0 0 0 0 0 0 0 0 0 0 0 0 0 0 0 0
0 0 0 0 0 0 0 0 0 0 0 0 0 0 0 0 0 0 0 0 0 0 0 0 0 0 0 0 0 0 0 0 0 0 0 0 0 0 0 0 0 0 0 0 0 0 0 0 0 0 0 0 0 0 0 0 0 0 0 0 0 0 0 0 0 0 0 0 0 0 0 0 0 0 0 0 0 0 0 0 0 0 0 0 0 0 0 0 0 0 -124 0 0 0 0 0 0 0 0 0 0 0 0 0 0 0 0 0 0 0 0 0 0 0 0 0 0 0 0 0 0 0 0 0 0 0 0 0 0 0 0 0 0 0 0 0 0 0 0 0 0 0 0 0 0 0 0 0 0 0 0 0 0 0 0 0 0 0 0 0
0 0 0 0 0 0 -1 0 0 0 0 0 0 0 0 0 0 0 0 0 0 0 0 -2 0 0 0 0 0 0 40 -343 0 0 0 0 -132 0 0 0 0 0 0 0 0 0 0 0 0 0 0 0 0 0 0 0 0 0 0 0 0 0 0 0 0 0 0 0 0 0 0 0 -6 0 0 0 -46 0 0 0 0 0 0 0 0 0 0 0 0 0 0 105 0 0 0 0 0 0 0 0 0 0 0 0 0 -109 0 0 0 0 0 0 0 0 0 0 0 0 0 0 0 0 0 0 0 0 0 0 0 0 0 0 0 0 0 0 0 0 0 0 0 0 0 0 0 0 0 0 0 0 0 0 0 0 0 0 0 0 0 0
0 0 0 0 0 0 0 0 0 0 0 0 0 4 0 0 0 0 -168 63 -123 0 0 0 0 0 0 0 0 -131 4 0 0 0 0 -177 0 0 0 0 0 0 0 0 0 0 0 6 0 0 0 0 0 0 0 0 0 404 0 0 0 0 -369 0 0 0 0 0 0 0 37 10 0 0 0 3 -4 0 -174 0 0 0 0 0 0 -280 0 0 0 0 0 0 -251 9 -5 -71 0 0 0 -90 0 0 0 0 0 4 0 42 0 0 0 0 0 0 0 0 0 0 0 0 -1 0 0 0 0 0 32 0 0 0 0 0 0 0 0 0 0 0 0 -19 0 0 0 0 0 0 0 0 0 0 0 0 0 0 0 0 0 17 0 0
0 0 0 0 0 0 0 0 0 0 0 0 0 0 0 0 0 0 -16 -4 -4 0 0 0 0 0 0 0 0 -4 0 0 0 0 0 0 0 0 0 0 0 0 0 0 0 0 0 0 0 0 0 0 0 0 0 0 0 9 0 0 0 0 -7 0 0 0 0 0 0 0 3 0 0 0 0 0 0 0 0 0 0 0 0 0 0 21 0 0 0 0 0 0 9 -216 0 -5 0 0 0 -1 0 0 0 0 0 0 0 4 0 0 0 0 0 -5 0 0 0 0 0 0 0 0 0 0 0 0 5 0 0 0 0 0 0 0 0 0 0 0 0 -1 0 0 0 0 0 0 0 0 0 0 0 0 0 0 0 0 0 0 0 0
0 0 0 0 0 0 0 0 0 0 0 0 0 9 0 0 0 0 0 0 0 0 0 0 0 0 0 0 0 0 -218 0 0 0 0 0 0 -1 0 0 0 0 0 0 0 0 0 15 0 0 0 0 0 0 0 0 0 -5 0 0 0 0 6 0 0 0 0 0 0 0 8 24 0 0 0 6 260 0 0 0 0 0 0 0 0 0 0 0 0 0 0 0 -5 0 -57 -14 0 0 0 2 0 0 0 0 0 -189 0 9 0 0 0 0 0 0 0 0 0 0 0 0 -3 0 0 0 0 0 0 0 0 0 0 0 0 0 0 0 0 0 0 -3 0 0 0 0 0 0 0 0 0 0 0 0 0 0 0 0 0 40 0 0
0 0 0 0 0 0 0 0 0 0 0 0 0 9 0 0 0 0 113 -41 83 0 0 0 0 0 0 0 0 88 10 0 0 0 0 0 0 -1 0 0 0 0 0 0 0 0 0 16 0 0 0 0 0 0 0 0 0 -70 0 0 0 0 65 0 0 0 0 0 0 0 -85 25 0 0 0 7 -10 0 0 0 0 0 0 0 0 187 0 0 0 0 0 0 -71 -5 -14 309 0 0 0 16 0 0 0 0 0 8 0 156 0 0 0 0 0 0 0 0 0 0 0 0 -4 0 0 0 0 0 -20 0 0 0 0 0 0 0 0 0 0 0 0 45 0 0 0 0 0 0 0 0 0 0 0 0 0 0 0 0 0 42 0 0
0 0 0 0 0 0 0 0 0 0 0 0 0 0 0 0 0 0 0 0 0 0 0 0 0 0 0 0 0 0 0 0 0 0 0 0 0 0 0 0 0 0 0 0 0 0 0 0 0 0 0 0 0 0 0 0 0 0 0 0 0 0 0 0 0 0 0 0 0 0 0 0 0 0 0 0 0 0 0 0 0 0 0 0 0 0 0 0 0 0 0 0 0 0 0 0 -655 0 0 0 0 0 0 0 0 0 0 0 0 0 0 0 0 0 0 0 0 0 0 0 0 0 0 0 0 0 0 0 0 0 0 0 0 0 0 0 0 0 0 0 0 0 0 0 0 0 0 0 0 0 0 0 0 0 0 0 0 0 0 0
0 -221 0 0 0 0 33 0 0 0 0 0 0 0 0 0 0 0 0 -1 0 0 0 45 0 0 0 0 0 0 0 0 0 0 0 0 0 0 155 0 0 0 0 0 0 0 0 0 0 0 0 0 0 0 0 8 0 0 0 0 0 0 0 0 0 0 0 0 0 0 0 0 -22 0 0 0 0 0 0 0 0 228 0 0 0 0 0 0 0 0 0 0 0 0 0 0 0 307 0 0 0 0 0 0 0 0 0 0 0 0 0 0 0 0 0 0 0 0 0 0 0 0 0 0 0 0 0 0 0 30 0 0 0 0 0 0 0 0 0 0 0 0 0 0 0 0 0 0 0 0 0 0 -384 0 -27 0 0 0 0 0
0 0 0 0 0 0 0 0 0 0 0 0 9 0 8 -3 0 0 0 0 0 90 0 0 0 0 0 0 0 0 0 0 0 -6 0 0 1 -33 0 0 0 0 175 0 0 0 0 0 0 0 11 0 104 0 0 0 0 0 0 0 0 0 0 -97 0 0 0 0 0 0 0 0 -2 1 0 -5 0 0 0 0 0 0 0 0 0 0 0 0 0 0 0 0 0 0 0 0 0 0 58 0 0 0 0 0 0 0 0 0 0 -15 0 0 0 0 0 0 0 0 0 0 4 0 -9 0 0 0 0 0 0 0 66 0 1 0 0 0 91 0 1 0 0 0 0 0 0 0 0 0 0 0 0 0 0 0 0 0 0 0 1 0
0 0 0 0 0 0 0 0 -4 0 0 0 0 0 0 1 0 0 38 -13 11 0 0 0 0 0 0 0 0 46 0 0 0 0 0 -21 0 1 0 0 0 0 36 0 0 0 0 -1 0 0 -192 0 20 0 0 0 0 -30 0 0 0 -184 -15 64 0 0 0 0 0 0 -8 -2 0 0 0 31 1 0 -21 0 0 0 0 0 -114 63 0 0 0 0 0 0 -90 -1 2 16 0 0 0 19 0 0 0 0 0 0 -49 -9 0 0 0 0 0 0 0 0 0 0 -33 -129 48 0 -1 0 0 0 -6 0 0 0 0 0 0 0 0 0 0 0 0 5 0 0 0 0 -98 0 0 0 0 0 0 0 0 0 0 0 0 -3 0 0
0 0 1 0 0 0 0 0 0 0 0 0 0 0 0 -5 0 0 0 0 0 0 0 0 0 0 0 0 0 0 0 0 0 0 0 0 0 1 0 0 0 -41 0 0 0 0 0 0 0 0 0 -196 0 -77 0 0 0 0 27 0 51 0 0 0 0 0 0 22 0 0 0 0 0 0 0 55 0 41 0 0 0 0 0 0 0 0 0 0 0 0 0 0 0 0 0 0 0 0 0 0 484 0 0 0 0 0 0 0 0 0 0 0 0 0 0 0 0 0 0 0 83 0 0 0 0 1 0 0 0 0 0 0 0 0 0 0 0 0 0 0 0 0 0 0 57 -235 0 0 0 0 0 0 0 0 0 0 81 0 0 1
0 0 0 0 0 0 0 0 0 0 0 0 0 0 0 0 0 0 0 -4 0 0 0 0 0 0 0 0 0 0 0 0 0 0 0 0 0 0 -14 0 0 0 0 0 0 0 0 0 0 0 0 0 0 0 0 0 0 0 0 0 0 0 0 0 0 0 0 0 0 0 0 0 0 0 0 0 0 0 0 0 0 0 0 0 0 0 0 0 0 0 0 0 0 0 0 0 0 0 0 0 0 326 0 0 0 0 0 0 0 0 0 0 0 0 0 0 0 0 0 0 0 0 0 0 0 0 0 0 0 76 0 0 0 0 0 0 0 0 0 0 0 0 0 0 0 0 0 0 0 0 0 0 0 0 0 0 0 0 0 0
0 0 0 0 0 0 0 0 0 0 0 0 0 0 0 0 0 0 0 0 0 0 0 0 0 0 0 0 0 0 0 0 0 0 0 0 0 0 0 0 0 0 0 0 0 0 0 0 0 0 0 0 0 0 0 0 0 0 0 0 0 0 0 0 0 0 0 0 0 0 0 0 0 0 0 0 0 0 0 0 0 0 0 0 0 0 0 0 0 0 0 0 0 0 0 0 0 0 0 0 0 0 878 0 0 0 0 0 0 0 0 0 0 0 0 0 0 0 0 0 0 0 0 0 0 0 0 0 0 0 0 0 0 0 0 0 0 0 0 0 0 0 0 0 0 0 0 0 0 0 0 0 0 0 0 0 0 0 0 0
0 0 -20 0 0 0 0 0 0 0 657 0 0 0 0 0 0 0 0 0 0 0 0 0 0 0 0 0 0 0 0 0 0 0 0 0 0 0 0 0 0 0 0 0 0 35 0 0 0 0 0 0 0 0 0 0 18 0 0 0 0 0 0 0 0 0 0 0 132 0 0 0 1 0 0 0 0 0 0 0 0 0 0 0 0 0 0 0 0 0 0 0 0 0 0 0 0 0 0 0 0 0 0 371 -31 0 0 0 0 0 -76 0 0 0 0 0 0 0 0 0 0 0 0 0 0 16 0 0 0 0 0 0 0 0 0 0 0 0 27 0 0 0 0 95 0 0 3 0 0 0 0 0 0 0 0 9 0 0 80 0
0 0 0 0 0 0 0 0 0 0 -17 0 0 0 0 0 0 0 0 0 0 0 0 0 0 0 0 0 0 0 0 0 0 0 0 0 0 0 0 0 0 0 0 0 0 -2 0 0 0 0 0 0 0 0 0 0 0 0 0 0 0 0 0 0 0 0 0 0 -9 0 0 0 0 0 0 0 0 0 0 0 0 0 0 0 0 0 0 0 0 0 0 0 0 0 0 0 0 0 0 0 0 0 0 -31 826 0 0 0 0 0 -22 0 0 0 0 0 0 0 0 0 0 0 0 0 0 0 0 0 0 0 0 0 0 0 0 0 0 0 -1 0 0 0 0 -4 0 0 0 0 0 0 0 0 0 0 0 0 0 0 -5 0
0 0 0 0 0 0 2 0 0 0 0 0 0 -4 0 1 0 0 0 0 0 0 0 3 0 0 0 0 0 0 -100 -311 0 0 0 0 130 1 0 0 0 0 0 0 0 0 0 -7 0 0 0 0 0 0 0 0 0 3 0 0 0 0 -2 0 0 0 0 0 0 0 -3 -12 6 0 0 -3 120 0 0 0 0 0 0 0 0 0 0 0 0 0 0 -109 4 0 -189 8 0 0 0 0 0 0 0 0 0 294 0 -4 0 0 0 0 0 0 0 0 0 0 0 0 3 0 0 0 0 0 0 0 -185 0 0 -45 0 0 0 0 0 0 0 3 0 0 0 0 0 0 0 0 0 0 0 18 0 0 0 0 0 -20 0 0
0 0 0 0 0 0 0 0 9 0 0 0 0 3 0 0 0 -4 0 0 0 0 0 0 0 0 0 0 0 0 0 0 13 0 0 0 0 0 0 0 0 0 -12 0 0 0 0 -41 0 0 11 0 -1 0 0 0 0 -11 0 0 0 10 0 -21 0 0 0 0 0 0 0 7 0 0 0 36 0 0 0 0 0 0 0 0 39 0 0 0 0 0 0 0 0 0 0 0 0 0 0 -49 0 0 0 0 0 0 -315 0 0 0 0 0 0 0 0 0 0 0 -36 44 51 0 1 0 0 0 0 0 0 0 0 0 0 0 0 0 0 0 0 0 0 0 0 0 -108 0 0 0 0 0 0 0 0 10 0 0 0 11 0 0
0 0 0 0 0 0 0 0 0 0 0 0 0 -5 0 1 0 0 -64 25 -47 0 0 0 0 0 0 0 0 -50 -5 0 0 0 0 0 0 1 0 0 0 0 0 0 0 0 0 -8 0 0 0 0 0 0 0 0 0 42 0 0 0 0 -37 0 0 0 0 0 0 0 50 -14 0 0 0 -3 7 0 0 0 0 0 0 0 0 -108 0 0 0 0 0 0 42 4 9 156 0 0 0 -9 0 0 0 0 0 -4 0 488 0 0 0 0 0 0 0 0 0 0 0 0 3 0 0 0 0 0 13 0 0 0 0 0 0 0 0 0 0 0 0 -26 0 0 0 0 0 0 0 0 0 0 0 0 0 0 0 0 0 -23 0 0
0 0 0 0 0 0 0 0 0 0 0 0 0 0 0 0 0 0 0 0 0 0 0 0 0 0 0 0 0 0 0 0 0 0 0 0 0 0 0 0 0 0 0 0 0 0 0 0 0 0 0 0 0 0 0 0 0 0 0 0 0 0 0 0 0 0 0 0 0 0 0 0 0 0 0 0 0 0 0 0 0 0 0 0 0 0 0 0 0 0 0 0 0 0 0 0 0 0 0 0 0 0 0 0 0 0 0 0 -814 0 0 0 0 0 0 -114 0 -33 0 0 0 0 0 0 0 0 0 0 0 0 0 0 0 0 0 0 0 0 0 0 0 0 0 0 0 0 0 0 0 0 0 0 0 0 0 0 0 0 0 0
0 0 0 0 0 0 1 0 0 0 0 0 -1 22 -1 336 0 0 0 0 0 -14 0 1 0 0 0 0 0 0 0 0 0 2 0 0 0 -21 0 0 0 0 -27 0 0 1 0 0 0 0 -3 0 -36 0 0 0 0 0 70 0 0 0 0 16 0 0 0 0 1 0 0 0 1 -4 0 13 0 0 0 0 0 0 0 0 0 0 0 0 0 0 0 0 0 0 0 0 0 0 -15 0 0 0 0 0 0 0 0 0 0 816 0 0 0 0 0 0 0 0 0 0 -8 0 4 0 0 0 0 0 0 0 36 0 -2 0 0 0 -32 0 0 0 0 0 0 0 0 0 0 0 0 0 0 0 0 0 0 0 0 0 -1 0
0 0 38 0 0 0 0 0 0 0 -41 0 0 0 0 0 0 0 0 0 0 0 0 0 0 0 0 0 0 0 0 0 0 0 0 0 0 0 0 0 0 0 0 0 0 25 0 0 0 0 0 0 0 0 0 0 0 0 0 0 0 0 0 0 0 0 0 0 94 0 0 0 0 0 0 0 0 0 0 0 0 0 0 0 0 0 0 0 0 0 0 0 0 0 0 0 0 0 0 0 0 0 0 -76 -22 0 0 0 0 0 816 0 0 0 0 0 0 0 0 0 0 0 0 0 0 -28 0 0 0 0 0 0 0 0 0 0 0 0 19 0 0 0 0 68 0 0 0 0 0 0 0 0 0 0 0 0 0 0 57 0
0 0 0 0 0 0 0 0 0 0 0 0 0 0 0 0 0 0 0 0 0 0 0 0 0 0 0 0 0 0 0 0 0 0 0 0 0 0 0 0 0 0 0 0 0 0 0 0 0 0 0 0 0 0 0 0 0 0 0 0 0 0 0 0 0 0 0 0 0 0 0 0 0 0 0 0 0 0 0 0 0 0 0 0 0 0 0 0 0 0 0 0 0 0 0 0 0 0 0 0 0 0 0 0 0 0 0 0 0 0 0 -374 0 0 0 0 0 0 0 0 0 0 0 0 0 0 0 0 0 0 0 0 0 0 0 0 0 0 0 0 0 0 0 0 0 0 0 0 0 0 0 0 0 0 0 0 0 0 0 0
570 0 0 0 0 0 0 0 0 0 0 0 0 0 0 0 0 0 0 136 0 0 0 0 0 0 0 0 0 0 0 0 0 0 0 0 0 0 0 0 0 0 -14 0 0 0 0 0 0 0 0 0 0 0 0 0 0 0 0 0 0 0 0 -25 0 0 0 0 0 0 4 0 0 0 0 0 0 0 0 0 0 0 0 0 -77 31 0 0 0 0 0 0 0 0 0 0 0 0 0 0 0 0 0 0 0 0 0 0 0 0 0 0 -279 0 0 0 0 0 0 52 0 0 0 0 0 0 0 0 0 9 0 0 0 0 0 0 0 0 0 7 0 0 0 0 0 0 0 0 0 0 0 0 0 0 0 0 0 0 0 0
0 0 0 0 0 0 0 0 0 0 0 0 0 0 0 0 0 0 116 33 85 0 0 0 0 0 0 0 0 91 0 0 0 0 0 0 0 0 0 0 0 0 0 0 0 0 0 0 0 0 0 0 0 0 0 0 0 0 0 0 0 0 0 0 0 0 0 0 0 0 0 0 0 0 0 0 0 0 0 0 0 0 0 0 0 -144 0 0 0 0 0 0 0 -5 0 0 0 0 0 0 0 0 0 0 0 0 0 0 0 0 0 0 0 -594 0 0 0 0 0 0 0 0 0 0 0 0 -21 0 0 0 0 0 0 0 0 0 0 0 0 0 0 0 0 0 0 0 0 0 0 0 0 0 0 0 0 0 0 0 0 0
0 0 0 0 0 0 0 0 0 0 0 0 0 0 0 0 0 0 0 0 0 0 0 0 0 0 0 0 0 0 0 0 0 0 0 0 0 0 0 0 0 0 0 0 0 0 0 0 0 0 0 0 0 0 0 0 0 0 0 0 0 0 0 0 0 0 0 0 0 0 0 0 0 0 0 0 0 0 0 0 0 0 0 0 0 0 0 0 0 0 0 0 0 0 0 0 0 0 0 0 0 0 0 0 0 0 0 0 0 0 0 0 0 0 -402 0 0 0 0 0 0 0 0 0 0 0 0 0 0 0 0 0 0 0 0 0 0 0 0 0 0 0 0 0 0 0 0 0 0 0 0 0 0 0 0 0 0 0 0 0
0 0 0 0 0 0 0 0 0 0 0 0 0 0 0 0 0 0 0 0 0 0 0 0 0 0 0 0 0 0 0 0 0 0 0 0 0 0 0 0 0 0 0 0 0 0 0 0 0 0 0 0 0 0 0 0 0 0 0 0 0 0 0 0 0 0 0 0 0 0 0 0 0 0 0 0 0 0 0 0 0 0 0 0 0 0 0 0 0 0 0 0 0 0 0 0 0 0 0 0 0 0 0 0 0 0 0 0 -114 0 0 0 0 0 0 -767 0 41 0 0 0 0 0 0 0 0 0 0 0 0 0 0 0 0 0 0 0 0 0 0 0 0 0 0 0 0 0 0 0 0 0 0 0 0 0 0 0 0 0 0
0 0 0 0 0 1 0 0 0 0 0 0 0 0 0 0 0 0 0 0 0 0 0 0 0 0 0 0 0 0 0 0 0 0 0 0 0 0 0 0 0 0 0 0 0 0 0 0 0 0 0 0 0 0 0 0 0 0 0 0 0 0 0 0 0 0 0 0 0 0 0 0 0 1 -2 0 0 0 0 0 0 0 0 0 0 0 0 0 0 0 0 0 0 0 0 0 0 0 0 0 0 0 0 0 0 0 0 0 0 0 0 0 0 0 0 0 -408 0 0 0 0 0 0 0 0 0 0 0 0 0 0 0 0 1 0 0 0 0 0 0 0 0 0 0 0 0 0 0 0 0 0 0 0 0 0 0 0 0 0 0
0 0 0 0 0 0 0 0 0 0 0 0 0 0 0 0 0 0 0 0 0 0 0 0 0 0 0 0 0 0 0 0 0 0 0 0 0 0 0 0 0 0 0 0 0 0 0 0 0 0 0 0 0 0 0 0 0 0 0 0 0 0 0 0 0 0 0 0 0 0 0 0 0 0 0 0 0 0 0 0 0 0 0 0 0 0 0 0 0 0 0 0 0 0 0 0 0 0 0 0 0 0 0 0 0 0 0 0 -33 0 0 0 0 0 0 41 0 57 0 0 0 0 0 0 0 0 0 0 0 0 0 0 0 0 0 0 0 0 0 0 0 0 0 0 0 0 0 0 0 0 0 0 0 0 0 0 0 0 0 0
0 0 0 0 0 0 0 0 -3 0 0 0 0 0 0 0 0 0 0 0 0 0 0 0 0 0 0 0 0 0 0 0 0 0 0 0 0 0 0 0 0 0 -8 0 0 120 0 0 0 0 7 0 0 0 0 0 0 -7 0 0 0 7 0 -14 0 0 0 0 -31 0 0 0 0 0 0 65 0 0 0 0 0 0 0 0 27 0 0 0 0 0 0 0 0 0 0 0 0 0 0 -33 0 0 0 0 0 0 -36 0 0 0 0 0 0 0 0 0 0 0 237 30 98 0 1 0 0 0 0 0 0 0 0 0 0 0 0 0 0 0 0 0 0 0 0 0 -205 0 0 0 0 0 0 0 0 0 0 0 0 0 0 0
42 0 0 0 0 0 0 0 5 0 0 0 0 0 0 0 0 0 0 22 0 0 0 0 0 0 0 0 0 0 0 0 0 0 0 0 0 0 0 0 0 0 -145 0 0 0 0 0 0 0 27 0 -2 0 0 0 0 -29 0 0 0 26 0 -260 0 0 0 0 0 0 -9 0 0 0 0 -27 0 0 0 0 0 0 0 0 213 5 0 0 0 0 0 0 0 0 0 0 0 0 0 -129 0 0 0 0 0 0 44 0 0 0 0 0 52 0 0 0 0 0 30 -191 -41 0 1 0 0 0 0 0 0 2 0 0 0 0 0 0 0 0 0 -18 0 0 0 0 88 0 0 0 0 0 0 0 0 0 0 0 0 0 0 0
0 0 2 0 0 0 1 0 16 0 0 0 1 198 -3 13 0 -1 0 0 0 4 0 1 0 0 0 0 0 0 3 0 4 0 4 0 0 -100 0 0 0 108 18 0 0 15 -24 -16 15 0 -10 263 -10 204 0 0 0 9 -64 0 -107 -9 2 18 0 0 0 -57 -3 0 3 -11 1 1 0 -18 -2 -40 0 0 0 0 0 0 -36 0 0 0 0 0 0 0 -1 0 -3 -4 0 0 4 48 83 0 0 0 0 3 51 3 0 -8 0 0 0 0 0 0 0 0 98 -41 -260 0 2 0 0 2 0 -8 0 0 -12 0 1 0 0 0 -10 25 1 -1 0 0 0 0 109 0 0 0 -5 0 0 0 0 -2 0 0 -81 -76 1 -3
0 0 0 0 0 0 0 0 0 0 0 0 0 0 0 0 0 0 0 0 0 0 0 0 0 0 0 0 0 0 0 0 0 0 0 0 0 0 0 0 0 0 0 0 0 0 0 0 0 0 0 0 0 0 0 0 0 0 0 0 0 0 0 0 0 0 0 0 0 0 0 0 0 0 0 0 0 0 0 0 0 0 0 0 0 0 0 0 0 0 0 0 0 0 0 0 0 0 0 0 0 0 0 0 0 0 0 0 0 0 0 0 0 0 0 0 0 0 0 0 0 -439 0 0 0 0 0 0 0 0 0 0 0 0 0 0 0 0 0 0 0 0 0 0 0 0 0 0 0 0 0 0 0 0 0 0 0 0 0 0
0 0 0 0 0 0 1 0 1 0 0 0 0 1 0 1 0 0 0 0 0 -9 0 1 0 0 0 0 0 0 0 0 0 1 0 0 0 -11 0 0 0 0 -17 0 0 1 0 0 0 0 -3 0 79 0 0 0 0 0 1 0 0 -4 0 10 0 0 0 0 1 0 0 0 1 0 0 -1 0 0 0 0 0 0 0 0 1 0 0 0 0 0 0 0 0 0 0 0 0 0 -9 -1 0 0 0 0 0 0 1 0 0 4 0 0 0 0 0 0 0 0 1 1 2 0 722 0 0 0 0 0 0 0 23 0 0 0 0 0 -39 0 0 0 0 0 0 0 1 0 0 0 0 0 0 0 0 0 0 0 0 0 0 0
0 0 0 0 0 0 -5 0 0 0 0 29 0 0 0 0 0 0 0 0 0 0 0 5 0 0 0 0 0 0 0 0 0 0 0 0 0 0 0 0 0 0 0 0 0 0 0 0 0 0 0 0 0 0 0 0 0 0 0 0 0 0 0 0 0 0 0 0 0 0 0 0 0 0 0 0 0 0 0 0 0 0 0 0 0 0 0 0 0 0 0 0 0 0 0 0 0 0 0 0 0 0 0 0 0 0 0 0 0 0 0 0 0 0 0 0 0 0 0 0 0 0 0 304 0 0 0 0 0 0 0 0 0 0 0 0 0 0 0 0 0 0 0 0 0 0 0 0 0 0 0 0 0 0 0 0 0 0 0 0
0 0 0 0 0 0 0 0 0 0 0 0 0 0 0 0 0 0 0 0 0 0 0 0 0 0 0 0 0 0 0 0 0 0 0 0 0 0 0 0 0 0 0 0 0 0 0 0 0 0 0 0 0 0 0 0 0 0 0 0 0 0 0 0 0 0 0 0 0 0 0 0 0 0 0 0 0 0 0 0 0 0 0 0 0 0 0 0 0 0 0 0 0 0 0 0 0 0 0 0 0 0 0 0 0 0 0 0 0 0 0 0 0 0 0 0 0 0 0 0 0 0 0 0 -711 0 0 0 0 0 0 0 0 0 0 0 0 0 0 0 0 0 0 0 0 0 0 0 0 0 0 0 0 0 0 0 0 0 0 0
0 0 -365 0 0 0 0 0 0 0 9 0 0 0 0 0 0 0 0 0 0 0 0 0 0 0 0 0 0 0 0 0 0 0 0 0 0 0 0 0 0 -3 0 0 0 0 0 0 0 0 0 2 0 -5 0 0 0 0 0 0 -14 0 0 0 0 0 0 2 0 0 0 0 0 0 0 1 0 0 0 0 0 0 0 0 0 0 0 0 0 0 0 0 0 0 0 0 0 0 0 0 1 0 0 16 0 0 0 0 0 0 -28 0 0 0 0 0 0 0 0 0 2 0 0 0 0 427 0 0 0 0 0 0 0 0 0 0 0 0 0 0 0 0 0 0 1 0 0 0 0 0 0 0 0 0 0 0 0 0 0 1
0 0 0 0 0 0 0 0 0 0 0 0 0 0 0 0 0 0 -89 -17 -65 0 0 0 0 0 0 0 0 -69 0 0 0 0 0 0 0 0 0 0 0 0 0 0 0 0 0 0 0 0 0 0 0 0 0 0 0 32 0 0 0 0 -28 0 0 0 0 0 0 0 11 0 0 0 0 0 0 0 0 0 0 0 0 0 0 80 0 0 0 0 0 0 32 5 0 -20 0 0 0 -6 0 0 0 0 0 0 0 13 0 0 0 0 0 -21 0 0 0 0 0 0 0 0 0 0 0 0 -755 0 0 0 0 0 0 0 0 0 0 0 0 -5 0 0 0 0 0 0 0 0 0 0 0 0 0 0 0 0 0 0 0 0
0 0 0 0 0 0 0 0 0 0 0 0 0 0 0 0 0 0 0 0 0 0 0 0 0 0 0 0 0 0 0 0 0 0 0 0 0 90 0 0 0 0 0 0 0 0 325 0 152 0 0 0 0 0 0 0 0 0 0 0 0 0 0 0 0 0 0 0 0 0 0 0 0 0 0 14 0 0 0 0 0 0 0 0 0 0 0 0 0 0 0 0 0 0 0 0 0 0 0 0 0 0 0 0 0 0 0 0 0 0 0 0 0 0 0 0 0 0 0 0 -8 0 0 0 0 0 0 -729 0 0 47 0 0 0 0 0 0 260 0 0 0 0 0 0 0 0 0 0 -56 0 0 0 0 0 0 0 0 0 0 0
0 0 0 0 0 0 3 0 0 0 0 0 0 0 0 0 0 0 0 0 0 0 0 4 0 0 0 0 0 0 67 0 0 0 0 0 201 0 0 0 0 0 0 0 0 0 0 0 0 0 0 0 0 0 0 0 0 0 0 0 0 0 0 0 0 0 0 0 0 0 0 0 10 0 0 0 -78 0 0 0 0 0 0 0 0 0 0 0 0 0 0 0 0 0 0 0 0 0 0 0 0 0 0 0 0 -185 0 0 0 0 0 0 0 0 0 0 0 0 0 0 0 0 0 0 0 0 0 0 -828 0 0 60 0 0 0 0 0 0 0 0 0 0 0 0 0 0 0 0 0 0 0 -23 0 0 0 0 0 0 0 0
7 -22 0 0 0 -1 -4 0 0 0 0 0 0 0 0 0 0 0 0 -30 0 0 0 -6 0 0 0 0 0 0 0 0 0 0 0 0 0 0 102 0 0 0 0 0 0 0 0 0 0 0 0 0 0 0 0 2 0 0 0 0 0 0 0 0 0 0 0 0 0 0 0 0 4 0 0 0 0 0 0 0 0 23 0 0 -1 -6 0 0 0 0 0 0 0 0 0 0 0 30 0 0 0 76 0 0 0 0 0 0 0 0 0 0 9 0 0 0 0 0 0 2 0 0 0 0 0 0 0 0 0 102 0 0 0 -24 0 0 0 0 0 0 0 0 0 0 0 0 0 0 0 0 0 0 0 0 4 0 0 0 0 0
0 0 0 0 0 0 2 0 0 0 0 0 7 1 5 8 0 0 0 0 0 62 0 3 0 0 0 0 0 0 0 0 0 -4 0 0 0 129 0 0 0 0 121 0 0 1 133 0 -77 0 -24 0 -243 0 0 0 0 0 2 0 0 0 0 -67 0 0 0 0 1 0 0 0 7 0 0 20 0 0 0 0 0 0 0 0 0 0 0 0 0 0 0 0 0 0 0 0 0 0 66 0 0 0 0 0 0 0 0 0 0 36 0 0 0 0 0 0 0 0 0 0 -12 0 23 0 0 0 0 47 0 0 612 0 0 0 0 0 -213 -132 0 0 0 0 0 0 0 0 0 0 29 0 0 0 0 0 0 0 0 0 0 0
0 0 0 0 0 0 1 0 0 0 0 0 0 0 0 0 0 0 0 0 0 0 0 1 0 0 0 0 0 0 17 0 0 0 0 0 50 0 0 0 0 0 0 0 0 0 0 0 0 0 0 0 0 0 0 0 0 0 0 0 0 0 0 0 0 0 0 0 0 0 0 0 3 0 0 0 -19 0 0 0 0 0 0 0 0 0 0 0 0 0 0 0 0 0 0 0 0 0 0 0 0 0 0 0 0 -45 0 0 0 0 0 0 0 0 0 0 0 0 0 0 0 0 0 0 0 0 0 0 60 0 0 -173 0 0 0 0 0 0 0 0 0 0 0 0 0 0 0 0 0 0 0 -208 0 0 0 0 0 0 0 0
0 0 0 0 0 0 0 0 0 0 0 0 1 0 1 0 0 0 0 0 0 1 0 0 0 0 0 0 0 0 0 0 0 0 0 0 1 1 0 0 0 0 1 0 0 -19 0 0 0 0 1 0 1 0 0 0 0 0 0 0 0 0 0 0 0 0 0 0 -75 0 0 0 0 329 69 0 0 0 0 0 0 0 0 0 0 0 0 0 0 0 0 0 0 0 0 0 0 0 1 0 0 0 0 0 0 0 0 0 0 -2 0 0 0 0 0 0 0 0 0 0 1 0 0 0 0 0 0 0 0 0 0 0 -179 -1 0 0 1 0 40 0 0 0 0 0 0 0 0 0 0 0 0 0 0 0 0 0 0 0 121 0
0 0 0 0 0 -12 154 0 0 0 0 0 0 0 0 0 0 0 0 2 0 0 0 212 0 0 0 0 0 0 0 0 0 0 0 0 0 0 -128 0 0 0 0 0 0 0 0 0 0 0 0 0 0 0 0 0 0 0 0 0 0 0 0 0 0 0 0 0 0 0 0 0 -109 1 18 0 0 0 0 0 0 0 0 0 0 1 0 0 0 0 0 0 0 0 0 0 0 0 0 0 0 0 0 0 0 0 0 0 0 0 0 0 0 0 0 0 1 0 0 0 0 0 0 0 0 0 0 0 0 -24 0 0 -1 466 0 0 0 0 0 0 0 0 0 0 0 0 0 0 0 0 0 0 0 0 -133 0 0 0 0 0
0 0 0 0 0 0 0 0 0 0 0 0 0 0 0 0 0 0 0 0 0 0 0 0 0 0 0 0 0 0 0 0 0 0 0 0 0 0 0 0 0 0 0 0 0 0 0 0 0 0 0 0 0 0 0 0 0 0 0 0 0 0 0 0 0 0 0 0 0 0 0 0 0 0 0 0 0 0 0 0 0 0 0 0 0 0 0 0 0 0 0 0 0 0 0 0 0 0 0 0 0 0 0 0 0 0 0 0 0 0 0 0 0 0 0 0 0 0 0 0 0 0 0 0 0 0 0 0 0 0 0 0 0 0 -453 0 0 0 0 0 0 0 0 0 0 0 0 0 0 0 0 0 0 0 0 0 0 0 0 0
0 0 0 0 0 0 0 0 0 0 0 0 0 0 0 0 0 0 0 0 0 0 0 0 0 0 0 0 0 0 0 0 0 0 0 0 0 0 0 0 0 0 0 0 0 0 0 0 0 0 0 0 0 0 0 0 0 0 0 0 0 0 0 0 0 0 0 0 0 0 0 0 0 0 0 0 0 0 0 0 0 0 0 0 0 0 0 0 0 0 0 0 0 0 0 0 0 0 0 0 0 0 0 0 0 0 0 0 0 0 0 0 0 0 0 0 0 0 0 0 0 0 0 0 0 0 0 0 0 0 0 0 0 0 0 -552 0 0 0 0 0 0 0 0 0 0 0 0 0 0 0 0 0 0 0 0 0 0 0 0
0 0 0 0 0 0 0 0 0 0 0 0 9 0 7 -7 0 0 0 0 0 85 0 -1 0 0 0 0 0 0 0 0 0 -6 0 0 1 110 0 0 0 0 167 0 0 0 0 0 0 0 44 0 427 0 0 0 0 0 -1 0 0 0 0 -93 0 0 0 0 0 0 0 0 -3 1 0 16 0 0 0 0 0 0 0 0 0 0 0 0 0 0 0 0 0 0 0 0 0 0 91 0 0 0 0 0 0 0 0 0 0 -32 0 0 0 0 0 0 0 0 0 0 -10 0 -39 0 0 0 0 0 0 0 -213 0 1 0 0 0 -243 0 1 0 0 0 0 0 0 0 0 0 0 0 0 0 0 0 0 0 0 0 1 0
0 0 0 0 0 0 0 0 0 0 0 0 0 0 0 0 0 0 0 0 0 0 0 0 0 0 0 0 0 0 0 0 0 0 0 0 0 -251 0 0 0 0 0 0 0 0 729 0 264 0 0 0 0 0 0 0 0 0 0 0 0 0 0 0 0 0 0 0 0 0 0 0 0 0 0 -37 0 0 0 0 0 0 0 0 0 0 0 0 0 0 0 0 0 0 0 0 0 0 0 0 0 0 0 0 0 0 0 0 0 0 0 0 0 0 0 0 0 0 0 0 25 0 0 0 0 0 0 260 0 0 -132 0 0 0 0 0 0 -215 0 0 0 0 0 0 0 0 0 0 -98 0 0 0 0 0 0 0 0 0 0 0
0 0 0 0 0 0 0 0 0 0 15 0 1 0 1 0 0 0 0 0 0 1 0 0 0 0 0 0 0 0 0 0 0 0 0 0 1 1 0 0 0 0 1 0 0 8 0 0 0 0 1 0 1 0 0 0 0 0 0 0 0 0 0 0 0 0 0 0 30 0 0 0 0 76 0 0 0 0 0 0 0 0 0 0 0 0 0 0 0 0 0 0 0 0 0 0 0 0 1 0 0 0 0 27 -1 0 0 0 0 0 19 0 0 0 0 0 0 0 0 0 1 0 0 0 0 0 0 0 0 0 0 0 40 0 0 0 1 0 740 0 0 0 0 6 0 0 0 0 0 0 0 0 0 0 0 0 0 0 -308 0
6 0 0 0 0 0 0 0 0 0 0 0 0 3 0 0 0 0 30 -11 22 0 0 0 0 0 0 0 0 24 3 0 0 0 0 0 0 0 0 0 0 0 6 0 0 0 0 5 0 0 0 0 0 0 0 0 0 -18 0 0 0 0 18 10 0 0 0 0 0 0 -239 7 0 0 0 2 -2 0 0 0 0 0 0 0 29 50 0 0 0 0 0 0 -19 -1 -3 45 0 0 0 5 0 0 0 0 0 3 0 -26 0 0 0 0 7 0 0 0 0 0 0 -18 -1 0 0 0 0 0 -5 0 0 0 0 0 0 0 0 0 0 0 0 -407 0 0 0 0 0 0 0 0 0 0 0 0 0 0 0 0 0 11 0 0
0 0 0 0 0 0 0 0 0 -374 0 0 0 0 2 0 0 0 0 0 0 15 0 0 -257 0 76 0 0 0 0 0 0 46 0 0 0 0 0 0 0 -4 -4 0 0 0 0 0 0 0 0 0 0 0 0 0 0 0 0 0 0 0 0 3 0 0 0 -9 0 0 0 0 0 0 0 0 0 0 0 0 0 0 0 0 0 0 0 0 0 0 0 0 0 0 0 0 0 0 0 0 0 0 0 0 0 0 0 0 0 0 0 0 0 0 0 0 0 0 0 0 0 0 0 0 0 0 0 0 0 0 0 0 0 0 0 0 0 0 0 0 -337 0 0 0 0 0 0 0 0 0 0 0 0 0 0 0 0 0 0 0
0 0 0 0 0 0 0 0 0 0 0 0 0 0 0 0 0 0 0 0 0 0 0 0 0 0 0 0 0 0 0 0 0 0 0 0 0 0 0 0 0 0 0 0 0 0 0 0 0 0 0 0 0 0 0 0 0 0 0 0 0 0 0 0 0 0 0 0 0 0 0 0 0 0 0 0 0 0 0 0 0 0 0 0 0 0 0 0 0 0 0 0 0 0 0 0 0 0 0 0 0 0 0 0 0 0 0 0 0 0 0 0 0 0 0 0 0 0 0 0 0 0 0 0 0 0 0 0 0 0 0 0 0 0 0 0 0 0 0 0 0 122 0 0 0 0 0 0 0 122 0 0 0 0 0 0 0 0 0 0
0 0 0 0 0 0 0 0 0 0 0 0 0 0 0 0 -76 0 0 0 0 0 0 0 0 0 0 0 0 0 0 0 0 0 0 0 0 0 0 0 0 0 0 0 0 0 0 0 0 0 0 0 0 0 0 0 0 0 0 6 0 0 0 0 0 0 0 0 0 0 0 0 0 0 0 0 0 0 0 0 -10 0 0 131 0 0 0 0 0 0 0 0 0 0 0 0 0 0 0 0 0 0 0 0 0 0 0 0 0 0 0 0 0 0 0 0 0 0 0 0 0 0 0 0 0 0 0 0 0 0 0 0 0 0 0 0 0 0 0 0 0 0 -710 0 0 0 0 0 0 0 0 0 0 0 0 0 0 0 0 0
0 0 0 0 0 0 0 0 0 0 53 0 0 0 0 0 0 0 0 0 0 0 0 0 0 0 0 0 0 0 0 0 0 0 0 0 0 0 0 0 0 0 0 0 0 8 0 0 0 0 0 0 0 0 0 0 0 0 0 0 0 0 0 0 0 0 0 0 30 0 0 0 0 0 0 0 0 0 0 0 0 0 0 0 0 0 0 0 0 0 0 0 0 0 0 0 0 0 0 0 0 0 0 95 -4 0 0 0 0 0 68 0 0 0 0 0 0 0 0 0 0 0 0 0 0 0 0 0 0 0 0 0 0 0 0 0 0 0 6 0 0 0 0 -438 0 0 0 0 0 0 0 0 0 0 0 0 0 0 18 0
0 0 1 0 0 0 0 0 -10 0 0 0 1 1 0 10 0 0 0 0 0 0 0 0 0 0 0 0 0 0 0 0 0 0 3 0 0 0 0 0 0 74 -24 0 0 -30 0 0 0 0 21 180 -2 140 0 0 0 -22 -43 0 -73 20 0 -43 0 0 0 -39 8 0 0 0 0 0 0 73 0 -27 0 0 0 0 0 0 78 0 0 0 0 0 0 0 0 0 0 0 0 0 0 -98 57 0 0 0 0 0 -108 0 0 0 0 0 0 0 0 0 0 0 -205 88 109 0 1 0 0 1 0 0 0 0 0 0 0 0 0 0 0 0 0 0 0 0 0 0 -426 0 0 0 0 0 0 0 0 0 0 0 -56 0 0 -2
0 0 0 0 0 0 0 0 0 0 0 0 0 0 0 0 0 0 0 0 0 0 0 0 0 0 0 0 0 0 0 0 0 0 0 0 0 0 0 0 0 0 0 0 0 0 0 0 0 0 0 74 0 0 0 0 0 0 0 0 0 0 0 0 0 0 0 0 0 0 0 0 0 0 0 0 0 0 0 0 0 0 0 0 0 0 0 0 0 0 0 0 0 0 0 0 0 0 0 0 -235 0 0 0 0 0 0 0 0 0 0 0 0 0 0 0 0 0 0 0 0 0 0 0 0 0 0 0 0 0 0 0 0 0 0 0 0 0 0 0 0 0 0 0 0 -80 0 0 0 0 0 0 0 0 0 0 0 0 0 0
0 0 0 0 0 0 -3 0 0 0 -5 0 0 0 0 0 0 0 0 0 0 0 0 -5 0 0 0 0 0 0 0 0 0 0 0 0 0 0 0 0 0 0 0 0 0 0 0 0 0 0 0 0 0 0 0 0 186 0 0 0 0 0 0 0 0 0 0 0 0 0 0 0 3 0 0 0 0 0 0 0 0 0 0 0 0 0 0 0 0 0 0 0 0 0 0 0 0 0 0 0 0 0 0 3 0 0 0 0 0 0 0 0 0 0 0 0 0 0 0 0 0 0 0 0 0 0 0 0 0 0 0 0 0 0 0 0 0 0 0 0 0 0 0 0 0 0 781 0 0 0 0 0 0 0 -14 121 0 0 0 0
0 0 0 0 0 0 0 0 0 0 0 0 0 0 0 0 0 0 0 0 0 0 0 0 0 0 0 0 0 0 0 0 0 0 0 0 0 0 0 0 0 0 0 0 0 0 0 0 0 0 0 0 0 0 0 0 0 0 0 0 0 0 0 0 0 0 0 0 0 0 0 0 0 0 0 0 0 0 0 0 0 0 0 0 0 0 0 0 0 0 0 0 0 0 0 0 0 0 0 0 0 0 0 0 0 0 0 0 0 0 0 0 0 0 0 0 0 0 0 0 0 0 0 0 0 0 0 0 0 0 0 0 0 0 0 0 0 0 0 0 0 0 0 0 0 0 0 -494 0 0 0 0 0 0 0 0 0 0 0 0
0 0 0 0 0 0 0 0 0 0 0 0 0 0 0 0 0 0 0 0 0 0 0 0 0 0 0 0 0 0 0 0 0 0 0 0 0 55 0 0 0 0 0 0 0 0 -158 0 -57 0 0 0 0 0 0 0 0 0 0 0 0 0 0 0 0 0 0 0 0 0 0 0 0 0 0 9 0 0 0 0 0 0 0 0 0 0 0 0 0 0 0 0 0 0 0 0 0 0 0 0 0 0 0 0 0 0 0 0 0 0 0 0 0 0 0 0 0 0 0 0 -5 0 0 0 0 0 0 -56 0 0 29 0 0 0 0 0 0 -98 0 0 0 0 0 0 0 0 0 0 -647 0 0 0 0 0 0 0 0 0 0 0
0 0 0 0 0 0 0 0 0 0 0 0 0 0 0 0 0 0 0 0 0 0 0 0 0 0 0 0 0 0 0 0 0 0 0 0 0 0 0 0 0 0 0 0 0 0 0 0 0 0 0 0 0 0 0 0 0 0 0 0 0 0 0 0 0 0 0 0 0 0 0 0 0 0 0 0 0 0 0 0 0 0 0 0 0 0 0 0 0 0 0 0 0 0 0 0 0 0 0 0 0 0 0 0 0 0 0 0 0 0 0 0 0 0 0 0 0 0 0 0 0 0 0 0 0 0 0 0 0 0 0 0 0 0 0 0 0 0 0 0 0 122 0 0 0 0 0 0 0 11 0 0 0 0 0 0 0 0 0 0
0 0 0 0 0 0 0 0 0 0 0 0 0 0 0 0 0 0 0 0 0 0 0 0 0 0 0 0 0 0 0 0 0 0 0 0 0 0 0 0 0 0 0 0 0 0 0 0 0 0 0 0 0 0 0 0 0 0 0 0 0 0 0 0 0 0 0 0 0 0 0 0 0 0 0 0 0 0 0 0 0 0 0 0 0 0 0 0 0 0 0 0 0 0 0 0 0 0 0 0 0 0 0 0 0 0 0 0 0 0 0 0 0 0 0 0 0 0 0 0 0 0 0 0 0 0 0 0 0 0 0 0 0 0 0 0 0 0 0 0 0 0 0 0 0 0 0 0 0 0 813 0 0 0 0 0 0 0 0 0
0 0 0 0 0 0 0 0 0 0 0 0 0 0 0 0 0 0 0 0 0 0 0 0 0 0 0 0 0 0 -6 0 0 0 0 0 -19 0 0 0 0 0 0 0 0 0 0 0 0 0 0 0 0 0 0 0 0 0 0 0 0 0 0 0 0 0 0 0 0 0 0 0 0 0 0 0 8 0 0 0 0 0 0 0 0 0 0 0 0 0 0 0 0 0 0 0 0 0 0 0 0 0 0 0 0 18 0 0 0 0 0 0 0 0 0 0 0 0 0 0 0 0 0 0 0 0 0 0 -23 0 0 -208 0 0 0 0 0 0 0 0 0 0 0 0 0 0 0 0 0 0 0 -630 0 0 0 0 0 0 0 0
0 -246 0 0 0 0 0 0 0 0 0 0 0 0 0 0 0 0 0 0 0 0 0 0 0 0 0 0 0 0 0 0 0 0 0 0 0 0 0 0 0 0 0 0 0 0 0 0 0 0 0 0 0 0 0 0 0 0 0 0 0 0 0 0 0 0 0 0 0 0 0 0 0 0 0 0 0 0 0 0 0 254 0 0 0 0 0 0 0 0 0 0 0 0 0 0 0 -384 0 0 0 0 0 0 0 0 0 0 0 0 0 0 0 0 0 0 0 0 0 0 0 0 0 0 0 0 0 0 0 0 0 0 0 0 0 0 0 0 0 0 0 0 0 0 0 0 0 0 0 0 0 0 724 0 0 0 0 0 0 0
0 0 0 0 0 0 0 0 -96 0 0 0 0 6 0 0 0 -11 0 0 0 0 0 0 0 0 0 0 0 0 0 0 30 0 0 0 0 0 0 0 0 0 0 0 0 0 0 -102 0 0 0 0 0 0 0 0 0 0 0 0 0 0 0 0 0 0 0 0 0 0 0 16 0 0 0 4 0 0 0 0 0 0 0 0 0 0 0 0 0 0 0 0 0 0 0 0 0 0 0 0 0 0 0 0 0 0 10 0 0 0 0 0 0 0 0 0 0 0 0 0 -2 0 0 0 0 0 0 0 0 0 0 0 0 0 0 0 0 0 0 0 0 0 0 0 0 0 0 0 0 0 0 0 0 -775 0 0 0 27 0 0
0 22 0 0 0 -6 41 0 0 0 1 0 0 0 0 0 0 0 0 0 0 0 0 56 0 0 0 0 0 0 0 0 0 0 0 0 0 0 21 0 0 0 0 0 0 0 0 0 0 0 0 0 0 0 0 -1 -9 0 0 0 0 0 0 0 0 0 0 0 0 0 0 0 -28 0 -3 0 0 0 0 0 0 -21 0 0 0 0 0 0 0 0 0 0 0 0 0 0 0 -27 0 0 0 0 0 0 0 0 0 0 0 0 0 0 0 0 0 0 0 0 0 0 0 0 0 0 0 0 0 0 0 4 0 0 0 -133 0 0 0 0 0 0 0 0 0 0 0 0 -14 0 0 0 0 0 0 0 895 -5 0 0 0 0
0 0 0 0 0 0 -1 0 0 0 -16 0 0 0 0 0 0 0 0 0 0 0 0 -2 0 0 0 0 0 0 0 0 0 0 0 0 0 0 0 0 0 0 0 0 0 0 0 0 0 0 0 0 0 0 0 0 722 0 0 0 0 0 0 0 0 0 0 0 0 0 0 0 2 0 0 0 0 0 0 0 0 0 0 0 0 0 0 0 0 0 0 0 0 0 0 0 0 0 0 0 0 0 0 9 0 0 0 0 0 0 0 0 0 0 0 0 0 0 0 0 0 0 0 0 0 0 0 0 0 0 0 0 0 0 0 0 0 0 0 0 0 0 0 0 0 0 121 0 0 0 0 0 0 0 -5 -466 0 0 0 0
0 0 0 0 0 0 0 0 0 0 0 0 0 1 0 8 0 0 0 0 0 0 0 0 0 0 0 0 0 0 0 0 0 0 0 0 0 0 0 0 0 -78 0 0 0 0 0 0 0 0 0 258 0 -147 0 0 0 0 -38 0 89 0 0 0 0 0 0 42 0 0 0 0 0 0 0 -54 0 -180 0 0 0 0 0 0 0 0 0 0 0 0 0 0 0 0 0 0 0 0 0 0 81 0 0 0 0 0 0 0 0 0 0 0 0 0 0 0 0 0 0 0 -81 0 0 0 0 0 0 0 0 0 0 0 0 0 0 0 0 0 0 0 0 0 0 0 -56 0 0 0 0 0 0 0 0 0 0 0 -260 0 0 0
0 0 0 0 0 0 0 0 -108 0 0 0 0 162 36 -17 0 13 0 0 0 -2 0 0 0 0 0 0 0 0 -24 0 -31 0 0 0 0 -24 0 0 0 0 0 0 0 0 0 168 0 0 0 0 0 0 0 0 0 16 0 0 0 0 -14 0 0 0 0 0 0 0 -20 121 0 0 0 115 29 0 0 0 0 0 0 0 0 0 0 0 0 0 0 0 17 0 40 42 0 0 0 -3 0 0 0 0 0 -20 11 -23 0 0 0 0 0 0 0 0 0 0 0 0 -76 0 0 0 0 0 0 0 0 0 0 0 0 0 0 0 0 0 0 11 0 0 0 0 0 0 0 0 0 0 0 0 0 27 0 0 0 32 0 0
0 0 0 0 0 0 0 0 0 0 44 0 1 0 1 0 0 0 0 0 0 1 0 0 0 0 0 0 0 0 0 0 0 0 0 0 1 1 0 0 0 0 1 0 0 23 0 0 0 0 1 0 1 0 0 0 0 0 0 0 0 0 0 0 0 0 0 0 89 0 0 0 0 230 0 0 0 0 0 0 0 0 0 0 0 0 0 0 0 0 0 0 0 0 0 0 0 0 1 0 0 0 0 80 -5 0 0 0 0 -1 57 0 0 0 0 0 0 0 0 0 1 0 0 0 0 0 0 0 0 0 0 0 121 0 0 0 1 0 -308 0 0 0 0 18 0 0 0 0 0 0 0 0 0 0 0 0 0 0 -90 0
0 0 1 0 0 0 0 0 0 0 0 0 -66 1 0 1 13 0 0 0 0 0 0 0 0 0 0 0 0 0 0 0 0 0 -676 0 0 0 0 0 0 2 3 0 0 0 0 0 0 0 0 3 0 2 0 0 0 0 0 178 -1 0 0 -1 0 0 0 0 0 0 0 0 0 0 0 -2 0 0 0 0 0 0 0 0 0 0 0 0 0 0 0 0 0 0 0 0 0 0 0 0 1 0 0 0 0 0 0 0 0 0 0 0 0 0 0 0 0 0 0 0 -3 0 0 0 0 1 0 0 0 0 0 0 0 0 0 0 0 0 0 0 0 0 0 0 -2 0 0 0 0 0 0 0 0 0 0 0 0 0 0 487

