Q_obj 
-580 2 0 0 0 0 8 7 0 0 0 0 0 0 0 0 0 -8 0 0 0 0 0 3 0 0 0 0 -49 10 0 0 3 0 6 -4 0 0 0 0 0 -3 0 0 0 3 1 3 0 0 -11 6 0 31 0 0 0 0 -6 -197
2 390 6 10 7 0 -42 0 0 -33 -8 12 -35 0 -4 4 -3 0 -1 0 -2 -102 0 -286 6 0 0 7 48 -6 0 0 102 0 -5 2 0 0 0 -9 -75 71 0 9 -89 -13 -4 -61 7 0 0 0 0 -4 8 -1 -2 0 84 1
0 6 -896 0 0 0 -39 0 0 -3 0 0 -187 0 0 0 0 0 0 0 0 -2 0 10 0 0 0 0 0 0 0 0 10 0 0 0 0 0 0 0 0 -13 0 0 0 0 2 12 0 0 0 0 0 0 0 0 0 0 -27 0
0 10 0 85 0 0 0 0 0 0 0 -90 0 0 0 -6 1 0 0 0 0 26 0 0 0 0 0 -50 0 1 0 0 0 0 0 0 0 0 0 9 0 -7 0 -101 0 -3 0 -8 3 0 0 0 0 0 3 0 3 0 0 0
0 7 0 0 -104 0 0 -534 0 219 -478 0 0 0 -263 0 1 -359 0 0 -145 18 0 0 0 0 0 0 0 0 -34 0 83 0 0 0 0 0 0 0 -6 -2 0 5 -7 0 0 2 0 -66 0 0 0 0 0 -83 0 0 2 0
0 0 0 0 0 644 0 0 0 0 0 0 0 -20 -23 7 6 0 6 -78 0 0 0 0 0 0 0 0 0 -2 0 0 0 0 0 1 0 0 0 0 59 -2 0 0 -49 10 0 -4 17 0 0 0 0 0 -6 76 0 13 0 0
8 -42 -39 0 0 0 -493 0 0 27 0 0 243 0 0 0 0 0 0 0 0 16 0 -67 -35 0 0 0 275 -55 0 0 -69 0 -30 11 0 0 0 0 0 102 0 0 0 -15 -12 -87 0 0 0 0 0 -23 0 0 0 0 207 2
7 0 0 0 -534 0 0 353 0 109 -237 0 0 0 -130 25 -43 163 0 0 -41 0 0 0 0 0 0 0 3 13 -17 0 42 0 13 -1 0 0 0 0 0 -16 0 0 0 -22 0 -9 0 10 -377 -8 0 0 -36 -41 0 0 5 -42
0 0 0 0 0 0 0 0 -268 0 0 0 0 0 0 0 0 0 0 0 0 0 0 0 0 0 0 0 0 0 0 -156 0 0 0 0 0 0 27 -19 0 0 362 0 0 0 0 0 0 0 0 0 0 0 0 0 69 0 0 0
0 -33 -3 0 219 0 27 109 0 -522 -300 0 22 0 -406 0 1 73 0 0 -100 25 0 -60 -3 0 0 0 -28 6 121 0 -171 0 4 -1 0 -1 0 0 -3 -31 0 4 -4 2 3 28 0 14 0 0 -1 3 0 -127 0 0 -60 0
0 -8 0 0 -478 0 0 -237 0 -300 209 0 0 0 362 0 0 -159 0 0 220 -24 0 0 0 0 0 0 0 0 48 0 -113 0 0 0 0 4 0 0 9 3 0 -6 10 0 0 -2 0 -29 0 0 3 0 0 114 0 0 -2 0
0 12 0 -90 0 0 0 0 0 0 0 -114 0 1 0 17 -1 0 1 0 0 32 0 0 0 0 0 352 0 -2 0 0 0 0 0 1 0 0 0 -19 0 17 0 -125 0 8 0 20 -4 0 0 0 0 0 -5 0 -5 0 1 0
0 -35 -187 0 0 0 243 0 0 22 0 0 821 0 0 0 0 0 0 0 0 13 0 -56 14 0 0 0 0 0 0 0 -57 0 0 0 0 0 0 0 0 85 0 0 0 0 -10 -72 0 0 0 0 0 0 0 0 0 0 171 0
0 0 0 0 0 -20 0 0 0 0 0 1 0 367 4 62 55 0 -50 -6 0 1 0 1 0 0 0 1 0 -27 0 0 0 0 0 3 0 0 0 6 0 -27 0 0 0 97 0 -45 166 0 0 0 0 0 -67 -12 2 0 -5 0
0 -4 0 0 -263 -23 0 -130 0 -406 362 0 0 4 -372 -1 -1 -87 -1 -7 121 -13 0 0 0 0 0 0 0 1 65 0 -153 0 0 0 0 3 0 0 36 3 0 -3 -20 -1 0 0 -3 -16 0 0 2 0 2 -284 0 7 -1 0
0 4 0 -6 0 7 0 25 0 0 0 17 0 62 -1 -219 154 -35 -27 2 0 2 0 -1 0 0 0 10 7 56 0 0 0 0 30 -5 0 0 0 280 0 57 0 -9 0 -145 0 31 312 0 40 0 0 0 67 4 79 0 -15 0
0 -3 0 1 1 6 0 -43 0 1 0 -1 0 55 -1 154 -429 65 -12 2 0 -17 0 -1 0 0 0 0 -11 -32 0 0 1 0 -52 3 0 0 0 -52 6 -70 0 -3 7 23 0 -13 191 0 -70 0 0 0 48 4 -14 0 30 0
-8 0 0 0 -359 0 0 163 0 73 -159 0 0 0 -87 -35 65 220 0 0 -27 0 0 0 0 0 0 0 -4 -18 -11 0 28 0 -18 2 0 0 0 0 0 25 0 0 0 34 0 15 0 7 562 14 0 0 55 -27 0 0 -6 63
0 -1 0 0 0 6 0 0 0 0 0 1 0 -50 -1 -27 -12 0 112 2 0 1 0 1 0 0 0 1 0 2 0 0 0 0 0 0 0 0 0 24 0 -5 0 0 0 -3 0 -3 -38 0 0 0 0 0 3 4 7 0 2 0
0 0 0 0 0 -78 0 0 0 0 0 0 0 -6 -7 2 2 0 2 869 0 0 0 0 0 0 0 0 0 0 0 0 0 0 0 1 0 0 0 0 19 0 0 0 -15 3 0 -1 6 0 0 0 0 0 -2 24 0 4 0 0
0 -2 0 0 -145 0 0 -41 0 -100 220 0 0 0 121 0 0 -27 0 0 -551 -6 0 0 0 0 0 0 0 0 17 0 -37 0 0 0 0 -23 0 0 3 1 0 -1 3 0 0 0 0 -5 0 0 -16 0 0 39 0 0 0 0
0 -102 -2 26 18 0 16 0 0 25 -24 32 13 1 -13 2 -17 0 1 0 -6 139 0 103 -1 0 0 18 -16 2 -1 0 -31 0 2 0 0 0 0 1 -210 43 0 25 -250 7 2 -30 -3 0 0 0 0 2 -3 -4 1 0 -85 0
0 0 0 0 0 0 0 0 0 0 0 0 0 0 0 0 0 0 0 0 0 0 45 0 0 0 0 0 0 0 0 0 0 0 0 0 0 0 0 0 0 0 0 0 0 0 0 0 0 0 0 0 0 0 0 0 0 0 0 0
3 -286 10 0 0 0 -67 0 0 -60 0 0 -56 1 0 -1 -1 0 1 0 0 103 0 174 9 0 0 0 76 -17 0 0 160 0 -8 4 0 0 0 6 0 80 0 0 0 4 -6 -66 -5 0 0 0 0 -6 -5 0 2 0 161 1
0 6 0 0 0 0 -35 0 0 -3 0 0 14 0 0 0 0 0 0 0 0 -1 0 9 -341 0 0 0 0 0 0 0 9 0 0 0 0 0 0 0 0 -12 0 0 0 0 2 11 0 0 0 0 0 0 0 0 0 0 -24 0
0 0 0 0 0 0 0 0 0 0 0 0 0 0 0 0 0 0 0 0 0 0 0 0 0 -958 0 0 0 0 0 0 0 0 0 0 0 0 0 0 0 0 0 0 0 0 0 0 0 0 0 0 0 0 0 0 0 0 0 0
0 0 0 0 0 0 0 0 0 0 0 0 0 0 0 0 0 0 0 0 0 0 0 0 0 0 31 0 0 0 0 0 0 0 0 0 0 0 0 0 0 0 0 0 0 0 0 0 0 0 0 0 0 0 0 0 0 0 0 0
0 7 0 -50 0 0 0 0 0 0 0 352 0 1 0 10 0 0 1 0 0 18 0 0 0 0 0 -537 0 -1 0 0 0 0 0 1 0 0 0 -10 0 10 0 -71 0 5 0 11 -2 0 0 0 0 0 -2 0 -3 0 1 0
-49 48 0 0 0 0 275 3 0 -28 0 0 0 0 0 7 -11 -4 0 0 0 -16 0 76 0 0 0 0 116 69 0 0 77 0 2 -127 0 0 0 0 0 -116 0 0 0 76 14 95 0 0 5 0 0 147 75 0 0 0 -227 -7
10 -6 0 1 0 -2 -55 13 0 6 0 -2 0 -27 1 56 -32 -18 2 0 0 2 0 -17 0 0 0 -1 69 550 0 0 -15 0 -218 -94 0 0 0 -68 0 42 0 2 0 173 -2 11 2 0 21 0 0 -28 172 -1 -19 0 50 2
0 0 0 0 -34 0 0 -17 0 121 48 0 0 0 65 0 0 -11 0 0 17 -1 0 0 0 0 0 0 0 0 259 0 46 0 0 0 0 1 0 0 1 1 0 0 1 0 0 0 0 -2 0 0 1 0 0 21 0 0 0 0
0 0 0 0 0 0 0 0 -156 0 0 0 0 0 0 0 0 0 0 0 0 0 0 0 0 0 0 0 0 0 0 -139 0 0 0 0 0 0 105 99 0 0 211 0 0 0 0 0 0 0 0 0 0 0 0 0 -352 0 0 0
3 102 10 0 83 0 -69 42 0 -171 -113 0 -57 0 -153 0 1 28 0 0 -37 -31 0 160 9 0 0 0 77 -15 46 0 -133 0 -8 3 0 0 0 0 -1 81 0 2 -1 -4 -6 -68 0 6 0 0 0 -6 0 -48 0 0 165 1
0 0 0 0 0 0 0 0 0 0 0 0 0 0 0 0 0 0 0 0 0 0 0 0 0 0 0 0 0 0 0 0 0 908 0 0 0 0 0 0 0 0 0 0 0 0 0 0 0 0 0 0 0 0 0 0 0 0 0 0
6 -5 0 0 0 0 -30 13 0 4 0 0 0 0 0 30 -52 -18 0 0 0 2 0 -8 0 0 0 0 2 -218 0 0 -8 0 417 34 0 0 0 0 0 -7 0 0 0 185 -1 -22 0 0 21 0 0 -16 351 0 0 0 31 1
-4 2 0 0 0 1 11 -1 0 -1 0 1 0 3 0 -5 3 2 0 1 0 0 0 4 0 0 0 1 -127 -94 0 0 3 0 34 -756 0 0 0 7 0 -6 0 0 0 -8 1 2 0 0 -1 0 0 14 -15 1 2 0 -9 0
0 0 0 0 0 0 0 0 0 0 0 0 0 0 0 0 0 0 0 0 0 0 0 0 0 0 0 0 0 0 0 0 0 0 0 0 -936 0 0 0 0 0 0 0 0 0 0 0 0 0 0 0 0 0 0 0 0 0 0 0
0 0 0 0 0 0 0 0 0 -1 4 0 0 0 3 0 0 0 0 0 -23 0 0 0 0 0 0 0 0 0 1 0 0 0 0 0 0 -671 0 0 0 0 0 0 0 0 0 0 0 0 0 0 111 0 0 1 0 0 0 0
0 0 0 0 0 0 0 0 27 0 0 0 0 0 0 0 0 0 0 0 0 0 0 0 0 0 0 0 0 0 0 105 0 0 0 0 0 0 -206 45 0 0 -35 0 0 0 0 0 0 0 0 0 0 0 0 0 -160 0 0 0
0 -9 0 9 0 0 0 0 -19 0 0 -19 0 6 0 280 -52 0 24 0 0 1 0 6 0 0 0 -10 0 -68 0 99 0 0 0 7 0 0 45 -86 0 321 26 12 0 243 0 386 -158 0 0 0 0 0 -170 0 -55 0 6 0
0 -75 0 0 -6 59 0 0 0 -3 9 0 0 0 36 0 6 0 0 19 3 -210 0 0 0 0 0 0 0 0 1 0 -1 0 0 0 0 0 0 0 187 -19 0 -59 -530 0 0 18 0 0 0 0 0 0 0 -97 0 86 18 0
-3 71 -13 -7 -2 -2 102 -16 0 -31 3 17 85 -27 3 57 -70 25 -5 0 1 43 0 80 -12 0 0 10 -116 42 1 0 81 0 -7 -6 0 0 0 321 -19 -274 0 7 -23 -96 11 -55 -14 0 -27 0 0 10 98 0 90 0 -84 0
0 0 0 0 0 0 0 0 362 0 0 0 0 0 0 0 0 0 0 0 0 0 0 0 0 0 0 0 0 0 0 211 0 0 0 0 0 0 -35 26 0 0 -484 0 0 0 0 0 0 0 0 0 0 0 0 0 -91 0 0 0
0 9 0 -101 5 0 0 0 0 4 -6 -125 0 0 -3 -9 -3 0 0 0 -1 25 0 0 0 0 0 -71 0 2 0 0 2 0 0 0 0 0 0 12 -59 7 0 12 -70 -4 0 -25 3 0 0 0 0 0 4 -1 4 0 -13 0
0 -89 0 0 -7 -49 0 0 0 -4 10 0 0 0 -20 0 7 0 0 -15 3 -250 0 0 0 0 0 0 0 0 1 0 -1 0 0 0 0 0 0 0 -530 -23 0 -70 -1 0 0 21 0 0 0 0 0 0 0 85 0 -71 21 0
3 -13 0 -3 0 10 -15 -22 0 2 0 8 0 97 -1 -145 23 34 -3 3 0 7 0 4 0 0 0 5 76 173 0 0 -4 0 185 -8 0 0 0 243 0 -96 0 -4 0 427 0 -130 -4 0 -36 0 0 -8 3 6 68 0 12 1
1 -4 2 0 0 0 -12 0 0 3 0 0 -10 0 0 0 0 0 0 0 0 2 0 -6 2 0 0 0 14 -2 0 0 -6 0 -1 1 0 0 0 0 0 11 0 0 0 0 47 -8 0 0 0 0 0 -1 0 0 0 0 21 1
3 -61 12 -8 2 -4 -87 -9 0 28 -2 20 -72 -45 0 31 -13 15 -3 -1 0 -30 0 -66 11 0 0 11 95 11 0 0 -68 0 -22 2 0 0 0 386 18 -55 0 -25 21 -130 -8 -274 -61 0 -15 0 0 -8 103 -2 109 0 81 1
0 7 0 3 0 17 0 0 0 0 0 -4 0 166 -3 312 191 0 -38 6 0 -3 0 -5 0 0 0 -2 0 2 0 0 0 0 0 0 0 0 0 -158 0 -14 0 3 0 -4 0 -61 168 0 0 0 0 0 4 10 -44 0 -18 0
0 0 0 0 -66 0 0 10 0 14 -29 0 0 0 -16 0 0 7 0 0 -5 0 0 0 0 0 0 0 0 0 -2 0 6 0 0 0 0 0 0 0 0 0 0 0 0 0 0 0 0 351 0 0 0 0 0 -5 0 0 0 0
-11 0 0 0 0 0 0 -377 0 0 0 0 0 0 0 40 -70 562 0 0 0 0 0 0 0 0 0 0 5 21 0 0 0 0 21 -1 0 0 0 0 0 -27 0 0 0 -36 0 -15 0 0 232 18 0 0 -60 0 0 0 7 83
6 0 0 0 0 0 0 -8 0 0 0 0 0 0 0 0 0 14 0 0 0 0 0 0 0 0 0 0 0 0 0 0 0 0 0 0 0 0 0 0 0 0 0 0 0 0 0 0 0 0 18 884 0 0 0 0 0 0 0 -36
0 0 0 0 0 0 0 0 0 -1 3 0 0 0 2 0 0 0 0 0 -16 0 0 0 0 0 0 0 0 0 1 0 0 0 0 0 0 111 0 0 0 0 0 0 0 0 0 0 0 0 0 0 -754 0 0 1 0 0 0 0
31 -4 0 0 0 0 -23 0 0 3 0 0 0 0 0 0 0 0 0 0 0 2 0 -6 0 0 0 0 147 -28 0 0 -6 0 -16 14 0 0 0 0 0 10 0 0 0 -8 -1 -8 0 0 0 0 0 -687 0 0 0 0 20 5
0 8 0 3 0 -6 0 -36 0 0 0 -5 0 -67 2 67 48 55 3 -2 0 -3 0 -5 0 0 0 -2 75 172 0 0 0 0 351 -15 0 0 0 -170 0 98 0 4 0 3 0 103 4 0 -60 0 0 0 311 -3 -47 0 -4 0
0 -1 0 0 -83 76 0 -41 0 -127 114 0 0 -12 -284 4 4 -27 4 24 39 -4 0 0 0 0 0 0 0 -1 21 0 -48 0 0 1 0 1 0 0 -97 0 0 -1 85 6 0 -2 10 -5 0 0 1 0 -3 440 0 -20 0 0
0 -2 0 3 0 0 0 0 69 0 0 -5 0 2 0 79 -14 0 7 0 0 1 0 2 0 0 0 -3 0 -19 0 -352 0 0 0 2 0 0 -160 -55 0 90 -91 4 0 68 0 109 -44 0 0 0 0 0 -47 0 96 0 2 0
0 0 0 0 0 13 0 0 0 0 0 0 0 0 7 0 0 0 0 4 0 0 0 0 0 0 0 0 0 0 0 0 0 0 0 0 0 0 0 0 86 0 0 0 -71 0 0 0 0 0 0 0 0 0 0 -20 0 -56 0 0
-6 84 -27 0 2 0 207 5 0 -60 -2 1 171 -5 -1 -15 30 -6 2 0 0 -85 0 161 -24 0 0 1 -227 50 0 0 165 0 31 -9 0 0 0 6 18 -84 0 -13 21 12 21 81 -18 0 7 0 0 20 -4 0 2 0 -323 0
-197 1 0 0 0 0 2 -42 0 0 0 0 0 0 0 0 0 63 0 0 0 0 0 1 0 0 0 0 -7 2 0 0 1 0 1 0 0 0 0 0 0 0 0 0 0 1 1 1 0 0 83 -36 0 5 0 0 0 0 0 770

