Q_obj 
-71 0 0 0 -6 0 0 0 0 0 0 0 5 0 0 0 0 0 0 -33 0 0 0 0 0 -10 0 16 0 0 0 1 0 0 0 0 0 -10 0 0 0 0 0 0 0 0 0 0 0 -36 0 0 -32 0 0 -50 0 0 0 30 0 -13 0 118 63 -28 0 10 0 0 0 0 0 0 0 0 0 0 34 0 0 0 0 -157 0 -252 0 0 0 0 0 0 0 -62 0 0 5 48 -33 0 0 0 0 0 0 0 -6 0 0 0 0 49 -57 0 0 3 0 0 0 0 0 0 0 0 -29 0 0 0 0 0 0 0 0 0 0 0 0 0 0 103 -34 0 0 0 59 0 0 0 0 0 0 0 0 0 0 0 0 0 0 0
0 996 0 0 0 0 0 0 0 0 0 0 0 0 1 0 0 0 0 0 0 0 0 0 0 0 0 0 0 0 0 3 0 0 0 0 0 0 0 0 0 0 0 0 0 0 0 0 0 0 0 0 0 0 0 0 0 0 0 0 0 0 0 0 0 0 0 0 0 0 0 0 0 -4 0 0 0 0 0 0 0 0 0 0 0 1 0 13 0 0 0 0 0 0 0 0 0 0 0 0 0 0 0 0 0 0 0 0 0 0 -17 0 0 0 0 0 0 0 0 0 0 0 0 0 0 0 0 0 0 0 0 0 0 0 0 0 0 0 0 0 0 0 0 0 0 61 0 0 0 0 0 0 0 0 0 0 -10 0 0 0
0 0 109 1 0 1 0 0 0 0 0 0 0 0 0 0 0 0 0 0 1 0 0 0 0 0 0 0 0 0 0 0 0 0 0 0 0 0 0 0 0 0 0 0 92 0 0 8 0 0 0 0 38 0 0 -77 0 0 -11 0 0 0 0 0 0 0 0 -10 0 0 0 0 0 0 0 0 0 0 0 0 0 0 0 0 0 0 0 0 0 0 14 0 0 0 0 0 0 -54 1 0 0 0 0 0 0 0 0 0 38 0 0 0 0 0 -52 0 0 0 0 0 0 0 0 0 0 0 0 1 0 0 0 0 0 0 0 0 -90 0 0 0 0 0 0 0 0 0 96 1 0 0 0 0 57 0 0 0 0 0 1 0
0 0 1 374 0 52 0 0 0 0 0 0 -1 0 0 0 0 0 0 0 44 0 0 0 0 0 0 -4 0 0 0 0 0 0 0 0 0 0 0 0 0 0 0 -45 1 0 0 0 0 -2 0 0 0 0 0 0 0 0 0 0 0 -83 0 0 0 0 0 0 0 0 0 0 0 0 0 0 0 0 0 0 0 0 0 -21 0 1 0 0 0 0 0 0 0 0 231 -31 0 0 35 0 0 0 0 0 0 0 0 0 0 0 0 0 0 0 0 0 0 0 0 0 0 0 0 0 0 0 0 22 0 0 -108 0 0 0 0 0 0 0 0 -32 0 0 0 0 0 0 0 18 -53 0 0 0 0 0 0 0 0 0 20 0
-6 0 0 0 639 0 0 0 0 0 0 0 8 0 0 0 0 0 0 -12 0 0 0 0 0 0 0 0 0 -5 0 2 0 0 0 0 0 -3 0 -3 0 0 0 0 0 0 0 0 -2 21 -32 0 1 0 0 0 0 0 0 0 0 0 0 0 1 0 0 1 0 0 0 0 0 0 -27 0 0 -4 -1 0 0 0 0 0 0 -3 0 0 0 0 0 0 0 0 0 0 -233 0 0 0 0 0 0 0 0 0 -2 0 0 0 0 0 0 0 0 5 0 0 0 0 0 0 0 0 0 0 0 0 0 0 0 0 0 0 0 0 0 0 0 0 0 0 0 0 0 0 0 0 0 0 0 0 0 0 0 0 0 0 0 0
0 0 1 52 0 -163 0 0 0 0 0 0 0 0 0 0 0 0 0 0 583 0 0 0 0 0 0 -5 0 0 0 0 0 0 0 0 0 0 0 0 0 0 0 -51 1 0 0 0 0 0 0 0 0 0 0 0 0 0 0 0 0 -94 0 0 0 0 0 0 0 0 0 0 0 0 0 0 0 0 0 0 0 0 0 -24 0 0 0 0 0 0 0 0 0 0 0 0 0 0 39 0 0 0 0 0 0 0 0 0 0 0 0 0 0 0 0 0 0 0 0 0 0 0 0 0 0 0 0 293 0 0 0 0 0 0 0 0 0 0 0 -36 0 0 0 0 0 0 0 20 -60 0 0 0 0 0 0 0 0 0 23 0
0 0 0 0 0 0 251 0 -5 0 0 0 0 0 0 0 41 0 0 0 0 0 0 0 0 0 0 0 0 0 0 0 0 0 0 0 0 0 0 0 0 0 0 0 0 0 0 0 0 0 0 0 0 0 0 0 0 0 0 0 0 0 0 0 0 0 0 0 0 0 0 0 0 0 0 0 0 0 0 -11 0 0 0 0 0 0 0 0 0 0 0 0 0 0 0 0 0 0 0 0 0 0 0 0 0 0 0 0 0 0 0 0 0 0 0 0 0 0 0 0 0 0 0 0 0 0 0 0 0 0 0 0 0 0 0 -259 0 0 0 0 0 0 0 0 0 0 0 0 0 0 0 0 0 0 0 0 0 0 0 0
0 0 0 0 0 0 0 753 0 0 0 0 -176 0 0 0 0 0 0 0 0 0 0 0 0 0 0 0 0 0 0 0 0 0 0 0 0 0 0 0 0 0 0 0 0 0 0 0 0 0 0 0 0 0 0 0 0 0 0 0 0 0 0 0 0 0 0 0 0 0 0 0 0 0 0 0 0 0 0 0 0 0 0 0 0 0 0 0 0 -59 0 0 0 0 0 0 0 0 0 0 0 0 0 0 0 0 0 0 0 0 0 0 0 -123 0 317 0 0 0 0 0 0 0 0 0 0 125 0 0 0 0 0 0 0 0 0 0 0 0 0 0 0 0 0 0 0 0 0 0 0 -67 0 0 0 0 0 0 -237 0 0
0 0 0 0 0 0 -5 0 125 0 0 0 0 0 0 0 0 0 0 0 0 0 0 0 0 0 0 0 0 0 0 0 0 0 0 0 0 0 0 0 0 0 0 0 0 0 0 0 0 0 0 0 0 0 0 0 0 0 0 0 0 0 0 0 0 0 0 0 0 0 0 0 0 0 0 0 0 0 0 293 0 0 0 0 0 0 0 0 0 0 0 0 0 0 0 0 0 0 0 0 0 0 0 0 0 0 0 0 0 0 0 0 0 0 0 0 0 0 0 0 0 0 0 0 0 0 0 0 0 0 0 0 0 0 0 11 0 -247 0 0 0 0 0 0 0 0 0 0 0 0 0 0 0 0 0 0 0 0 0 0
0 0 0 0 0 0 0 0 0 204 0 0 0 0 0 0 0 0 0 0 0 0 0 0 0 0 0 0 0 0 0 0 0 0 0 0 0 0 0 0 0 0 0 0 0 0 0 0 0 0 0 0 0 0 0 0 0 0 0 0 0 0 0 0 0 0 0 0 0 0 0 0 0 0 0 0 0 0 0 0 0 0 0 0 0 0 0 0 0 0 0 0 0 0 0 0 0 0 0 0 0 0 0 0 0 0 0 0 0 0 0 0 0 0 0 0 0 0 0 0 0 0 0 0 0 0 0 0 0 0 0 0 0 0 0 0 0 0 0 0 0 0 0 0 0 0 0 0 0 0 0 0 0 0 0 0 0 0 0 0
0 0 0 0 0 0 0 0 0 0 -437 0 0 0 0 0 0 0 0 0 0 0 0 0 0 0 0 0 0 0 0 0 0 0 0 0 0 0 0 0 0 0 0 0 0 0 0 0 0 0 0 0 0 0 0 0 0 0 0 0 0 0 0 0 0 0 0 0 0 0 0 0 0 0 0 0 0 0 0 0 0 0 0 0 0 0 0 0 0 0 0 0 0 0 0 0 0 0 0 0 0 0 0 0 0 0 0 0 0 0 0 0 0 0 0 0 0 0 0 0 0 0 0 0 0 0 0 0 0 0 0 0 0 0 0 0 0 0 0 0 0 0 0 0 0 0 0 0 0 0 0 0 0 0 0 0 0 0 0 0
0 0 0 0 0 0 0 0 0 0 0 -34 -2 0 0 0 0 0 0 0 0 25 0 0 0 0 0 -114 0 0 0 0 0 0 0 0 0 0 0 0 0 0 0 0 0 0 0 0 0 0 0 0 0 0 0 0 1 -5 0 0 0 0 0 0 0 0 0 0 0 0 0 0 0 0 0 0 0 0 0 0 0 0 0 0 0 0 0 0 0 0 0 0 0 0 -2 -16 0 0 0 0 0 0 -16 0 0 0 0 0 -27 1 0 0 0 0 0 5 0 0 0 0 0 0 0 0 0 0 0 0 0 0 0 0 0 -62 0 0 0 0 1 18 0 0 0 6 0 0 0 -59 0 0 0 0 19 0 0 -12 0 8 52 0
5 0 0 -1 8 0 0 -176 0 0 0 -2 -54 0 0 0 0 0 0 8 0 -49 0 0 0 0 0 8 0 0 0 -4 0 0 0 0 0 3 0 0 0 0 0 0 0 0 0 0 0 -51 0 0 -16 0 0 -25 0 0 0 15 0 -7 0 0 0 -14 0 5 0 0 0 0 0 0 0 0 0 0 0 0 0 0 0 -79 0 10 0 0 0 17 0 0 0 0 3 39 -4 25 -16 0 0 0 32 0 0 0 2 0 -21 0 0 0 0 20 0 54 0 0 0 0 0 0 0 0 0 0 -19 0 0 0 5 0 0 0 0 0 0 0 0 52 -17 0 0 0 0 0 0 1 0 0 19 0 15 0 0 0 0 65 1 0
0 0 0 0 0 0 0 0 0 0 0 0 0 -876 0 0 0 0 0 0 0 0 0 0 0 0 0 0 0 0 0 0 0 0 0 0 0 0 0 0 0 0 0 0 0 0 0 0 0 0 0 0 0 0 0 0 0 0 0 0 0 0 0 0 0 0 0 0 0 0 0 0 0 0 0 0 0 0 0 0 0 0 0 0 0 0 0 0 0 0 0 0 0 0 0 0 0 0 0 0 0 0 0 0 0 0 0 0 0 0 0 0 0 0 0 0 0 0 0 0 0 0 0 0 0 0 0 0 0 0 0 0 0 0 0 0 0 0 0 0 0 0 0 0 0 0 0 0 0 0 0 0 0 0 0 0 0 0 0 0
0 1 0 0 0 0 0 0 0 0 0 0 0 0 162 0 0 0 0 0 0 0 416 0 0 0 0 0 0 163 0 49 0 0 0 0 0 0 0 0 0 0 0 0 0 0 77 0 0 -1 0 0 0 0 0 0 0 0 0 0 0 0 0 42 33 0 0 0 0 0 0 0 0 34 0 0 0 -168 -61 0 0 0 0 0 0 20 0 0 0 0 0 242 0 0 0 0 0 0 0 0 0 0 0 0 0 0 0 0 0 0 -23 0 0 14 0 0 0 0 0 0 0 0 0 0 0 0 14 0 0 0 0 0 0 0 0 0 0 0 0 0 0 0 0 0 0 -4 0 0 0 0 0 0 0 0 0 0 1 0 0 0
0 0 0 0 0 0 0 0 0 0 0 0 0 0 0 -448 0 0 0 0 0 0 0 0 0 0 0 0 0 2 -5 0 0 0 0 0 0 0 0 0 0 0 0 0 0 0 0 0 0 0 0 0 0 0 0 0 2 0 0 28 0 21 0 0 0 0 0 0 0 0 0 -188 0 0 0 2 0 1 1 0 21 0 0 0 3 0 0 0 0 0 0 0 0 -119 0 0 0 0 50 0 0 0 0 0 0 0 0 0 0 -6 0 0 131 0 0 0 0 0 0 0 0 -1 0 0 0 0 0 0 0 0 0 0 0 0 0 0 0 0 -4 0 -31 0 0 0 0 0 0 0 0 0 0 0 0 0 0 0 0 0 0 0
0 0 0 0 0 0 41 0 0 0 0 0 0 0 0 0 95 0 0 0 0 0 0 0 0 0 0 0 0 0 0 0 0 0 0 0 0 0 0 0 0 0 0 0 0 0 0 0 0 0 0 0 0 0 0 0 0 0 0 0 0 0 0 0 0 0 0 0 0 0 0 0 0 0 0 0 0 0 0 0 0 0 0 0 0 0 0 0 0 0 0 0 0 0 0 0 0 0 0 0 0 0 0 0 0 0 0 0 0 0 0 0 0 0 0 0 0 0 0 0 0 0 0 0 0 0 0 0 0 0 0 0 0 0 0 23 0 0 0 0 0 0 0 0 0 0 0 0 0 0 0 0 0 0 0 0 0 0 0 0
0 0 0 0 0 0 0 0 0 0 0 0 0 0 0 0 0 -613 0 0 0 0 0 0 295 0 0 0 0 0 0 0 0 0 0 0 0 0 0 0 0 0 0 0 0 0 0 0 0 0 0 0 0 0 0 0 0 0 0 0 0 0 0 0 0 0 0 0 0 0 0 0 0 0 0 0 0 0 0 0 0 0 0 0 0 0 0 0 0 0 0 0 0 0 0 0 0 0 0 0 0 0 0 0 0 0 0 0 0 0 0 0 0 0 0 0 0 0 0 0 0 0 0 0 0 0 0 0 4 0 0 0 0 0 0 0 0 0 0 0 0 0 0 0 0 0 0 0 0 0 0 0 0 0 0 0 0 0 0 0
0 0 0 0 0 0 0 0 0 0 0 0 0 0 0 0 0 0 67 0 0 0 0 0 0 0 0 0 0 0 0 0 0 0 0 0 0 0 0 0 0 0 0 0 0 0 0 0 0 0 0 0 0 0 0 0 0 0 0 0 0 0 0 0 0 0 0 0 0 0 0 0 0 0 0 0 0 0 0 0 0 0 0 0 0 0 0 0 0 0 0 0 0 0 0 0 0 0 0 0 0 0 0 0 0 0 0 0 0 0 0 0 0 0 0 0 0 0 0 0 0 0 0 0 0 0 0 0 0 0 0 0 0 0 0 0 0 0 0 0 0 0 0 0 0 0 0 0 0 0 0 0 0 0 0 0 0 0 0 0
-33 0 0 0 -12 0 0 0 0 0 0 0 8 0 0 0 0 0 0 -112 0 0 0 0 0 6 0 28 0 0 0 2 0 0 0 0 0 -88 0 0 0 -32 0 0 0 0 0 0 0 41 0 62 -58 0 0 -90 0 0 0 53 0 -24 0 -58 -30 -51 0 18 0 0 0 0 9 0 0 0 0 0 -16 0 0 0 0 -280 0 121 0 0 0 0 0 0 0 32 0 0 8 86 -59 0 0 0 0 0 0 0 105 0 0 0 0 -23 29 0 0 5 -40 0 0 0 0 0 0 0 15 0 0 0 0 0 0 0 0 0 0 0 0 0 0 184 -61 0 0 0 -29 0 0 0 0 0 0 0 0 0 0 0 0 1 0 -40
0 0 1 44 0 583 0 0 0 0 0 0 0 0 0 0 0 0 0 0 -98 0 0 0 0 0 0 -4 0 0 0 0 0 0 0 0 0 0 0 0 0 0 0 -43 1 0 0 0 0 0 0 0 0 0 0 0 0 0 0 0 0 -79 0 0 0 0 0 0 0 0 0 0 0 0 0 0 0 0 0 0 0 0 0 -20 0 0 0 0 0 0 0 0 0 0 0 0 0 0 33 0 0 0 0 0 0 0 0 0 0 0 0 0 0 0 0 0 0 0 0 0 0 0 0 0 0 0 0 -276 0 0 0 0 0 0 0 0 0 0 0 -30 0 0 0 0 0 0 0 17 -50 0 0 0 0 0 0 0 0 0 19 0
0 0 0 0 0 0 0 0 0 0 0 25 -49 0 0 0 0 0 0 0 0 230 0 0 0 0 0 0 0 0 0 0 0 0 0 0 0 0 0 0 -13 0 0 0 0 0 0 0 0 0 0 0 0 0 0 0 0 0 0 0 0 0 0 0 0 0 0 0 0 0 0 0 1 0 0 13 0 0 0 0 0 0 0 0 35 0 0 0 0 42 0 0 0 0 -46 -339 0 0 0 0 0 0 90 0 0 0 0 0 224 -7 0 0 0 0 0 89 0 0 0 0 0 27 0 0 0 0 0 0 0 12 0 0 0 0 0 0 0 0 24 0 0 0 0 -20 0 0 0 0 0 0 47 0 -148 0 0 52 0 131 0 0
0 0 0 0 0 0 0 0 0 0 0 0 0 0 416 0 0 0 0 0 0 0 -156 0 0 0 0 0 0 112 0 -70 0 0 0 0 0 0 0 0 0 0 0 0 0 0 53 0 0 9 0 0 0 0 0 0 0 0 0 0 0 0 0 29 23 0 0 0 0 0 0 0 0 -48 0 0 0 -115 -42 0 0 0 0 0 0 12 0 2 0 0 0 -350 0 0 0 0 0 0 0 0 0 0 0 0 0 0 0 0 0 0 35 0 0 10 0 0 0 0 0 0 0 0 0 0 0 0 10 0 0 0 0 0 0 0 0 0 0 0 0 0 0 0 0 0 0 7 0 0 0 0 0 0 0 0 0 0 -1 0 0 0
0 0 0 0 0 0 0 0 0 0 0 0 0 0 0 0 0 0 0 0 0 0 0 -406 0 0 0 0 0 0 0 0 0 0 0 0 0 0 0 0 0 0 0 0 0 0 0 0 0 0 0 0 0 0 0 0 0 0 0 0 0 0 0 0 0 0 0 0 0 0 0 0 0 0 0 0 0 0 0 0 0 0 0 0 0 0 0 0 0 0 0 0 0 0 0 0 0 0 0 0 0 0 0 0 0 0 0 0 0 0 0 0 0 0 0 0 0 0 0 0 0 0 0 0 0 0 0 0 0 0 0 0 0 0 0 0 0 0 0 0 0 0 0 0 0 0 0 0 0 0 0 0 0 0 0 0 0 0 0 0
0 0 0 0 0 0 0 0 0 0 0 0 0 0 0 0 0 295 0 0 0 0 0 0 683 0 0 0 0 0 0 0 0 0 0 0 0 0 0 0 0 0 0 0 0 0 0 0 0 0 0 0 0 0 0 0 0 0 0 0 0 0 0 0 0 0 0 0 0 0 0 0 0 0 0 0 0 0 0 0 0 0 0 0 0 0 0 0 0 0 0 0 0 0 0 0 0 0 0 0 0 0 0 0 0 0 0 0 0 0 0 0 0 0 0 0 0 0 0 0 0 0 0 0 0 0 0 0 18 0 0 0 0 0 0 0 0 0 0 0 0 0 0 0 0 0 0 0 0 0 0 0 0 0 0 0 0 0 0 0
-10 0 0 0 0 0 0 0 0 0 0 0 0 0 0 0 0 0 0 6 0 0 0 0 0 317 0 0 0 0 0 0 0 0 0 0 0 2 0 0 0 0 0 0 0 0 0 0 0 -3 0 0 0 0 0 0 0 0 0 0 0 0 0 9 -64 0 0 0 0 0 0 0 0 0 0 0 0 0 -33 0 0 0 0 0 0 -18 0 0 0 0 0 0 0 65 0 0 0 0 0 0 0 0 0 0 0 0 1 0 0 0 0 111 59 0 0 0 0 0 0 0 0 0 0 0 -53 0 0 0 0 0 0 0 0 0 0 0 0 0 0 0 0 0 0 0 -60 0 0 0 0 0 0 0 0 0 0 0 0 0 0 0
0 0 0 0 0 0 0 0 0 0 0 0 0 0 0 0 0 0 0 0 0 0 0 0 0 0 435 0 0 0 0 0 0 0 0 0 0 0 0 0 0 0 0 0 0 0 0 0 0 0 0 0 0 0 0 0 0 0 0 0 0 0 0 0 0 0 0 0 0 0 0 0 0 0 0 0 0 0 0 0 0 0 0 0 0 0 0 0 0 0 0 0 0 0 0 0 0 0 0 0 0 0 0 0 0 0 0 0 0 0 0 0 0 0 0 0 0 0 0 0 0 0 0 0 0 0 0 0 0 0 0 0 0 0 0 0 0 0 0 0 0 0 0 0 0 0 0 0 0 0 0 0 0 0 0 0 0 0 0 0
16 0 0 -4 0 -5 0 0 0 0 0 -114 8 0 0 0 0 0 0 28 -4 0 0 0 0 0 0 471 0 0 0 2 0 0 0 0 0 9 0 0 0 0 0 42 0 0 0 0 0 20 0 0 7 0 0 11 -2 18 0 8 0 -9 0 0 0 5 0 -2 0 0 0 0 0 0 0 1 0 0 0 0 0 0 0 17 0 -3 0 1 0 0 0 0 0 0 4 0 0 -10 -5 0 0 0 0 -1 0 2 6 0 9 0 0 0 0 0 0 5 0 0 0 0 3 0 0 0 0 0 0 -2 0 0 -2 0 0 117 0 0 0 0 0 -15 -8 0 0 0 0 1 0 109 -4 0 0 0 -5 0 0 0 3 0 -96 0
0 0 0 0 0 0 0 0 0 0 0 0 0 0 0 0 0 0 0 0 0 0 0 0 0 0 0 0 -114 0 0 0 0 0 0 0 0 0 0 0 0 0 -81 0 0 0 0 0 0 0 0 0 0 0 0 0 0 0 0 0 0 0 0 0 0 0 0 0 0 0 0 0 0 0 0 0 0 0 0 0 0 0 0 0 0 0 0 0 0 0 0 0 0 0 0 0 0 0 0 0 0 0 0 0 69 0 0 0 0 0 0 0 0 0 0 0 0 0 0 0 0 0 0 0 0 0 0 0 0 0 0 0 0 0 0 0 0 0 0 0 0 178 -346 0 0 0 0 0 0 0 0 0 0 0 0 0 0 0 0 0
0 0 0 0 -5 0 0 0 0 0 0 0 0 0 163 2 0 0 0 0 0 0 112 0 0 0 0 0 0 604 1 0 0 0 0 0 0 0 0 -85 0 0 0 0 0 0 -53 0 -67 5 -22 0 6 0 0 0 -16 0 0 6 0 5 0 53 12 0 0 20 0 0 0 1 0 0 -58 4 0 -57 -21 0 0 0 0 0 -72 24 0 0 0 0 0 0 0 0 0 0 -9 0 10 0 0 0 0 0 0 0 0 0 0 83 0 0 -1 18 0 0 0 0 0 0 0 54 0 0 0 0 18 0 0 0 0 0 0 0 0 0 0 0 76 0 -6 0 0 0 -1 0 0 0 0 0 0 0 0 0 0 0 0 0 0 0
0 0 0 0 0 0 0 0 0 0 0 0 0 0 0 -5 0 0 0 0 0 0 0 0 0 0 0 0 0 1 -824 0 0 0 0 0 0 0 0 0 0 0 0 0 0 0 0 0 0 0 0 0 0 0 0 0 1 0 0 1 0 1 0 0 0 0 0 0 0 0 0 -13 0 0 0 1 0 1 1 0 -262 0 0 0 1 0 0 0 0 0 0 0 0 2 0 0 0 0 1 0 0 0 0 0 0 0 0 0 0 0 0 0 -1 0 0 0 0 0 0 0 0 0 0 0 0 0 0 0 0 0 0 0 0 0 0 0 0 0 0 0 0 0 0 0 0 0 0 0 0 0 0 0 0 0 0 0 0 0 0 0
1 3 0 0 2 0 0 0 0 0 0 0 -4 0 49 0 0 0 0 2 0 0 -70 0 0 0 0 2 0 0 0 -158 0 0 0 0 0 1 0 0 0 0 0 0 0 0 0 0 0 3 0 0 -3 0 0 -6 0 0 0 4 0 -1 0 0 0 -3 0 2 0 0 0 0 0 208 0 0 0 0 0 0 0 0 0 -18 0 0 0 -5 0 0 0 -118 0 0 0 1 -1 6 -3 0 0 0 0 0 0 0 1 0 0 0 -149 0 0 0 0 -2 0 0 0 0 0 0 0 0 0 0 0 0 0 0 2 0 0 0 0 0 0 0 0 13 -4 0 0 0 0 -29 0 1 0 0 0 0 0 0 0 0 6 0 1 0
0 0 0 0 0 0 0 0 0 0 0 0 0 0 0 0 0 0 0 0 0 0 0 0 0 0 0 0 0 0 0 0 648 0 0 0 0 0 0 0 0 0 0 0 0 0 0 32 0 0 0 0 0 0 0 0 0 0 19 0 0 0 0 0 0 0 0 0 0 0 0 0 0 0 0 0 0 0 0 0 0 0 0 0 0 0 0 0 0 0 0 0 0 0 0 0 0 0 0 0 0 0 0 0 0 0 0 0 0 0 0 0 0 0 0 0 0 0 0 0 0 0 0 0 0 0 0 0 0 0 0 0 0 0 0 0 0 0 0 0 0 0 0 0 0 0 0 0 0 0 0 0 0 0 0 0 0 0 0 0
0 0 0 0 0 0 0 0 0 0 0 0 0 0 0 0 0 0 0 0 0 0 0 0 0 0 0 0 0 0 0 0 0 550 0 0 0 0 0 0 0 0 0 0 0 0 0 0 0 0 0 0 0 0 0 0 0 0 0 0 0 0 0 0 0 0 0 0 0 0 0 0 0 0 0 0 0 0 0 0 0 0 0 0 0 0 0 0 0 0 0 0 0 0 0 0 0 0 0 0 0 0 0 0 0 0 0 0 0 0 0 0 0 0 0 0 0 0 0 0 0 0 0 0 0 0 0 0 0 0 0 0 0 0 0 0 0 0 0 0 0 0 0 0 0 0 0 0 0 0 0 0 0 0 0 0 0 0 0 0
0 0 0 0 0 0 0 0 0 0 0 0 0 0 0 0 0 0 0 0 0 0 0 0 0 0 0 0 0 0 0 0 0 0 -887 0 0 0 0 0 0 0 0 0 0 0 0 0 0 0 0 0 0 0 0 0 0 0 0 0 0 0 0 0 0 0 0 0 0 0 0 0 0 0 0 0 0 0 0 0 0 0 0 0 0 0 0 0 0 0 0 0 0 0 0 0 0 0 0 0 0 0 0 0 0 0 0 0 0 0 0 0 0 0 0 0 0 0 0 0 0 0 0 0 0 0 0 0 0 0 0 0 0 0 0 0 0 0 0 0 0 0 0 0 0 0 0 0 0 0 0 0 0 0 0 0 0 0 0 0
0 0 0 0 0 0 0 0 0 0 0 0 0 0 0 0 0 0 0 0 0 0 0 0 0 0 0 0 0 0 0 0 0 0 0 290 0 0 0 0 0 0 0 0 0 0 0 0 0 0 0 0 0 0 0 0 0 0 0 0 0 0 0 0 0 0 0 0 0 0 0 0 0 0 0 0 0 0 0 0 0 0 0 0 0 0 0 0 0 0 0 0 0 0 0 0 0 0 0 0 0 0 0 0 0 0 0 0 0 0 0 0 0 0 0 0 0 0 0 0 0 0 0 0 0 0 0 0 0 0 0 0 0 0 0 0 0 0 0 0 0 0 0 0 0 0 0 0 0 0 0 0 0 0 0 0 0 0 0 0
0 0 0 0 0 0 0 0 0 0 0 0 0 0 0 0 0 0 0 0 0 0 0 0 0 0 0 0 0 0 0 0 0 0 0 0 -205 0 0 0 0 0 0 0 0 0 0 0 0 0 0 0 0 0 0 0 0 0 0 0 0 0 0 0 0 0 0 0 0 0 0 0 0 0 0 0 0 0 0 0 0 0 0 0 0 0 0 0 0 0 0 0 0 0 0 0 0 0 0 0 0 0 0 0 0 0 0 0 0 0 0 0 0 0 0 0 0 0 0 0 0 0 0 0 0 0 0 0 0 0 0 0 0 0 0 0 0 0 0 0 0 0 0 0 0 0 0 0 0 0 0 0 0 0 0 0 0 0 0 0
-10 0 0 0 -3 0 0 0 0 0 0 0 3 0 0 0 0 0 0 -88 0 0 0 0 0 2 0 9 0 0 0 1 0 0 0 0 0 145 0 0 0 -10 0 0 0 0 0 0 0 13 0 -196 -18 0 0 -28 0 0 0 17 0 -7 0 -18 -9 -15 0 6 0 0 0 0 -26 0 0 0 0 0 -5 0 0 0 0 -87 0 38 0 0 0 1 0 0 0 10 0 0 3 27 -18 0 0 0 0 0 0 0 33 0 0 0 0 -7 9 0 0 2 131 0 0 0 0 0 0 0 5 0 0 0 0 0 0 0 0 0 0 0 0 0 0 58 -19 0 0 0 -9 0 0 0 0 0 1 0 0 0 0 0 0 0 0 -12
0 0 0 0 0 0 0 0 0 0 0 0 0 0 0 0 0 0 0 0 0 0 0 0 0 0 0 0 0 0 0 0 0 0 0 0 0 0 979 0 0 0 0 0 0 0 0 0 0 0 0 0 0 0 0 0 0 0 0 0 0 0 0 0 0 0 0 0 0 0 0 0 0 0 0 0 0 0 0 0 0 0 0 0 0 0 0 0 0 0 0 0 0 0 0 0 0 0 0 0 0 0 0 0 0 0 0 0 0 0 0 0 0 0 0 0 0 0 0 0 0 0 0 0 0 0 0 0 0 0 0 0 0 0 0 0 0 0 0 0 0 0 0 0 0 0 0 0 0 0 0 0 0 0 0 0 0 0 0 0
0 0 0 0 -3 0 0 0 0 0 0 0 0 0 0 0 0 0 0 0 0 0 0 0 0 0 0 0 0 -85 0 0 0 0 0 0 0 0 0 17 0 0 -14 0 0 0 0 0 14 0 -13 0 7 0 0 0 0 0 0 0 0 0 0 0 14 0 -33 22 0 0 0 0 0 0 -431 0 0 -70 -25 0 0 0 0 0 0 0 0 0 0 0 0 0 0 0 0 0 -5 0 0 0 0 0 0 0 13 0 0 0 0 0 0 0 0 0 0 0 0 0 0 0 0 0 0 0 0 0 0 0 0 0 0 0 0 0 0 0 0 0 0 0 0 32 23 0 -1 0 0 0 0 0 0 0 0 0 0 0 0 0 0 0
0 0 0 0 0 0 0 0 0 0 0 0 0 0 0 0 0 0 0 0 0 -13 0 0 0 0 0 0 0 0 0 0 0 0 0 0 0 0 0 0 -66 0 0 0 0 0 0 0 0 0 0 0 0 0 0 0 0 0 0 0 0 0 0 0 0 0 0 0 0 0 0 0 0 0 0 65 0 0 0 0 0 0 0 0 163 0 0 0 0 0 0 0 0 0 0 0 0 0 0 0 0 0 -21 0 0 0 0 0 0 -27 0 0 0 0 0 0 0 0 0 0 0 122 0 0 0 0 0 0 0 -666 0 0 0 0 0 0 0 0 97 0 0 0 0 0 0 0 0 0 0 0 0 0 0 0 0 0 0 0 0 0
0 0 0 0 0 0 0 0 0 0 0 0 0 0 0 0 0 0 0 -32 0 0 0 0 0 0 0 0 0 0 0 0 0 0 0 0 0 -10 0 0 0 -521 0 0 0 0 0 0 0 0 0 0 0 0 0 0 0 0 0 0 0 0 0 0 0 0 0 0 0 0 0 0 0 0 0 0 0 0 0 0 0 0 0 0 0 0 0 0 0 0 0 0 0 0 0 0 0 0 0 0 0 0 0 0 0 0 189 0 0 0 0 0 0 0 0 0 0 0 0 0 0 0 0 0 0 0 0 0 0 0 0 0 0 0 0 0 0 0 0 0 0 0 0 0 0 0 0 0 0 0 0 0 0 0 0 0 0 0 0 369
0 0 0 0 0 0 0 0 0 0 0 0 0 0 0 0 0 0 0 0 0 0 0 0 0 0 0 0 -81 0 0 0 0 0 0 0 0 0 0 -14 0 0 -304 0 0 0 0 0 20 0 0 0 1 0 0 0 0 0 0 0 0 0 0 0 34 0 83 4 0 0 0 0 0 0 0 0 0 0 18 0 0 80 0 0 0 0 0 0 0 0 0 0 0 16 0 0 0 0 0 0 0 0 0 0 153 0 0 0 0 0 0 0 15 0 0 0 0 0 0 0 0 0 0 0 0 0 0 0 0 0 0 0 0 0 0 0 0 0 0 0 0 -274 -85 0 -15 0 0 0 0 0 0 146 0 0 0 0 0 0 0 0
0 0 0 -45 0 -51 0 0 0 0 0 0 0 0 0 0 0 0 0 0 -43 0 0 0 0 0 0 42 0 0 0 0 0 0 0 0 0 0 0 0 0 0 0 543 0 0 0 0 0 0 0 0 0 0 0 0 0 0 0 0 0 -58 0 0 0 0 0 0 0 0 0 0 0 0 0 0 0 0 0 0 0 0 0 183 0 1 0 1 0 0 0 0 0 0 32 -4 0 0 25 0 0 0 0 0 0 14 0 0 0 0 0 0 0 0 0 0 0 0 0 0 0 0 0 0 0 0 0 -21 0 0 -14 0 0 0 0 0 0 0 0 273 0 0 0 0 0 4 0 -6 -37 0 0 0 0 0 0 0 21 0 -7 0
0 0 92 1 0 1 0 0 0 0 0 0 0 0 0 0 0 0 0 0 1 0 0 0 0 0 0 0 0 0 0 0 0 0 0 0 0 0 0 0 0 0 0 0 276 0 0 -3 0 0 0 0 -16 0 0 35 0 0 6 0 0 0 0 0 0 0 0 5 0 0 0 0 0 0 0 0 0 0 0 0 0 0 0 0 0 0 0 0 0 0 -6 0 0 0 0 0 0 25 1 0 0 0 0 0 0 0 0 0 -16 0 0 0 0 0 24 0 0 0 0 0 0 0 0 0 0 0 0 1 0 0 0 0 0 0 0 0 40 0 0 0 0 0 0 0 0 0 -42 1 0 0 0 0 -25 0 0 0 0 0 1 0
0 0 0 0 0 0 0 0 0 0 0 0 0 0 0 0 0 0 0 0 0 0 0 0 0 0 0 0 0 0 0 0 0 0 0 0 0 0 0 0 0 0 0 0 0 -472 0 0 0 0 0 0 0 0 0 0 0 0 0 -177 0 0 0 0 0 0 0 0 0 0 0 0 0 0 0 0 0 0 0 0 0 0 0 0 0 0 0 0 0 0 0 0 0 0 0 0 0 0 0 0 0 0 0 0 0 0 0 0 0 0 0 0 0 0 0 0 0 0 0 641 0 0 0 0 0 0 0 0 0 0 0 0 0 0 0 0 0 0 0 0 -152 0 0 0 0 0 0 0 0 0 0 0 0 0 0 0 0 0 0 0
0 0 0 0 0 0 0 0 0 0 0 0 0 0 77 0 0 0 0 0 0 0 53 0 0 0 0 0 0 -53 0 0 0 0 0 0 0 0 0 0 0 0 0 0 0 0 905 0 0 3 0 0 0 0 0 0 0 0 0 0 0 0 0 25 -10 0 0 0 0 0 0 0 0 0 0 0 0 56 21 0 0 0 0 0 0 12 0 0 0 0 0 0 0 0 0 0 0 0 0 0 0 0 0 0 0 0 0 0 0 0 0 0 0 9 0 0 0 0 0 0 0 0 0 0 0 0 9 0 0 0 0 0 0 0 0 0 0 0 0 0 0 0 0 0 0 0 0 0 0 0 0 0 0 0 0 0 0 0 0 0
0 0 8 0 0 0 0 0 0 0 0 0 0 0 0 0 0 0 0 0 0 0 0 0 0 0 0 0 0 0 0 0 32 0 0 0 0 0 0 0 0 0 0 0 -3 0 0 560 0 0 0 0 0 0 0 2 0 0 269 0 0 0 0 0 0 0 0 1 0 0 0 0 0 0 0 0 0 0 0 0 0 0 0 0 0 0 0 0 0 0 0 0 0 0 0 0 0 1 0 0 0 0 0 0 0 0 0 0 0 0 0 0 0 0 1 0 0 0 0 0 0 0 0 0 0 0 0 0 0 0 0 0 0 0 0 0 -46 0 0 0 0 0 0 0 0 0 -1 0 0 0 0 0 0 0 0 0 0 0 0 0
0 0 0 0 -2 0 0 0 0 0 0 0 0 0 0 0 0 0 0 0 0 0 0 0 0 0 0 0 0 -67 0 0 0 0 0 0 0 0 0 14 0 0 20 0 0 0 0 0 4 0 -10 0 0 0 0 0 0 0 0 0 0 0 0 0 11 0 45 -3 0 0 0 0 0 0 -340 0 0 -55 -20 0 0 0 0 0 0 0 0 0 0 0 0 0 0 1 0 0 -4 0 0 0 0 0 0 0 -16 0 0 0 0 0 0 0 1 0 0 0 0 0 0 0 0 0 0 0 0 0 0 0 0 0 0 0 0 0 0 0 0 0 0 0 0 -42 -29 0 1 0 0 0 0 0 0 0 0 0 0 0 0 0 0 0
-36 0 0 -2 21 0 0 0 0 0 0 0 -51 0 -1 0 0 0 0 41 0 0 9 0 0 -3 0 20 0 5 0 3 0 0 0 0 0 13 0 0 0 0 0 0 0 0 3 0 0 -140 0 0 -41 0 0 -63 0 0 0 38 0 -17 0 41 23 -36 0 13 0 0 0 0 0 -19 0 0 0 -4 10 0 0 0 0 -198 0 -39 0 2 0 0 0 11 0 -21 -6 1 -11 61 -41 0 0 0 0 0 0 0 8 0 0 0 14 17 -19 3 0 -28 0 0 0 0 0 0 0 0 -10 0 3 0 0 0 11 11 -1 0 0 0 0 0 0 130 -43 0 0 0 21 3 0 1 0 0 0 0 0 0 0 0 0 0 1 0
0 0 0 0 -32 0 0 0 0 0 0 0 0 0 0 0 0 0 0 0 0 0 0 0 0 0 0 0 0 -22 0 0 0 0 0 0 0 0 0 -13 0 0 0 0 0 0 0 0 -10 0 135 0 1 0 0 0 0 0 0 0 0 0 0 0 4 0 0 4 0 0 0 0 0 0 -114 0 0 -18 -6 0 0 0 0 0 0 0 0 0 0 0 0 0 0 0 0 0 -56 0 0 0 0 0 0 0 0 0 0 0 0 0 0 0 0 0 0 0 0 0 0 0 0 0 0 0 0 0 0 0 0 0 0 0 0 0 0 0 0 0 0 0 0 0 0 0 0 0 0 0 0 0 0 0 0 0 0 0 0 0 0 0
0 0 0 0 0 0 0 0 0 0 0 0 0 0 0 0 0 0 0 62 0 0 0 0 0 0 0 0 0 0 0 0 0 0 0 0 0 -196 0 0 0 0 0 0 0 0 0 0 0 0 0 -97 0 0 0 0 0 0 0 0 0 0 0 0 0 0 0 0 0 0 0 0 -51 0 0 0 0 0 0 0 0 0 0 0 0 0 0 0 0 1 0 0 0 0 0 0 0 0 0 0 0 0 0 0 0 0 0 0 0 0 0 0 0 0 0 0 -73 0 0 0 0 0 0 0 0 0 0 0 0 0 0 0 0 0 0 0 0 0 0 0 0 0 0 0 0 0 0 0 0 0 1 0 0 0 0 0 0 0 0 0
-32 0 38 0 1 0 0 0 0 0 0 0 -16 0 0 0 0 0 0 -58 0 0 0 0 0 0 0 7 0 6 0 -3 0 0 0 0 0 -18 0 7 0 0 1 0 -16 0 0 0 0 -41 1 0 191 -17 0 153 0 0 1 -15 0 7 0 0 0 -9 3 -25 0 -11 0 0 0 0 29 -90 0 5 2 0 0 0 0 -70 0 8 0 0 0 0 26 0 0 -6 0 0 1 -114 17 0 0 0 0 0 0 0 -11 0 -68 0 0 0 -5 0 -97 -9 0 0 0 0 0 102 0 0 0 0 0 0 0 0 2 0 0 0 0 0 7 0 -67 47 18 -2 -1 0 -12 0 118 0 0 0 0 0 -102 0 0 0 0 0 0 0
0 0 0 0 0 0 0 0 0 0 0 0 0 0 0 0 0 0 0 0 0 0 0 0 0 0 0 0 0 0 0 0 0 0 0 0 0 0 0 0 0 0 0 0 0 0 0 0 0 0 0 0 -17 131 0 0 0 0 0 0 0 0 0 0 0 0 0 6 0 0 0 0 0 0 0 6 0 0 0 0 0 0 0 0 0 0 0 0 0 0 0 0 0 0 0 0 0 -12 0 0 0 0 0 0 0 0 0 0 0 0 0 0 0 0 0 0 0 0 0 0 0 -5 0 0 0 0 0 0 0 0 0 0 0 0 0 0 0 0 4 0 0 0 0 0 0 0 0 0 0 0 0 0 0 0 0 0 0 0 0 0
0 0 0 0 0 0 0 0 0 0 0 0 0 0 0 0 0 0 0 0 0 0 0 0 0 0 0 0 0 0 0 0 0 0 0 0 0 0 0 0 0 0 0 0 0 0 0 0 0 0 0 0 0 0 252 0 0 0 0 0 0 0 0 0 0 0 0 0 0 0 0 0 0 0 0 0 0 0 0 0 0 0 0 0 0 0 0 0 0 0 0 0 0 0 0 0 0 0 0 0 0 0 0 0 0 0 0 0 0 0 0 0 0 0 0 0 0 0 0 0 0 0 0 0 0 0 0 0 0 0 0 0 0 0 0 0 0 0 0 0 0 0 0 0 0 0 0 0 0 -6 0 0 0 0 0 0 0 0 0 0
-50 0 -77 0 0 0 0 0 0 0 0 0 -25 0 0 0 0 0 0 -90 0 0 0 0 0 0 0 11 0 0 0 -6 0 0 0 0 0 -28 0 0 0 0 0 0 35 0 0 2 0 -63 0 0 153 0 0 286 0 0 -1 -23 0 11 0 0 0 -14 0 -44 0 25 0 0 0 0 0 0 0 0 0 0 0 0 0 -109 0 12 0 0 0 0 -54 0 0 0 0 0 0 -223 27 0 0 0 0 0 0 0 -17 0 143 0 0 0 0 0 204 -14 0 0 0 0 0 0 0 0 0 0 0 0 0 0 2 0 0 0 0 0 -13 0 0 72 28 0 0 0 0 0 -244 0 0 0 0 0 214 0 0 0 0 0 0 0
0 0 0 0 0 0 0 0 0 0 0 1 0 0 0 2 0 0 0 0 0 0 0 0 0 0 0 -2 0 -16 1 0 0 0 0 0 0 0 0 0 0 0 0 0 0 0 0 0 0 0 0 0 0 0 0 0 -305 87 0 7 0 5 0 0 3 0 0 0 0 0 0 1 0 0 6 16 0 -13 -4 0 0 0 0 0 -28 0 0 0 0 0 0 0 0 1 0 0 0 0 12 0 0 0 0 0 0 0 0 0 0 0 0 0 0 0 0 0 0 0 0 0 -324 22 0 0 0 0 0 0 0 0 0 0 0 -1 0 0 0 0 11 1 -7 0 0 0 0 0 0 -1 0 0 0 0 1 0 0 0 0 0 1 0
0 0 0 0 0 0 0 0 0 0 0 -5 0 0 0 0 0 0 0 0 0 0 0 0 0 0 0 18 0 0 0 0 0 0 0 0 0 0 0 0 0 0 0 0 0 0 0 0 0 0 0 0 0 0 0 0 87 -29 0 0 0 0 0 0 0 0 0 0 0 0 0 0 0 0 0 -4 0 0 0 0 0 0 0 0 0 0 0 0 0 0 0 0 0 0 0 0 0 0 0 0 0 0 0 0 0 0 0 0 1 12 0 0 0 0 0 0 0 0 0 0 -117 0 0 0 0 0 0 0 0 0 0 0 0 10 0 0 0 0 7 -2 0 0 0 0 0 0 0 9 0 0 0 0 0 0 0 0 0 0 -7 0
0 0 -11 0 0 0 0 0 0 0 0 0 0 0 0 0 0 0 0 0 0 0 0 0 0 0 0 0 0 0 0 0 19 0 0 0 0 0 0 0 0 0 0 0 6 0 0 269 0 0 0 0 1 0 0 -1 0 0 262 0 0 0 0 0 0 0 0 0 0 0 0 0 0 0 0 0 0 0 0 0 0 0 0 0 0 0 0 0 0 0 1 0 0 0 0 0 0 -1 0 0 0 0 0 0 0 0 0 0 1 0 0 0 0 0 -1 0 0 0 0 0 0 0 0 0 0 0 0 0 0 0 0 0 0 0 0 0 79 0 0 0 0 0 0 0 0 0 3 0 0 0 0 0 2 0 0 0 0 0 0 0
30 0 0 0 0 0 0 0 0 0 0 0 15 0 0 28 0 0 0 53 0 0 0 0 0 0 0 8 0 6 1 4 0 0 0 0 0 17 0 0 0 0 0 0 0 -177 0 0 0 38 0 0 -15 0 0 -23 7 0 0 517 0 43 0 0 0 0 0 5 0 0 0 14 0 0 -1 9 0 5 2 0 -1 0 0 -73 10 -6 0 0 0 0 0 0 0 9 0 0 0 23 103 0 0 0 0 0 0 0 11 0 0 -31 0 0 -9 0 0 9 0 0 0 122 0 -6 0 0 0 0 0 0 0 0 -1 0 0 0 0 0 0 0 -21 48 493 0 0 0 0 0 0 0 0 0 0 0 0 0 0 0 0 0 0 0
0 0 0 0 0 0 0 0 0 0 0 0 0 0 0 0 0 0 0 0 0 0 0 0 0 0 0 0 0 0 0 0 0 0 0 0 0 0 0 0 0 0 0 0 0 0 0 0 0 0 0 0 0 0 0 0 0 0 0 0 -18 0 0 0 0 0 0 0 0 0 0 0 0 0 0 0 0 0 0 0 0 0 0 0 0 0 0 0 0 0 0 0 0 0 0 0 0 0 0 0 0 0 0 0 0 0 0 0 0 0 0 0 0 0 0 0 0 0 0 0 0 0 0 0 0 0 0 0 0 0 0 0 0 0 0 0 0 0 0 0 0 0 0 0 0 0 0 0 0 0 0 0 0 0 0 0 0 0 0 0
-13 0 0 -83 0 -94 0 0 0 0 0 0 -7 0 0 21 0 0 0 -24 -79 0 0 0 0 0 0 -9 0 5 1 -1 0 0 0 0 0 -7 0 0 0 0 0 -58 0 0 0 0 0 -17 0 0 7 0 0 11 5 0 0 43 0 545 0 0 0 0 0 -2 0 0 0 11 0 0 -1 6 0 4 2 0 -1 0 0 6 8 4 0 0 0 0 0 0 0 7 58 -7 0 -10 -213 0 0 0 0 0 0 0 -4 0 0 -23 0 0 -7 0 0 -3 0 0 0 0 0 -5 0 0 0 0 0 -40 0 0 -26 0 0 0 0 0 0 0 -15 -63 -49 0 0 0 0 0 0 23 155 0 0 0 0 0 0 0 0 0 26 0
0 0 0 0 0 0 0 0 0 0 0 0 0 0 0 0 0 0 0 0 0 0 0 0 0 0 0 0 0 0 0 0 0 0 0 0 0 0 0 0 0 0 0 0 0 0 0 0 0 0 0 0 0 0 0 0 0 0 0 0 0 0 197 0 0 0 0 0 0 0 0 0 0 0 0 0 0 0 0 0 0 0 0 0 0 0 0 0 0 0 0 0 0 0 0 0 0 0 0 0 0 0 0 0 0 0 0 0 0 0 0 0 0 0 0 0 0 0 0 0 0 0 0 0 0 0 0 0 0 0 0 0 0 0 0 0 0 0 0 0 0 0 0 0 0 0 0 0 0 0 0 0 0 0 0 0 0 0 0 0
118 0 0 0 0 0 0 0 0 0 0 0 0 0 42 0 0 0 0 -58 0 0 29 0 0 9 0 0 0 53 0 0 0 0 0 0 0 -18 0 0 0 0 0 0 0 0 25 0 0 41 0 0 0 0 0 0 0 0 0 0 0 0 0 29 -43 0 0 0 0 0 0 0 0 0 0 0 0 -54 -48 0 0 0 0 0 0 220 0 15 0 0 0 0 0 55 0 0 0 0 0 0 0 0 0 0 0 0 -11 0 0 0 0 -41 50 32 0 0 0 0 0 0 0 0 0 0 26 0 32 0 0 0 0 128 -13 0 0 0 0 0 0 0 0 0 0 0 -50 -2 0 0 0 0 0 0 0 0 0 0 0 0 0 0
63 0 0 0 1 0 0 0 0 0 0 0 0 0 33 0 0 0 0 -30 0 0 23 0 0 -64 0 0 0 12 0 0 0 0 0 0 0 -9 0 14 0 0 34 0 0 0 -10 0 11 23 4 0 0 0 0 0 3 0 0 0 0 0 0 -43 -91 0 0 -3 0 0 0 0 0 0 10 0 0 5 -385 0 1 0 0 0 12 121 0 0 0 0 0 0 0 -59 0 0 2 0 -1 0 0 0 0 0 41 0 -5 0 0 -13 0 302 -54 4 0 0 0 0 0 0 0 -8 0 0 -186 0 4 0 0 0 0 0 0 0 0 0 0 0 -11 0 2 0 0 0 57 0 0 0 0 0 0 0 0 0 0 0 0 0 0 0
-28 0 0 0 0 0 0 0 0 0 0 0 -14 0 0 0 0 0 0 -51 0 0 0 0 0 0 0 5 0 0 0 -3 0 0 0 0 0 -15 0 0 0 0 0 0 0 0 0 0 0 -36 0 0 -9 0 0 -14 0 0 0 0 0 0 0 0 0 -598 0 3 0 0 0 0 0 0 0 0 0 0 0 0 0 0 0 -45 0 7 0 0 0 0 0 0 0 0 0 0 0 14 0 0 0 0 0 0 0 0 -9 0 0 0 0 0 0 0 0 -8 0 0 0 0 0 0 0 0 0 0 0 0 0 0 2 0 0 0 0 0 0 0 0 30 0 0 0 0 0 0 0 0 0 0 0 0 0 0 0 0 0 0 0 0
0 0 0 0 0 0 0 0 0 0 0 0 0 0 0 0 0 0 0 0 0 0 0 0 0 0 0 0 0 0 0 0 0 0 0 0 0 0 0 -33 0 0 83 0 0 0 0 0 45 0 0 0 3 0 0 0 0 0 0 0 0 0 0 0 0 0 494 8 0 0 0 0 0 0 0 0 0 0 0 0 0 0 0 0 0 0 0 0 0 0 0 0 0 0 0 0 0 0 0 0 0 0 0 0 -68 0 0 0 0 0 0 0 0 0 0 0 0 0 0 0 0 0 0 0 0 0 0 0 0 0 0 0 0 0 0 0 0 0 0 0 0 -179 -124 0 0 0 0 0 0 0 0 0 0 0 0 0 0 0 0 0
10 0 -10 0 1 0 0 0 0 0 0 0 5 0 0 0 0 0 0 18 0 0 0 0 0 0 0 -2 0 20 0 2 0 0 0 0 0 6 0 22 0 0 4 0 5 0 0 1 -3 13 4 0 -25 6 0 -44 0 0 0 5 0 -2 0 0 -3 3 8 110 0 4 0 0 0 0 97 27 0 16 6 0 0 0 0 21 0 -2 0 0 0 0 -7 0 0 -21 0 0 2 34 -4 0 0 0 0 0 -2 0 4 0 21 0 0 0 -19 0 29 3 0 0 0 0 0 -29 0 0 0 0 0 0 0 0 0 0 0 0 0 0 -1 0 20 -13 -5 -7 -4 0 -42 0 -34 0 0 0 0 0 31 0 0 0 0 0 0 0
0 0 0 0 0 0 0 0 0 0 0 0 0 0 0 0 0 0 0 0 0 0 0 0 0 0 0 0 0 0 0 0 0 0 0 0 0 0 0 0 0 0 0 0 0 0 0 0 0 0 0 0 0 0 0 0 0 0 0 0 0 0 0 0 0 0 0 0 407 0 0 0 0 0 0 0 0 0 0 0 0 0 0 0 0 0 -26 0 -81 0 0 0 0 0 0 0 0 0 0 246 0 0 0 0 0 0 0 0 0 0 0 0 0 0 0 0 0 0 0 0 0 0 0 0 0 0 0 0 0 0 0 0 0 0 0 0 0 0 0 0 0 0 0 0 0 0 0 0 0 0 0 0 0 0 0 0 0 0 0 0
0 0 0 0 0 0 0 0 0 0 0 0 0 0 0 0 0 0 0 0 0 0 0 0 0 0 0 0 0 0 0 0 0 0 0 0 0 0 0 0 0 0 0 0 0 0 0 0 0 0 0 0 -11 0 0 25 0 0 0 0 0 0 0 0 0 0 0 4 0 -133 0 0 0 0 0 0 0 0 0 0 0 0 0 0 0 0 0 0 0 0 -4 0 0 0 0 0 0 18 0 0 0 0 0 0 0 0 0 0 -12 0 0 0 0 0 17 0 0 0 0 0 0 0 0 0 0 0 0 0 0 0 0 0 0 0 0 0 0 0 0 0 0 0 0 0 0 0 61 0 0 0 0 0 -18 0 0 0 0 0 0 0
0 0 0 0 0 0 0 0 0 0 0 0 0 0 0 0 0 0 0 0 0 0 0 0 0 0 0 0 0 0 0 0 0 0 0 0 0 0 0 0 0 0 0 0 0 0 0 0 0 0 0 0 0 0 0 0 0 0 0 0 0 0 0 0 0 0 0 0 0 0 698 0 0 0 0 0 0 0 0 0 0 0 0 0 0 0 0 0 0 0 0 0 0 0 0 0 0 0 0 0 0 0 0 0 0 0 0 0 0 0 0 0 0 0 0 0 0 0 0 0 0 0 0 0 0 0 0 0 0 0 0 0 0 0 0 0 0 0 0 0 0 0 0 0 0 0 0 0 0 0 0 0 0 0 0 0 0 0 0 0
0 0 0 0 0 0 0 0 0 0 0 0 0 0 0 -188 0 0 0 0 0 0 0 0 0 0 0 0 0 1 -13 0 0 0 0 0 0 0 0 0 0 0 0 0 0 0 0 0 0 0 0 0 0 0 0 0 1 0 0 14 0 11 0 0 0 0 0 0 0 0 0 161 0 0 0 1 0 1 1 0 51 0 0 0 2 0 0 0 0 0 0 0 0 -295 0 0 0 0 26 0 0 0 0 0 0 0 0 0 0 -3 0 0 324 0 0 0 0 0 0 0 0 0 0 0 0 0 0 0 0 0 0 0 0 0 0 0 0 0 -2 0 -16 0 0 0 0 0 0 0 0 0 0 0 0 0 0 0 0 0 0 0
0 0 0 0 0 0 0 0 0 0 0 0 0 0 0 0 0 0 0 9 0 1 0 0 0 0 0 0 0 0 0 0 0 0 0 0 0 -26 0 0 0 0 0 0 0 0 0 0 0 0 0 -51 0 0 0 0 0 0 0 0 0 0 0 0 0 0 0 0 0 0 0 0 -665 0 0 0 0 0 0 0 0 0 0 0 0 0 0 0 0 5 0 0 0 0 0 0 0 0 0 0 0 0 0 0 0 0 0 0 0 0 0 0 0 0 0 0 0 0 0 0 0 0 0 0 0 0 0 0 0 0 0 0 0 0 0 0 0 0 0 0 0 0 0 -9 0 0 0 0 0 0 5 0 1 0 0 1 0 -2 0 0
0 -4 0 0 0 0 0 0 0 0 0 0 0 0 34 0 0 0 0 0 0 0 -48 0 0 0 0 0 0 0 0 208 0 0 0 0 0 0 0 0 0 0 0 0 0 0 0 0 0 -19 0 0 0 0 0 0 0 0 0 0 0 0 0 0 0 0 0 0 0 0 0 0 0 -438 0 0 0 0 0 0 0 0 0 0 0 4 0 12 0 0 0 0 0 0 0 0 0 0 0 0 0 0 0 0 0 0 0 0 0 0 300 0 0 0 0 0 0 0 0 0 0 0 0 0 0 0 0 0 0 0 0 0 0 0 0 0 0 0 0 0 0 0 0 0 0 60 0 0 0 0 0 0 0 0 0 0 -10 0 0 0
0 0 0 0 -27 0 0 0 0 0 0 0 0 0 0 0 0 0 0 0 0 0 0 0 0 0 0 0 0 -58 0 0 0 0 0 0 0 0 0 -431 0 0 0 0 0 0 0 0 -340 0 -114 0 29 0 0 0 6 0 0 -1 0 -1 0 0 10 0 0 97 0 0 0 0 0 0 272 -1 0 -48 -17 0 1 0 0 0 26 0 0 0 0 0 0 0 0 -3 0 0 -47 0 -3 0 0 0 0 0 0 0 0 0 0 -29 0 0 -3 0 0 0 0 0 0 0 0 -19 0 0 0 0 0 0 0 0 0 0 0 0 0 0 0 0 -26 0 3 0 0 0 -6 0 0 0 0 0 0 0 0 0 0 0 0 0 0 0
0 0 0 0 0 0 0 0 0 0 0 0 0 0 0 2 0 0 0 0 0 13 0 0 0 0 0 1 0 4 1 0 0 0 0 0 0 0 0 0 65 0 0 0 0 0 0 0 0 0 0 0 -90 6 0 0 16 -4 0 9 0 6 0 0 0 0 0 27 0 0 0 1 0 0 -1 -167 0 4 2 0 0 0 0 0 -165 0 0 0 0 0 0 0 0 1 0 0 0 -66 15 0 0 0 19 0 0 0 0 0 1 -156 0 0 0 0 0 0 0 0 0 0 19 251 0 0 0 0 0 0 0 -55 0 0 0 1 0 0 0 0 175 0 -9 0 0 0 0 0 0 1 0 0 0 0 0 0 0 0 0 0 0 0
0 0 0 0 0 0 0 0 0 0 0 0 0 0 0 0 0 0 0 0 0 0 0 0 0 0 0 0 0 0 0 0 0 0 0 0 0 0 0 0 0 0 0 0 0 0 0 0 0 0 0 0 0 0 0 0 0 0 0 0 0 0 0 0 0 0 0 0 0 0 0 0 0 0 0 0 711 0 0 0 0 0 0 0 0 0 0 0 0 0 0 0 0 0 0 0 0 0 0 0 0 0 0 0 0 0 0 0 0 0 0 0 0 0 0 0 0 0 0 0 0 0 0 0 0 0 0 0 0 0 0 0 0 0 0 0 0 0 0 0 0 0 0 0 0 0 0 0 0 0 0 0 0 0 0 0 0 0 0 0
0 0 0 0 -4 0 0 0 0 0 0 0 0 0 -168 1 0 0 0 0 0 0 -115 0 0 0 0 0 0 -57 1 0 0 0 0 0 0 0 0 -70 0 0 0 0 0 0 56 0 -55 -4 -18 0 5 0 0 0 -13 0 0 5 0 4 0 -54 5 0 0 16 0 0 0 1 0 0 -48 4 0 622 -7 0 0 0 0 0 -59 -24 0 0 0 0 0 0 0 0 0 0 -7 0 9 0 0 0 0 0 0 0 0 0 0 68 0 0 0 -18 0 0 0 0 0 0 0 45 0 0 0 0 -18 0 0 0 0 0 0 0 0 0 0 0 62 0 -5 0 0 0 -1 0 0 0 0 0 0 0 0 0 0 0 0 0 0 0
34 0 0 0 -1 0 0 0 0 0 0 0 0 0 -61 1 0 0 0 -16 0 0 -42 0 0 -33 0 0 0 -21 1 0 0 0 0 0 0 -5 0 -25 0 0 18 0 0 0 21 0 -20 10 -6 0 2 0 0 0 -4 0 0 2 0 2 0 -48 -385 0 0 6 0 0 0 1 0 0 -17 2 0 -7 437 0 0 0 0 0 -22 52 0 0 0 0 0 0 0 -31 0 0 -2 0 3 0 0 0 0 0 22 0 -3 0 0 25 0 159 -28 -6 0 0 0 0 0 0 0 17 0 0 -98 0 -6 0 0 0 0 0 0 0 0 0 0 0 23 0 -1 0 0 0 30 0 0 0 0 0 0 0 0 0 0 0 0 0 0 0
0 0 0 0 0 0 -11 0 293 0 0 0 0 0 0 0 0 0 0 0 0 0 0 0 0 0 0 0 0 0 0 0 0 0 0 0 0 0 0 0 0 0 0 0 0 0 0 0 0 0 0 0 0 0 0 0 0 0 0 0 0 0 0 0 0 0 0 0 0 0 0 0 0 0 0 0 0 0 0 561 0 0 0 0 0 0 0 0 0 0 0 0 0 0 0 0 0 0 0 0 0 0 0 0 0 0 0 0 0 0 0 0 0 0 0 0 0 0 0 0 0 0 0 0 0 0 0 0 0 0 0 0 0 0 0 21 0 125 0 0 0 0 0 0 0 0 0 0 0 0 0 0 0 0 0 0 0 0 0 0
0 0 0 0 0 0 0 0 0 0 0 0 0 0 0 21 0 0 0 0 0 0 0 0 0 0 0 0 0 0 -262 0 0 0 0 0 0 0 0 0 0 0 0 0 0 0 0 0 0 0 0 0 0 0 0 0 0 0 0 -1 0 -1 0 0 1 0 0 0 0 0 0 51 0 0 1 0 0 0 0 0 88 0 0 0 0 0 0 0 0 0 0 0 0 -4 0 0 0 0 -2 0 0 0 0 0 0 0 0 0 0 1 0 0 5 0 0 0 0 0 0 0 0 1 0 0 0 0 0 0 0 0 0 0 0 0 0 0 0 0 1 0 2 0 0 0 0 0 0 0 0 0 0 0 0 0 0 0 0 0 0 0
0 0 0 0 0 0 0 0 0 0 0 0 0 0 0 0 0 0 0 0 0 0 0 0 0 0 0 0 0 0 0 0 0 0 0 0 0 0 0 0 0 0 80 0 0 0 0 0 0 0 0 0 0 0 0 0 0 0 0 0 0 0 0 0 0 0 0 0 0 0 0 0 0 0 0 0 0 0 0 0 0 -398 0 0 0 0 0 0 0 0 0 0 0 0 0 0 0 0 0 0 0 0 0 0 -65 0 0 0 0 0 0 0 0 0 0 0 0 0 0 0 0 0 0 0 0 0 0 0 0 0 0 0 0 0 0 0 0 0 0 0 0 62 0 0 0 0 0 0 0 0 0 -159 0 0 0 0 0 0 0 0
0 0 0 0 0 0 0 0 0 0 0 0 0 0 0 0 0 0 0 0 0 0 0 0 0 0 0 0 0 0 0 0 0 0 0 0 0 0 0 0 0 0 0 0 0 0 0 0 0 0 0 0 0 0 0 0 0 0 0 0 0 0 0 0 0 0 0 0 0 0 0 0 0 0 0 0 0 0 0 0 0 0 -797 0 0 0 0 0 0 0 0 0 0 0 0 0 0 0 0 0 0 0 0 0 0 0 0 0 0 0 0 0 0 0 0 0 0 0 0 0 0 0 0 0 0 0 0 0 0 0 0 0 0 0 0 0 0 0 0 0 0 0 0 0 0 0 0 0 0 0 0 0 0 0 0 0 0 0 0 0
-157 0 0 -21 0 -24 0 0 0 0 0 0 -79 0 0 0 0 0 0 -280 -20 0 0 0 0 0 0 17 0 0 0 -18 0 0 0 0 0 -87 0 0 0 0 0 183 0 0 0 0 0 -198 0 0 -70 0 0 -109 0 0 0 -73 0 6 0 0 0 -45 0 21 0 0 0 0 0 0 0 0 0 0 0 0 0 0 0 270 0 37 0 1 0 0 0 0 0 0 15 -2 0 104 94 0 0 0 0 0 0 7 -53 0 0 0 0 0 0 0 0 -44 0 0 0 0 0 0 0 0 0 0 0 -10 0 0 -1 0 0 0 0 0 0 0 0 113 86 0 0 0 0 2 0 -3 -17 0 0 0 0 0 0 0 10 0 -3 0
0 0 0 0 0 0 0 0 0 0 0 0 0 0 0 3 0 0 0 0 0 35 0 0 0 0 0 0 0 -72 1 0 0 0 0 0 0 0 0 0 163 0 0 0 0 0 0 0 0 0 0 0 0 0 0 0 -28 0 0 10 0 8 0 0 12 0 0 0 0 0 0 2 0 0 26 -165 0 -59 -22 0 0 0 0 0 93 0 0 0 0 0 0 0 0 1 0 0 0 0 18 0 0 0 55 0 0 0 0 0 0 215 0 0 0 0 0 0 0 0 0 0 0 -227 0 0 0 0 0 0 0 -139 0 0 0 0 0 0 0 0 -119 0 -11 0 0 0 0 0 0 0 0 0 0 0 0 0 0 0 0 0 0 0
-252 1 0 1 -3 0 0 0 0 0 0 0 10 0 20 0 0 0 0 121 0 0 12 0 0 -18 0 -3 0 24 0 0 0 0 0 0 0 38 0 0 0 0 0 1 0 0 12 0 0 -39 0 0 8 0 0 12 0 0 0 -6 0 4 0 220 121 7 0 -2 0 0 0 0 0 4 0 0 0 -24 52 0 0 0 0 37 0 -347 0 7 0 0 0 -2 0 -115 2 0 3 -11 8 0 0 0 0 0 0 0 23 0 0 0 -2 89 -105 15 0 6 0 0 0 0 0 0 0 0 -54 0 15 0 0 0 -1 58 -6 0 0 0 0 0 0 -23 9 0 0 0 109 -1 0 0 1 0 0 0 0 0 0 0 1 0 0 0
0 0 0 0 0 0 0 0 0 0 0 0 0 0 0 0 0 0 0 0 0 0 0 0 0 0 0 0 0 0 0 0 0 0 0 0 0 0 0 0 0 0 0 0 0 0 0 0 0 0 0 0 0 0 0 0 0 0 0 0 0 0 0 0 0 0 0 0 -26 0 0 0 0 0 0 0 0 0 0 0 0 0 0 0 0 0 -260 0 154 0 0 0 0 0 0 0 0 0 0 25 0 0 0 0 0 0 0 0 0 0 0 0 0 0 0 0 0 0 0 0 0 0 0 0 0 0 0 0 0 0 0 0 0 0 0 0 0 0 0 0 0 0 0 0 0 0 0 0 0 0 0 0 0 0 0 0 0 0 0 0
0 13 0 0 0 0 0 0 0 0 0 0 0 0 0 0 0 0 0 0 0 0 2 0 0 0 0 1 0 0 0 -5 0 0 0 0 0 0 0 0 0 0 0 1 0 0 0 0 0 2 0 0 0 0 0 0 0 0 0 0 0 0 0 15 0 0 0 0 0 0 0 0 0 12 0 0 0 0 0 0 0 0 0 1 0 7 0 -39 0 0 0 0 0 0 0 0 0 0 0 0 0 0 0 0 0 2 0 0 0 0 53 0 0 -27 0 0 0 0 0 0 0 0 0 0 0 0 -26 0 0 0 0 182 -19 0 0 0 0 0 0 1 0 0 0 0 0 23 0 2 0 0 0 0 0 0 0 0 18 0 2 0
0 0 0 0 0 0 0 0 0 0 0 0 0 0 0 0 0 0 0 0 0 0 0 0 0 0 0 0 0 0 0 0 0 0 0 0 0 0 0 0 0 0 0 0 0 0 0 0 0 0 0 0 0 0 0 0 0 0 0 0 0 0 0 0 0 0 0 0 -81 0 0 0 0 0 0 0 0 0 0 0 0 0 0 0 0 0 154 0 155 0 0 0 0 0 0 0 0 0 0 75 0 0 0 0 0 0 0 0 0 0 0 0 0 0 0 0 0 0 0 0 0 0 0 0 0 0 0 0 0 0 0 0 0 0 0 0 0 0 0 0 0 0 0 0 0 0 0 0 0 0 0 0 0 0 0 0 0 0 0 0
0 0 0 0 0 0 0 -59 0 0 0 0 17 0 0 0 0 0 0 0 0 42 0 0 0 0 0 0 0 0 0 0 0 0 0 0 0 1 0 0 0 0 0 0 0 0 0 0 0 0 0 1 0 0 0 0 0 0 0 0 0 0 0 0 0 0 0 0 0 0 0 0 5 0 0 0 0 0 0 0 0 0 0 0 0 0 0 0 0 305 0 0 0 0 -3 -26 0 0 0 0 0 0 -26 0 0 0 0 0 -1 0 0 0 0 7 0 -28 0 0 0 0 0 0 0 0 0 0 -6 0 0 0 0 0 0 0 0 0 0 0 0 0 0 0 0 -216 0 0 0 0 0 0 -617 0 2 0 0 21 0 36 0 0
0 0 14 0 0 0 0 0 0 0 0 0 0 0 0 0 0 0 0 0 0 0 0 0 0 0 0 0 0 0 0 0 0 0 0 0 0 0 0 0 0 0 0 0 -6 0 0 0 0 0 0 0 26 0 0 -54 0 0 1 0 0 0 0 0 0 0 0 -7 0 -4 0 0 0 0 0 0 0 0 0 0 0 0 0 0 0 0 0 0 0 0 209 0 0 0 0 0 0 -38 0 0 0 0 0 0 0 0 0 0 27 0 0 0 0 0 266 0 0 0 0 0 0 0 0 0 0 0 0 0 0 0 0 0 0 0 0 0 3 0 0 0 0 0 0 0 0 0 44 0 0 0 0 0 40 0 0 0 0 0 0 0
0 0 0 0 0 0 0 0 0 0 0 0 0 0 242 0 0 0 0 0 0 0 -350 0 0 0 0 0 0 0 0 -118 0 0 0 0 0 0 0 0 0 0 0 0 0 0 0 0 0 11 0 0 0 0 0 0 0 0 0 0 0 0 0 0 0 0 0 0 0 0 0 0 0 0 0 0 0 0 0 0 0 0 0 0 0 -2 0 0 0 0 0 763 0 0 0 0 0 0 0 0 0 0 0 0 0 0 0 0 0 0 0 0 0 0 0 0 0 0 0 0 0 0 0 0 0 0 0 0 0 0 0 0 0 0 0 0 0 0 0 0 0 0 0 0 0 0 0 0 0 0 0 0 0 0 0 0 0 0 0 0
0 0 0 0 0 0 0 0 0 0 0 0 0 0 0 0 0 0 0 0 0 0 0 0 0 0 0 0 0 0 0 0 0 0 0 0 0 0 0 0 0 0 0 0 0 0 0 0 0 0 0 0 0 0 0 0 0 0 0 0 0 0 0 0 0 0 0 0 0 0 0 0 0 0 0 0 0 0 0 0 0 0 0 0 0 0 0 0 0 0 0 0 -69 0 0 0 0 0 0 0 0 0 0 0 0 0 0 0 0 0 0 0 0 0 0 0 0 0 0 0 0 0 0 0 0 0 0 0 0 0 0 0 0 0 0 0 0 0 0 0 0 0 0 0 0 0 0 0 0 0 0 0 0 0 0 0 0 0 0 0
-62 0 0 0 0 0 0 0 0 0 0 0 0 0 0 -119 0 0 0 32 0 0 0 0 0 65 0 0 0 0 2 0 0 0 0 0 0 10 0 0 0 0 16 0 0 0 0 0 1 -21 0 0 -6 0 0 0 1 0 0 9 0 7 0 55 -59 0 0 -21 0 0 0 -295 0 0 -3 1 0 0 -31 0 -4 0 0 0 1 -115 0 0 0 0 0 0 0 -75 0 0 0 0 16 0 0 0 0 0 19 0 6 0 0 -2 0 -301 -260 0 0 0 0 0 0 0 0 0 0 0 187 0 0 0 0 0 0 0 0 0 0 0 0 0 -1 0 -10 1 1 0 -110 0 0 0 0 0 0 0 0 0 0 0 0 0 0 0
0 0 0 231 0 0 0 0 0 0 0 -2 3 0 0 0 0 0 0 0 0 -46 0 0 0 0 0 4 0 0 0 0 0 0 0 0 0 0 0 0 0 0 0 32 0 0 0 0 0 -6 0 0 0 0 0 0 0 0 0 0 0 58 0 0 0 0 0 0 0 0 0 0 0 0 0 0 0 0 0 0 0 0 0 15 0 2 0 0 0 -3 0 0 0 0 723 -137 0 0 -23 0 0 0 31 0 0 0 0 0 -20 0 0 0 0 0 0 -10 0 0 0 0 0 0 0 0 0 0 0 0 0 0 -265 0 0 0 0 0 0 0 0 23 0 0 0 0 0 0 0 -11 37 0 -4 0 14 0 0 0 0 -14 -13 0
0 0 0 -31 0 0 0 0 0 0 0 -16 39 0 0 0 0 0 0 0 0 -339 0 0 0 0 0 0 0 0 0 1 0 0 0 0 0 0 0 0 0 0 0 -4 0 0 0 0 0 1 0 0 0 0 0 0 0 0 0 0 0 -7 0 0 0 0 0 0 0 0 0 0 0 0 0 0 0 0 0 0 0 0 0 -2 0 0 0 0 0 -26 0 0 0 0 -137 -259 0 0 4 0 0 0 219 0 0 0 0 0 -150 0 0 0 0 0 0 -68 0 0 0 0 0 0 0 0 0 0 0 0 0 0 37 0 0 0 0 0 0 0 0 -3 0 0 0 0 0 0 0 2 -5 0 -29 0 101 0 0 0 0 -105 2 0
5 0 0 0 -233 0 0 0 0 0 0 0 -4 0 0 0 0 0 0 8 0 0 0 0 0 0 0 0 0 -9 0 -1 0 0 0 0 0 3 0 -5 0 0 0 0 0 0 0 0 -4 -11 -56 0 1 0 0 0 0 0 0 0 0 0 0 0 2 0 0 2 0 0 0 0 0 0 -47 0 0 -7 -2 0 0 0 0 0 0 3 0 0 0 0 0 0 0 0 0 0 378 0 0 0 0 0 0 0 0 0 2 0 0 0 0 0 0 0 0 -2 0 0 0 0 0 0 0 0 0 0 0 0 0 0 1 0 0 0 0 0 0 0 0 0 0 0 0 0 0 0 0 0 0 0 0 0 0 0 0 0 0 0 0 0
48 0 -54 0 0 0 0 0 0 0 0 0 25 0 0 0 0 0 0 86 0 0 0 0 0 0 0 -10 0 0 0 6 0 0 0 0 0 27 0 0 0 0 0 0 25 0 0 1 0 61 0 0 -114 -12 0 -223 0 0 -1 23 0 -10 0 0 0 14 0 34 0 18 0 0 0 0 0 -66 0 0 0 0 0 0 0 104 0 -11 0 0 0 0 -38 0 0 0 0 0 0 282 -24 0 0 0 0 0 0 0 17 0 101 0 0 0 0 0 144 14 0 0 0 0 0 75 0 0 0 0 0 0 0 0 -1 0 0 0 0 0 -9 0 -49 -67 -25 0 0 0 0 0 -172 0 0 0 0 0 151 0 0 0 0 0 0 0
-33 0 1 35 0 39 0 0 0 0 0 0 -16 0 0 50 0 0 0 -59 33 0 0 0 0 0 0 -5 0 10 1 -3 0 0 0 0 0 -18 0 0 0 0 0 25 1 0 0 0 0 -41 0 0 17 0 0 27 12 0 0 103 0 -213 0 0 -1 0 0 -4 0 0 0 26 0 0 -3 15 0 9 3 0 -2 0 0 94 18 8 0 0 0 0 0 0 0 16 -23 4 0 -24 112 0 0 0 0 0 0 0 -11 0 0 -56 0 0 -17 0 0 -9 0 0 0 0 0 -12 0 0 0 0 0 17 0 0 13 0 0 0 0 0 0 0 -38 -36 -119 0 0 0 0 0 0 -9 -63 0 0 0 0 0 0 0 0 0 -10 0
0 0 0 0 0 0 0 0 0 0 0 0 0 0 0 0 0 0 0 0 0 0 0 0 0 0 0 0 0 0 0 0 0 0 0 0 0 0 0 0 0 0 0 0 0 0 0 0 0 0 0 0 0 0 0 0 0 0 0 0 0 0 0 0 0 0 0 0 246 0 0 0 0 0 0 0 0 0 0 0 0 0 0 0 0 0 25 0 75 0 0 0 0 0 0 0 0 0 0 8 0 0 0 0 0 0 0 0 0 0 0 0 0 0 0 0 0 0 0 0 0 0 0 0 0 0 0 0 0 0 0 0 0 0 0 0 0 0 0 0 0 0 0 0 0 0 0 0 0 0 0 0 0 0 0 0 0 0 0 0
0 0 0 0 0 0 0 0 0 0 0 0 0 0 0 0 0 0 0 0 0 0 0 0 0 0 0 0 0 0 0 0 0 0 0 0 0 0 0 0 0 0 0 0 0 0 0 0 0 0 0 0 0 0 0 0 0 0 0 0 0 0 0 0 0 0 0 0 0 0 0 0 0 0 0 0 0 0 0 0 0 0 0 0 0 0 0 0 0 0 0 0 0 0 0 0 0 0 0 0 -463 0 0 0 0 0 0 0 0 0 0 0 0 0 0 0 0 0 0 0 0 0 0 0 0 0 0 0 0 0 0 0 0 0 0 0 0 0 0 0 0 0 0 0 0 0 0 0 0 0 0 0 0 0 0 0 0 0 0 0
0 0 0 0 0 0 0 0 0 0 0 0 0 0 0 0 0 0 0 0 0 0 0 0 0 0 0 0 0 0 0 0 0 0 0 0 0 0 0 0 0 0 0 0 0 0 0 0 0 0 0 0 0 0 0 0 0 0 0 0 0 0 0 0 0 0 0 0 0 0 0 0 0 0 0 0 0 0 0 0 0 0 0 0 0 0 0 0 0 0 0 0 0 0 0 0 0 0 0 0 0 401 0 0 0 0 0 0 0 0 0 0 0 0 0 0 0 0 0 0 0 0 0 0 0 0 0 0 0 0 0 0 0 0 0 0 0 0 0 0 0 0 0 0 0 0 0 0 0 0 0 0 0 0 0 0 0 0 0 0
0 0 0 0 0 0 0 0 0 0 0 -16 32 0 0 0 0 0 0 0 0 90 0 0 0 0 0 0 0 0 0 0 0 0 0 0 0 0 0 0 -21 0 0 0 0 0 0 0 0 0 0 0 0 0 0 0 0 0 0 0 0 0 0 0 0 0 0 0 0 0 0 0 0 0 0 19 0 0 0 0 0 0 0 0 55 0 0 0 0 -26 0 0 0 0 31 219 0 0 0 0 0 0 311 0 0 0 0 0 -143 -12 0 0 0 0 0 -56 0 0 0 0 0 41 0 0 0 0 0 0 0 19 0 0 0 0 0 0 0 0 36 0 0 0 0 14 0 0 0 0 0 0 -30 0 96 0 0 -33 0 -84 0 0
0 0 0 0 0 0 0 0 0 0 0 0 0 0 0 0 0 0 0 0 0 0 0 0 0 0 0 -1 0 0 0 0 0 0 0 0 0 0 0 0 0 0 0 0 0 0 0 0 0 0 0 0 0 0 0 0 0 0 0 0 0 0 0 0 0 0 0 0 0 0 0 0 0 0 0 0 0 0 0 0 0 0 0 0 0 0 0 0 0 0 0 0 0 0 0 0 0 0 0 0 0 0 0 301 0 0 0 0 0 0 0 0 0 0 0 0 0 0 0 0 0 0 0 0 0 0 0 0 0 0 0 0 0 2 0 0 0 0 0 1 0 0 0 0 0 0 0 2 0 0 0 0 0 0 0 0 0 0 -1 0
0 0 0 0 0 0 0 0 0 0 0 0 0 0 0 0 0 0 0 0 0 0 0 0 0 0 0 0 69 0 0 0 0 0 0 0 0 0 0 13 0 0 153 0 0 0 0 0 -16 0 0 0 0 0 0 0 0 0 0 0 0 0 0 0 41 0 -68 -2 0 0 0 0 0 0 0 0 0 0 22 0 0 -65 0 0 0 0 0 0 0 0 0 0 0 19 0 0 0 0 0 0 0 0 0 0 -249 0 0 0 0 0 0 0 18 0 0 0 0 0 0 0 0 0 0 0 0 0 0 0 0 0 0 0 0 0 0 0 0 0 0 0 0 229 72 0 -17 0 0 0 0 0 0 -120 0 0 0 0 0 0 0 0
0 0 0 0 0 0 0 0 0 0 0 0 0 0 0 0 0 0 0 0 0 0 0 0 0 0 0 2 0 0 0 0 0 0 0 0 0 0 0 0 0 0 0 14 0 0 0 0 0 0 0 0 0 0 0 0 0 0 0 0 0 0 0 0 0 0 0 0 0 0 0 0 0 0 0 0 0 0 0 0 0 0 0 7 0 0 0 2 0 0 0 0 0 0 0 0 0 0 0 0 0 0 0 0 0 538 0 0 0 0 0 0 0 0 0 0 0 0 0 0 0 0 0 0 0 0 0 0 0 0 0 0 0 0 0 0 0 0 0 10 0 0 0 0 0 10 0 27 0 0 0 0 0 0 0 0 55 0 31 0
-6 0 0 0 -2 0 0 0 0 0 0 0 2 0 0 0 0 0 0 105 0 0 0 0 0 1 0 6 0 0 0 1 0 0 0 0 0 33 0 0 0 189 0 0 0 0 0 0 0 8 0 0 -11 0 0 -17 0 0 0 11 0 -4 0 -11 -5 -9 0 4 0 0 0 0 0 0 0 0 0 0 -3 0 0 0 0 -53 0 23 0 0 0 0 0 0 0 6 0 0 2 17 -11 0 0 0 0 0 0 0 -724 0 0 0 0 -4 6 0 0 1 0 0 0 0 0 0 0 0 3 0 0 0 0 0 0 0 0 0 0 0 0 0 0 35 -11 0 0 0 -5 0 0 0 0 0 0 0 0 0 0 0 0 0 0 237
0 0 0 0 0 0 0 0 0 0 0 0 0 0 0 0 0 0 0 0 0 0 0 0 0 0 0 0 0 0 0 0 0 0 0 0 0 0 0 0 0 0 0 0 0 0 0 0 0 0 0 0 0 0 0 0 0 0 0 0 0 0 0 0 0 0 0 0 0 0 0 0 0 0 0 0 0 0 0 0 0 0 0 0 0 0 0 0 0 0 0 0 0 0 0 0 0 0 0 0 0 0 0 0 0 0 0 -472 0 0 0 0 0 0 0 0 0 0 0 0 0 0 0 0 0 0 0 0 0 0 0 0 0 0 0 0 0 0 0 0 0 0 0 0 0 0 0 0 0 0 0 0 0 0 0 0 0 0 0 0
0 0 38 0 0 0 0 0 0 0 0 -27 -21 0 0 0 0 0 0 0 0 224 0 0 0 0 0 9 0 0 0 0 0 0 0 0 0 0 0 0 0 0 0 0 -16 0 0 0 0 0 0 0 -68 0 0 143 0 1 1 0 0 0 0 0 0 0 0 21 0 -12 0 0 0 0 0 1 0 0 0 0 0 0 0 0 0 0 0 0 0 -1 27 0 0 0 -20 -150 0 101 0 0 0 0 -143 0 0 0 0 0 -169 0 0 0 0 0 -99 40 0 0 0 0 1 0 0 0 0 0 0 0 0 0 0 0 0 5 0 0 7 0 0 -1 0 0 0 46 0 0 120 5 0 0 -2 0 336 0 0 -112 0 70 -3 0
0 0 0 0 0 0 0 0 0 0 0 1 0 0 0 -6 0 0 0 0 0 -7 0 0 0 0 0 0 0 83 0 0 0 0 0 0 0 0 0 0 -27 0 0 0 0 0 0 0 0 0 0 0 0 0 0 0 0 12 0 -31 0 -23 0 0 -13 0 0 0 0 0 0 -3 0 0 -29 -156 0 68 25 0 1 0 0 0 215 0 0 0 0 0 0 0 0 -2 0 0 0 0 -56 0 0 0 -12 0 0 0 0 0 0 -438 0 0 3 0 0 0 0 0 0 0 -43 -54 0 0 0 0 0 0 0 24 0 0 0 0 0 0 0 0 129 1 37 0 0 0 0 0 0 0 0 0 0 0 1 0 0 0 0 0 1 0
0 -17 0 0 0 0 0 0 0 0 0 0 0 0 -23 0 0 0 0 0 0 0 35 0 0 0 0 0 0 0 0 -149 0 0 0 0 0 0 0 0 0 0 0 0 0 0 0 0 0 14 0 0 0 0 0 0 0 0 0 0 0 0 0 0 0 0 0 0 0 0 0 0 0 300 0 0 0 0 0 0 0 0 0 0 0 -2 0 53 0 0 0 0 0 0 0 0 0 0 0 0 0 0 0 0 0 0 0 0 0 0 670 0 0 0 0 0 0 0 0 0 0 0 0 0 0 0 0 0 0 0 0 0 0 0 0 0 0 0 0 0 0 0 0 0 0 260 0 0 0 0 0 0 0 0 0 0 -45 0 0 0
49 0 0 0 0 0 0 0 0 0 0 0 0 0 0 0 0 0 0 -23 0 0 0 0 0 111 0 0 0 0 0 0 0 0 0 0 0 -7 0 0 0 0 0 0 0 0 0 0 0 17 0 0 0 0 0 0 0 0 0 0 0 0 0 -41 302 0 0 0 0 0 0 0 0 0 0 0 0 0 159 0 0 0 0 0 0 89 0 0 0 0 0 0 0 -301 0 0 0 0 0 0 0 0 0 0 0 0 -4 0 0 0 0 -134 -275 0 0 0 0 0 0 0 0 0 0 0 320 0 0 0 0 0 0 0 0 0 0 0 0 0 0 0 0 0 0 0 284 0 0 0 0 0 0 0 0 0 0 0 0 0 0 0
-57 0 0 0 0 0 0 0 0 0 0 0 0 0 0 131 0 0 0 29 0 0 0 0 0 59 0 0 0 -1 -1 0 0 0 0 0 0 9 0 0 0 0 15 0 0 0 0 0 1 -19 0 0 -5 0 0 0 0 0 0 -9 0 -7 0 50 -54 0 0 -19 0 0 0 324 0 0 -3 0 0 0 -28 0 5 0 0 0 0 -105 0 0 0 0 0 0 0 -260 0 0 0 0 -17 0 0 0 0 0 18 0 6 0 0 3 0 -275 -27 0 0 0 0 0 0 0 0 1 0 0 171 0 0 0 0 0 0 0 0 0 0 0 0 0 2 0 12 1 1 0 -100 0 0 0 0 0 0 0 0 0 0 0 0 0 0 0
0 0 0 0 0 0 0 -123 0 0 0 0 20 0 14 0 0 0 0 0 0 0 10 0 0 0 0 0 0 18 0 0 0 0 0 0 0 0 0 0 0 0 0 0 0 0 9 0 0 3 0 0 0 0 0 0 0 0 0 0 0 0 0 32 4 0 0 0 0 0 0 0 0 0 0 0 0 -18 -6 0 0 0 0 0 0 15 0 -27 0 7 0 0 0 0 0 0 0 0 0 0 0 0 0 0 0 0 0 0 0 0 0 0 0 -79 0 -34 0 0 0 0 0 0 0 0 0 0 118 0 0 0 0 -234 26 0 0 0 0 0 0 0 0 0 0 0 0 6 0 0 0 0 8 0 0 0 0 0 0 27 0 0
0 0 -52 0 0 0 0 0 0 0 0 0 0 0 0 0 0 0 0 0 0 0 0 0 0 0 0 0 0 0 0 0 0 0 0 0 0 0 0 0 0 0 0 0 24 0 0 1 0 0 0 0 -97 0 0 204 0 0 -1 0 0 0 0 0 0 0 0 29 0 17 0 0 0 0 0 0 0 0 0 0 0 0 0 0 0 0 0 0 0 0 266 0 0 0 0 0 0 144 0 0 0 0 0 0 0 0 0 0 -99 0 0 0 0 0 -720 0 0 0 0 0 0 0 0 0 0 0 0 0 0 0 0 0 0 0 0 0 -8 0 0 0 0 0 0 0 0 0 -165 0 0 0 0 0 -149 0 0 0 0 0 0 0
3 0 0 0 5 0 0 317 0 0 0 5 54 0 0 0 0 0 0 5 0 89 0 0 0 0 0 5 0 0 0 -2 0 0 0 0 0 2 0 0 0 0 0 0 0 0 0 0 0 -28 0 0 -9 0 0 -14 0 0 0 9 0 -3 0 0 0 -8 0 3 0 0 0 0 0 0 0 0 0 0 0 0 0 0 0 -44 0 6 0 0 0 -28 0 0 0 0 -10 -68 -2 14 -9 0 0 0 -56 0 0 0 1 0 40 0 0 0 0 -34 0 -120 0 0 0 0 0 0 0 0 0 0 36 0 0 0 3 0 0 0 0 0 0 0 0 29 -9 0 0 0 0 0 0 1 0 0 -32 0 -26 0 0 0 0 -115 1 0
0 0 0 0 0 0 0 0 0 0 0 0 0 0 0 0 0 0 0 -40 0 0 0 0 0 0 0 0 0 0 0 0 0 0 0 0 0 131 0 0 0 0 0 0 0 0 0 0 0 0 0 -73 0 0 0 0 0 0 0 0 0 0 0 0 0 0 0 0 0 0 0 0 0 0 0 0 0 0 0 0 0 0 0 0 0 0 0 0 0 0 0 0 0 0 0 0 0 0 0 0 0 0 0 0 0 0 0 0 0 0 0 0 0 0 0 0 131 0 0 0 0 0 0 0 0 0 0 0 0 0 0 0 0 0 0 0 0 0 0 0 0 0 0 0 0 0 0 0 0 0 0 0 0 0 0 0 0 0 0 0
0 0 0 0 0 0 0 0 0 0 0 0 0 0 0 0 0 0 0 0 0 0 0 0 0 0 0 0 0 0 0 0 0 0 0 0 0 0 0 0 0 0 0 0 0 0 0 0 0 0 0 0 0 0 0 0 0 0 0 0 0 0 0 0 0 0 0 0 0 0 0 0 0 0 0 0 0 0 0 0 0 0 0 0 0 0 0 0 0 0 0 0 0 0 0 0 0 0 0 0 0 0 0 0 0 0 0 0 0 0 0 0 0 0 0 0 0 -565 0 0 0 0 0 0 0 0 0 0 0 0 0 0 0 0 0 0 0 0 0 0 0 0 0 0 0 0 0 0 0 0 0 0 0 0 0 0 0 0 0 0
0 0 0 0 0 0 0 0 0 0 0 0 0 0 0 0 0 0 0 0 0 0 0 0 0 0 0 0 0 0 0 0 0 0 0 0 0 0 0 0 0 0 0 0 0 0 0 0 0 0 0 0 0 0 0 0 0 0 0 0 0 0 0 0 0 0 0 0 0 0 0 0 0 0 0 0 0 0 0 0 0 0 0 0 0 0 0 0 0 0 0 0 0 0 0 0 0 0 0 0 0 0 0 0 0 0 0 0 0 0 0 0 0 0 0 0 0 0 -494 0 0 0 0 0 0 0 0 0 0 0 0 0 0 0 0 0 0 0 0 0 0 0 0 0 0 0 0 0 0 0 0 0 0 0 0 0 0 0 0 0
0 0 0 0 0 0 0 0 0 0 0 0 0 0 0 0 0 0 0 0 0 0 0 0 0 0 0 0 0 0 0 0 0 0 0 0 0 0 0 0 0 0 0 0 0 641 0 0 0 0 0 0 0 0 0 0 0 0 0 122 0 0 0 0 0 0 0 0 0 0 0 0 0 0 0 0 0 0 0 0 0 0 0 0 0 0 0 0 0 0 0 0 0 0 0 0 0 0 0 0 0 0 0 0 0 0 0 0 0 0 0 0 0 0 0 0 0 0 0 31 0 0 0 0 0 0 0 0 0 0 0 0 0 0 0 0 0 0 0 0 104 0 0 0 0 0 0 0 0 0 0 0 0 0 0 0 0 0 0 0
0 0 0 0 0 0 0 0 0 0 0 0 0 0 0 0 0 0 0 0 0 0 0 0 0 0 0 3 0 0 0 0 0 0 0 0 0 0 0 0 0 0 0 0 0 0 0 0 0 0 0 0 0 0 0 0 -324 -117 0 0 0 0 0 0 0 0 0 0 0 0 0 0 0 0 0 19 0 0 0 0 0 0 0 0 0 0 0 0 0 0 0 0 0 0 0 0 0 0 0 0 0 0 0 0 0 0 0 0 1 -43 0 0 0 0 0 0 0 0 0 0 -111 0 0 0 0 0 0 0 0 0 0 0 0 2 0 0 0 0 -24 0 0 0 0 0 0 0 0 2 0 0 0 0 0 0 0 0 0 0 -1 0
0 0 0 0 0 0 0 0 0 0 0 0 0 0 0 -1 0 0 0 0 0 27 0 0 0 0 0 0 0 54 0 0 0 0 0 0 0 0 0 0 122 0 0 0 0 0 0 0 0 0 0 0 102 -5 0 0 22 0 0 -6 0 -5 0 0 -8 0 0 -29 0 0 0 0 0 0 -19 251 0 45 17 0 1 0 0 0 -227 0 0 0 0 0 0 0 0 0 0 0 0 75 -12 0 0 0 41 0 0 0 0 0 0 -54 0 0 1 0 0 0 0 0 0 0 0 -93 0 0 0 0 0 0 0 -104 0 0 0 0 0 0 0 0 1 0 9 0 0 0 0 0 0 0 0 0 0 0 0 0 0 0 0 0 0 0
0 0 0 0 0 0 0 0 0 0 0 0 0 0 0 0 0 0 0 0 0 0 0 0 0 0 0 0 0 0 0 0 0 0 0 0 0 0 0 0 0 0 0 0 0 0 0 0 0 0 0 0 0 0 0 0 0 0 0 0 0 0 0 0 0 0 0 0 0 0 0 0 0 0 0 0 0 0 0 0 0 0 0 0 0 0 0 0 0 0 0 0 0 0 0 0 0 0 0 0 0 0 0 0 0 0 0 0 0 0 0 0 0 0 0 0 0 0 0 0 0 0 504 0 0 0 0 0 0 0 0 0 0 0 0 0 0 0 0 0 0 0 0 0 0 0 0 0 0 0 0 0 0 0 0 0 0 0 0 0
0 0 0 0 0 0 0 0 0 0 0 0 0 0 0 0 0 0 0 0 0 0 0 0 0 0 0 0 0 0 0 0 0 0 0 0 0 0 0 0 0 0 0 0 0 0 0 0 0 0 0 0 0 0 0 0 0 0 0 0 0 0 0 0 0 0 0 0 0 0 0 0 0 0 0 0 0 0 0 0 0 0 0 0 0 0 0 0 0 0 0 0 0 0 0 0 0 0 0 0 0 0 0 0 0 0 0 0 0 0 0 0 0 0 0 0 0 0 0 0 0 0 0 -464 0 0 0 0 0 0 0 0 0 0 0 0 0 0 0 0 0 0 0 0 0 0 0 0 0 0 0 0 0 0 0 0 0 0 0 0
-29 0 0 0 0 0 0 0 0 0 0 0 0 0 0 0 0 0 0 15 0 0 0 0 0 -53 0 0 0 0 0 0 0 0 0 0 0 5 0 0 0 0 0 0 0 0 0 0 0 -10 0 0 0 0 0 0 0 0 0 0 0 0 0 26 -186 0 0 0 0 0 0 0 0 0 0 0 0 0 -98 0 0 0 0 0 0 -54 0 0 0 0 0 0 0 187 0 0 0 0 0 0 0 0 0 0 0 0 3 0 0 0 0 320 171 0 0 0 0 0 0 0 0 0 0 0 180 0 0 0 0 0 0 0 0 0 0 0 0 0 0 0 0 0 0 0 -175 0 0 0 0 0 0 0 0 0 0 0 0 0 0 0
0 0 0 0 0 0 0 0 0 0 0 0 0 0 0 0 0 0 0 0 0 0 0 0 0 0 0 0 0 0 0 0 0 0 0 0 0 0 0 0 0 0 0 0 0 0 0 0 0 0 0 0 0 0 0 0 0 0 0 0 0 0 0 0 0 0 0 0 0 0 0 0 0 0 0 0 0 0 0 0 0 0 0 0 0 0 0 0 0 0 0 0 0 0 0 0 0 0 0 0 0 0 0 0 0 0 0 0 0 0 0 0 0 0 0 0 0 0 0 0 0 0 0 0 0 298 0 0 0 0 0 0 0 0 0 0 0 0 0 0 0 0 0 0 0 0 0 0 0 0 0 0 0 0 0 0 0 0 0 0
0 0 0 0 0 0 0 125 0 0 0 0 -19 0 14 0 0 0 0 0 0 0 10 0 0 0 0 0 0 18 0 0 0 0 0 0 0 0 0 0 0 0 0 0 0 0 9 0 0 3 0 0 0 0 0 0 0 0 0 0 0 0 0 32 4 0 0 0 0 0 0 0 0 0 0 0 0 -18 -6 0 0 0 0 0 0 15 0 -26 0 -6 0 0 0 0 0 0 0 0 0 0 0 0 0 0 0 0 0 0 0 0 0 0 0 118 0 36 0 0 0 0 0 0 0 0 0 0 -82 0 0 0 0 -231 25 0 0 0 0 0 0 0 0 0 0 0 0 6 0 0 0 0 -7 0 0 0 0 0 0 -26 0 0
0 0 1 22 0 293 0 0 0 0 0 0 0 0 0 0 0 0 0 0 -276 0 0 0 0 0 0 -2 0 0 0 0 0 0 0 0 0 0 0 0 0 0 0 -21 1 0 0 0 0 0 0 0 0 0 0 0 0 0 0 0 0 -40 0 0 0 0 0 0 0 0 0 0 0 0 0 0 0 0 0 0 0 0 0 -10 0 0 0 0 0 0 0 0 0 0 0 0 0 0 17 0 0 0 0 0 0 0 0 0 0 0 0 0 0 0 0 0 0 0 0 0 0 0 0 0 0 0 0 316 0 0 0 0 0 0 0 0 0 0 0 -15 0 0 0 0 0 0 0 9 -25 0 0 0 0 0 0 0 0 0 10 0
0 0 0 0 0 0 0 0 0 0 0 0 0 0 0 0 0 4 0 0 0 0 0 0 18 0 0 0 0 0 0 0 0 0 0 0 0 0 0 0 0 0 0 0 0 0 0 0 0 0 0 0 0 0 0 0 0 0 0 0 0 0 0 0 0 0 0 0 0 0 0 0 0 0 0 0 0 0 0 0 0 0 0 0 0 0 0 0 0 0 0 0 0 0 0 0 0 0 0 0 0 0 0 0 0 0 0 0 0 0 0 0 0 0 0 0 0 0 0 0 0 0 0 0 0 0 0 0 787 0 0 0 0 0 0 0 0 0 0 0 0 0 0 0 0 0 0 0 0 0 0 0 0 0 0 0 0 0 0 0
0 0 0 0 0 0 0 0 0 0 0 0 0 0 0 0 0 0 0 0 0 12 0 0 0 0 0 0 0 0 0 0 0 0 0 0 0 0 0 0 -666 0 0 0 0 0 0 0 0 0 0 0 0 0 0 0 0 0 0 0 0 0 0 0 0 0 0 0 0 0 0 0 0 0 0 -55 0 0 0 0 0 0 0 0 -139 0 0 0 0 0 0 0 0 0 0 0 0 0 0 0 0 0 19 0 0 0 0 0 0 24 0 0 0 0 0 0 0 0 0 0 0 -104 0 0 0 0 0 0 0 -269 0 0 0 0 0 0 0 0 -82 0 0 0 0 0 0 0 0 0 0 0 0 0 0 0 0 0 0 0 0 0
0 0 0 -108 0 0 0 0 0 0 0 0 5 0 0 0 0 0 0 0 0 0 0 0 0 0 0 -2 0 0 0 2 0 0 0 0 0 0 0 0 0 0 0 -14 0 0 0 0 0 11 0 0 2 0 0 2 0 0 0 -1 0 -26 0 0 0 2 0 0 0 0 0 0 0 0 0 0 0 0 0 0 0 0 0 -1 0 -1 0 0 0 0 0 0 0 0 -265 37 1 -1 13 0 0 0 0 0 0 0 0 0 0 0 0 0 0 0 0 3 0 0 0 0 0 0 0 0 0 0 0 0 0 0 291 0 0 0 0 0 0 0 0 -14 2 0 0 0 0 0 0 6 -17 0 0 0 0 0 0 0 0 0 7 0
0 0 0 0 0 0 0 0 0 0 0 0 0 0 0 0 0 0 0 0 0 0 0 0 0 0 0 0 0 0 0 0 0 0 0 0 0 0 0 0 0 0 0 0 0 0 0 0 0 11 0 0 0 0 0 0 0 0 0 0 0 0 0 128 0 0 0 0 0 0 0 0 0 0 0 0 0 0 0 0 0 0 0 0 0 58 0 182 0 0 0 0 0 0 0 0 0 0 0 0 0 0 0 0 0 0 0 0 0 0 0 0 0 -234 0 0 0 0 0 0 0 0 0 0 0 0 -231 0 0 0 0 383 -65 0 0 0 0 0 0 0 0 0 0 0 0 -36 0 0 0 0 0 0 0 0 0 0 0 0 0 0
0 0 0 0 0 0 0 0 0 0 0 0 0 0 0 0 0 0 0 0 0 0 0 0 0 0 0 0 0 0 0 0 0 0 0 0 0 0 0 0 0 0 0 0 0 0 0 0 0 -1 0 0 0 0 0 0 0 0 0 0 0 0 0 -13 0 0 0 0 0 0 0 0 0 0 0 0 0 0 0 0 0 0 0 0 0 -6 0 -19 0 0 0 0 0 0 0 0 0 0 0 0 0 0 0 0 0 0 0 0 0 0 0 0 0 26 0 0 0 0 0 0 0 0 0 0 0 0 25 0 0 0 0 -65 617 0 0 0 0 0 0 0 0 0 0 0 0 4 0 0 0 0 0 0 0 0 0 0 0 0 0 0
0 0 0 0 0 0 0 0 0 0 0 -62 0 0 0 0 0 0 0 0 0 0 0 0 0 0 0 117 0 0 0 0 0 0 0 0 0 0 0 0 0 0 0 0 0 0 0 0 0 0 0 0 0 0 0 0 -1 10 0 0 0 0 0 0 0 0 0 0 0 0 0 0 0 0 0 1 0 0 0 0 0 0 0 0 0 0 0 0 0 0 0 0 0 0 0 0 0 0 0 0 0 0 0 2 0 0 0 0 5 0 0 0 0 0 0 0 0 0 0 0 2 0 0 0 0 0 0 0 0 0 0 0 0 -423 0 0 0 0 0 -17 0 0 0 0 0 0 0 508 0 0 0 0 -3 0 0 0 0 0 -445 0
0 0 0 0 0 0 0 0 0 0 0 0 0 0 0 0 0 0 0 0 0 0 0 0 0 0 0 0 0 0 0 0 0 0 0 0 0 0 0 0 0 0 0 0 0 0 0 0 0 0 0 0 0 0 0 0 0 0 0 0 0 0 0 0 0 0 0 0 0 0 0 0 0 0 0 0 0 0 0 0 0 0 0 0 0 0 0 0 0 0 0 0 0 0 0 0 0 0 0 0 0 0 0 0 0 0 0 0 0 0 0 0 0 0 0 0 0 0 0 0 0 0 0 0 0 0 0 0 0 0 0 0 0 0 -327 0 0 0 0 0 0 0 0 0 0 0 0 0 0 0 0 0 0 0 0 0 0 0 0 0
0 0 0 0 0 0 -259 0 11 0 0 0 0 0 0 0 23 0 0 0 0 0 0 0 0 0 0 0 0 0 0 0 0 0 0 0 0 0 0 0 0 0 0 0 0 0 0 0 0 0 0 0 0 0 0 0 0 0 0 0 0 0 0 0 0 0 0 0 0 0 0 0 0 0 0 0 0 0 0 21 0 0 0 0 0 0 0 0 0 0 0 0 0 0 0 0 0 0 0 0 0 0 0 0 0 0 0 0 0 0 0 0 0 0 0 0 0 0 0 0 0 0 0 0 0 0 0 0 0 0 0 0 0 0 0 580 0 0 0 0 0 0 0 0 0 0 0 0 0 0 0 0 0 0 0 0 0 0 0 0
0 0 -90 0 0 0 0 0 0 0 0 0 0 0 0 0 0 0 0 0 0 0 0 0 0 0 0 0 0 0 0 0 0 0 0 0 0 0 0 0 0 0 0 0 40 0 0 -46 0 0 0 0 7 0 0 -13 0 0 79 0 0 0 0 0 0 0 0 -1 0 0 0 0 0 0 0 0 0 0 0 0 0 0 0 0 0 0 0 0 0 0 3 0 0 0 0 0 0 -9 0 0 0 0 0 0 0 0 0 0 7 0 0 0 0 0 -8 0 0 0 0 0 0 0 0 0 0 0 0 0 0 0 0 0 0 0 0 0 681 0 0 0 0 0 0 0 0 0 17 0 0 0 0 0 10 0 0 0 0 0 0 0
0 0 0 0 0 0 0 0 -247 0 0 0 0 0 0 0 0 0 0 0 0 0 0 0 0 0 0 0 0 0 0 0 0 0 0 0 0 0 0 0 0 0 0 0 0 0 0 0 0 0 0 0 0 0 0 0 0 0 0 0 0 0 0 0 0 0 0 0 0 0 0 0 0 0 0 0 0 0 0 125 0 0 0 0 0 0 0 0 0 0 0 0 0 0 0 0 0 0 0 0 0 0 0 0 0 0 0 0 0 0 0 0 0 0 0 0 0 0 0 0 0 0 0 0 0 0 0 0 0 0 0 0 0 0 0 0 0 -45 0 0 0 0 0 0 0 0 0 0 0 0 0 0 0 0 0 0 0 0 0 0
0 0 0 0 0 0 0 0 0 0 0 1 0 0 0 -4 0 0 0 0 0 24 0 0 0 0 0 0 0 76 0 0 0 0 0 0 0 0 0 0 97 0 0 0 0 0 0 0 0 0 0 0 -67 4 0 0 11 7 0 -21 0 -15 0 0 -11 0 0 20 0 0 0 -2 0 0 -26 175 0 62 23 0 1 0 0 0 -119 0 0 0 0 0 0 0 0 -1 0 0 0 -49 -38 0 0 0 36 0 0 0 0 0 0 129 0 0 2 0 0 0 0 0 0 0 -24 1 0 0 0 0 0 0 0 -82 0 0 0 0 0 0 0 0 -550 1 25 0 0 0 0 0 0 0 0 0 0 0 1 0 0 0 0 0 1 0
103 0 0 -32 0 -36 0 0 0 0 0 18 52 0 0 0 0 0 0 184 -30 0 0 0 0 0 0 -15 0 0 0 13 0 0 0 0 0 58 0 0 0 0 0 273 0 0 0 0 0 130 0 0 47 0 0 72 1 -2 0 48 0 -63 0 0 0 30 0 -13 0 0 0 0 0 0 0 0 0 0 0 0 0 0 0 113 0 -23 0 1 0 0 0 0 0 0 23 -3 0 -67 -36 0 0 0 0 1 0 10 35 0 -1 1 0 0 0 0 0 29 0 0 0 0 0 0 0 0 0 0 0 -15 0 0 -14 0 0 -17 0 0 0 0 1 369 -55 0 0 0 0 3 0 -21 -26 0 0 0 1 0 0 0 15 0 9 0
-34 0 0 0 0 0 0 0 0 0 0 0 -17 0 0 -31 0 0 0 -61 0 0 0 0 0 0 0 -8 0 -6 0 -4 0 0 0 0 0 -19 0 0 0 0 0 0 0 -152 0 0 0 -43 0 0 18 0 0 28 -7 0 0 493 0 -49 0 0 2 0 0 -5 0 0 0 -16 0 0 3 -9 0 -5 -1 0 2 0 0 86 -11 9 0 0 0 0 0 0 0 -10 0 0 0 -25 -119 0 0 0 0 0 0 0 -11 0 0 37 0 0 12 0 0 -9 0 0 0 104 0 9 0 0 0 0 0 0 0 0 2 0 0 0 0 0 0 0 25 -55 364 0 0 0 0 0 0 0 0 0 0 0 0 0 0 0 0 0 0 0
0 0 0 0 0 0 0 0 0 0 0 0 0 0 0 0 0 0 0 0 0 0 0 0 0 0 0 0 178 0 0 0 0 0 0 0 0 0 0 32 0 0 -274 0 0 0 0 0 -42 0 0 0 -2 0 0 0 0 0 0 0 0 0 0 0 0 0 -179 -7 0 0 0 0 0 0 0 0 0 0 0 0 0 62 0 0 0 0 0 0 0 0 0 0 0 1 0 0 0 0 0 0 0 0 0 0 229 0 0 0 0 0 0 0 1 0 0 0 0 0 0 0 0 0 0 0 0 0 0 0 0 0 0 0 0 0 0 0 0 0 0 0 0 -52 185 0 1 0 0 0 0 0 0 114 0 0 0 0 0 0 0 0
0 0 0 0 0 0 0 0 0 0 0 0 0 0 0 0 0 0 0 0 0 0 0 0 0 0 0 0 -346 0 0 0 0 0 0 0 0 0 0 23 0 0 -85 0 0 0 0 0 -29 0 0 0 -1 0 0 0 0 0 0 0 0 0 0 0 0 0 -124 -4 0 0 0 0 0 0 0 0 0 0 0 0 0 0 0 0 0 0 0 0 0 0 0 0 0 1 0 0 0 0 0 0 0 0 0 0 72 0 0 0 0 0 0 0 1 0 0 0 0 0 0 0 0 0 0 0 0 0 0 0 0 0 0 0 0 0 0 0 0 0 0 0 0 185 -70 0 1 0 0 0 0 0 0 0 0 0 0 0 0 0 0 0
0 0 0 0 0 0 0 0 0 0 0 6 0 0 0 0 0 0 0 0 0 -20 0 0 0 0 0 0 0 0 0 0 0 0 0 0 0 0 0 0 0 0 0 0 0 0 0 0 0 0 0 0 0 0 0 0 0 0 0 0 0 0 0 0 0 0 0 0 0 0 0 0 -9 0 0 0 0 0 0 0 0 0 0 0 0 0 0 0 0 -216 0 0 0 0 0 0 0 0 0 0 0 0 14 0 0 0 0 0 46 0 0 0 0 0 0 0 0 0 0 0 0 0 0 0 0 0 0 0 0 0 0 0 0 0 0 0 0 0 0 0 0 0 0 166 0 0 0 0 0 0 -245 0 -30 0 0 -55 0 124 0 0
59 0 0 0 0 0 0 0 0 0 0 0 0 0 0 0 0 0 0 -29 0 0 0 0 0 -60 0 0 0 -1 0 0 0 0 0 0 0 -9 0 -1 0 0 -15 0 0 0 0 0 1 21 0 0 -12 0 0 0 0 0 0 0 0 0 0 -50 57 0 0 -42 0 0 0 0 0 0 -6 0 0 -1 30 0 0 0 0 0 0 109 0 0 0 0 0 0 0 -110 0 0 0 0 0 0 0 0 0 0 -17 0 -5 0 0 0 0 284 -100 0 0 0 0 0 0 0 0 0 0 0 -175 0 0 0 0 0 0 0 0 0 0 0 0 0 0 0 0 1 1 0 -424 0 0 0 0 0 0 0 0 0 0 0 0 0 0 0
0 61 0 0 0 0 0 0 0 0 0 0 0 0 -4 0 0 0 0 0 0 0 7 0 0 0 0 1 0 0 0 -29 0 0 0 0 0 0 0 0 0 0 0 4 0 0 0 0 0 3 0 0 0 0 0 0 0 0 0 0 0 0 0 -2 0 0 0 0 0 0 0 0 0 60 0 0 0 0 0 0 0 0 0 2 0 -1 0 23 0 0 0 0 0 0 0 0 0 0 0 0 0 0 0 0 0 10 0 0 0 0 260 0 0 6 0 0 0 0 0 0 0 0 0 0 0 0 6 0 0 0 0 -36 4 0 0 0 0 0 0 3 0 0 0 0 0 68 0 7 0 0 0 0 0 0 0 0 87 0 8 0
0 0 96 0 0 0 0 0 0 0 0 0 0 0 0 0 0 0 0 0 0 0 0 0 0 0 0 0 0 0 0 0 0 0 0 0 0 0 0 0 0 0 0 0 -42 0 0 -1 0 0 0 0 118 0 0 -244 0 0 3 0 0 0 0 0 0 0 0 -34 0 61 0 0 0 0 0 0 0 0 0 0 0 0 0 0 0 0 0 0 0 0 44 0 0 0 0 0 0 -172 0 0 0 0 0 0 0 0 0 0 120 0 0 0 0 0 -165 0 0 0 0 0 0 0 0 0 0 0 0 0 0 0 0 0 0 0 0 0 17 0 0 0 0 0 0 0 0 0 -323 0 0 0 0 0 180 0 0 0 0 0 0 0
0 0 1 18 0 20 0 0 0 0 0 -59 1 0 0 0 0 0 0 0 17 0 0 0 0 0 0 109 0 0 0 1 0 0 0 0 0 0 0 0 0 0 0 -6 1 0 0 0 0 1 0 0 0 0 0 0 -1 9 0 0 0 23 0 0 0 0 0 0 0 0 0 0 0 0 0 1 0 0 0 0 0 0 0 -3 0 0 0 2 0 0 0 0 0 0 -11 2 0 0 -9 0 0 0 0 2 0 27 0 0 5 0 0 0 0 0 0 1 0 0 0 0 2 0 0 0 0 0 0 9 0 0 6 0 0 508 0 0 0 0 0 -21 0 0 0 0 0 7 0 281 15 0 0 0 -3 0 0 0 41 0 458 0
0 0 0 -53 0 -60 0 0 0 0 0 0 0 0 0 0 0 0 0 0 -50 0 0 0 0 0 0 -4 0 0 0 0 0 0 0 0 0 0 0 0 0 0 0 -37 0 0 0 0 0 0 0 0 0 0 0 0 0 0 0 0 0 155 0 0 0 0 0 0 0 0 0 0 0 0 0 0 0 0 0 0 0 0 0 -17 0 1 0 0 0 0 0 0 0 0 37 -5 0 0 -63 0 0 0 0 0 0 0 0 0 0 0 0 0 0 0 0 0 0 0 0 0 0 0 0 0 0 0 0 -25 0 0 -17 0 0 0 0 0 0 0 0 -26 0 0 0 0 0 0 0 15 447 0 0 0 0 0 0 0 0 0 17 0
0 0 0 0 0 0 0 0 0 0 0 0 0 0 0 0 0 0 0 0 0 0 0 0 0 0 0 0 0 0 0 0 0 0 0 0 0 0 0 0 0 0 0 0 0 0 0 0 0 0 0 0 0 0 -6 0 0 0 0 0 0 0 0 0 0 0 0 0 0 0 0 0 0 0 0 0 0 0 0 0 0 0 0 0 0 0 0 0 0 0 0 0 0 0 0 0 0 0 0 0 0 0 0 0 0 0 0 0 0 0 0 0 0 0 0 0 0 0 0 0 0 0 0 0 0 0 0 0 0 0 0 0 0 0 0 0 0 0 0 0 0 0 0 0 0 0 0 0 0 303 0 0 0 0 0 0 0 0 0 0
0 0 0 0 0 0 0 -67 0 0 0 0 19 0 0 0 0 0 0 0 0 47 0 0 0 0 0 0 0 0 0 0 0 0 0 0 0 1 0 0 0 0 0 0 0 0 0 0 0 0 0 1 0 0 0 0 0 0 0 0 0 0 0 0 0 0 0 0 0 0 0 0 5 0 0 0 0 0 0 0 0 0 0 0 0 0 0 0 0 -617 0 0 0 0 -4 -29 0 0 0 0 0 0 -30 0 0 0 0 0 -2 0 0 0 0 8 0 -32 0 0 0 0 0 0 0 0 0 0 -7 0 0 0 0 0 0 0 0 0 0 0 0 0 0 0 0 -245 0 0 0 0 0 0 148 0 2 0 0 24 0 41 0 0
0 0 0 0 0 0 0 0 0 0 0 0 0 0 0 0 0 0 0 0 0 0 0 0 0 0 0 0 0 0 0 0 0 0 0 0 0 0 0 0 0 0 146 0 0 0 0 0 0 0 0 0 0 0 0 0 0 0 0 0 0 0 0 0 0 0 0 0 0 0 0 0 0 0 0 0 0 0 0 0 0 -159 0 0 0 0 0 0 0 0 0 0 0 0 0 0 0 0 0 0 0 0 0 0 -120 0 0 0 0 0 0 0 0 0 0 0 0 0 0 0 0 0 0 0 0 0 0 0 0 0 0 0 0 0 0 0 0 0 0 0 0 114 0 0 0 0 0 0 0 0 0 -604 0 0 0 0 0 0 0 0
0 0 57 0 0 0 0 0 0 0 0 19 15 0 0 0 0 0 0 0 0 -148 0 0 0 0 0 -5 0 0 0 0 0 0 0 0 0 0 0 0 0 0 0 0 -25 0 0 0 0 0 0 0 -102 0 0 214 1 0 2 0 0 0 0 0 0 0 0 31 0 -18 0 0 1 0 0 0 0 0 0 0 0 0 0 0 0 0 0 0 0 2 40 0 0 0 14 101 0 151 0 0 0 0 96 0 0 0 0 0 336 1 0 0 0 0 -149 -26 0 0 0 0 0 0 0 0 0 0 0 0 0 0 0 0 0 -3 0 0 10 0 1 1 0 0 0 -30 0 0 180 -3 0 0 2 0 111 0 0 75 0 -46 3 0
0 0 0 0 0 0 0 0 0 0 0 0 0 0 0 0 0 0 0 0 0 0 0 0 0 0 0 0 0 0 0 0 0 0 0 0 0 0 0 0 0 0 0 0 0 0 0 0 0 0 0 0 0 0 0 0 0 0 0 0 0 0 0 0 0 0 0 0 0 0 0 0 0 0 0 0 0 0 0 0 0 0 0 0 0 0 0 0 0 0 0 0 0 0 0 0 0 0 0 0 0 0 0 0 0 0 0 0 0 0 0 0 0 0 0 0 0 0 0 0 0 0 0 0 0 0 0 0 0 0 0 0 0 0 0 0 0 0 0 0 0 0 0 0 0 0 0 0 0 0 0 0 0 -873 0 0 0 0 0 0
0 0 0 0 0 0 0 0 0 0 0 0 0 0 0 0 0 0 0 0 0 0 0 0 0 0 0 0 0 0 0 0 0 0 0 0 0 0 0 0 0 0 0 0 0 0 0 0 0 0 0 0 0 0 0 0 0 0 0 0 0 0 0 0 0 0 0 0 0 0 0 0 0 0 0 0 0 0 0 0 0 0 0 0 0 0 0 0 0 0 0 0 0 0 0 0 0 0 0 0 0 0 0 0 0 0 0 0 0 0 0 0 0 0 0 0 0 0 0 0 0 0 0 0 0 0 0 0 0 0 0 0 0 0 0 0 0 0 0 0 0 0 0 0 0 0 0 0 0 0 0 0 0 0 33 0 0 0 0 0
0 0 0 0 0 0 0 0 0 0 0 -12 0 0 0 0 0 0 0 0 0 52 0 0 0 0 0 0 0 0 0 0 0 0 0 0 0 0 0 0 0 0 0 0 0 0 0 0 0 0 0 0 0 0 0 0 0 0 0 0 0 0 0 0 0 0 0 0 0 0 0 0 1 0 0 0 0 0 0 0 0 0 0 0 0 0 0 0 0 21 0 0 0 0 0 0 0 0 0 0 0 0 -33 0 0 0 0 0 -112 0 0 0 0 0 0 0 0 0 0 0 0 0 0 0 0 0 0 0 0 0 0 0 0 0 0 0 0 0 0 0 0 0 0 -55 0 0 0 0 0 0 24 0 75 0 0 -559 0 -11 0 0
0 -10 0 0 0 0 0 0 0 0 0 0 0 0 1 0 0 0 0 0 0 0 -1 0 0 0 0 3 0 0 0 6 0 0 0 0 0 0 0 0 0 0 0 21 0 0 0 0 0 0 0 0 0 0 0 0 0 0 0 0 0 0 0 0 0 0 0 0 0 0 0 0 0 -10 0 0 0 0 0 0 0 0 0 10 0 1 0 18 0 0 0 0 0 0 0 0 0 0 0 0 0 0 0 0 0 55 0 0 0 0 -45 0 0 0 0 0 0 0 0 0 0 0 0 0 0 0 0 0 0 0 0 0 0 0 0 0 0 0 0 15 0 0 0 0 0 87 0 41 0 0 0 0 0 0 0 0 572 0 47 0
0 0 0 0 0 0 0 -237 0 0 0 8 65 0 0 0 0 0 0 1 0 131 0 0 0 0 0 0 0 0 0 0 0 0 0 0 0 0 0 0 0 0 0 0 0 0 0 0 0 0 0 0 0 0 0 0 0 0 0 0 0 0 0 0 0 0 0 0 0 0 0 0 -2 0 0 0 0 0 0 0 0 0 0 0 0 0 0 0 0 36 0 0 0 0 -14 -105 0 0 0 0 0 0 -84 0 0 0 0 0 70 0 0 0 0 27 0 -115 0 0 0 0 0 0 0 0 0 0 -26 0 0 0 0 0 0 0 0 0 0 0 0 0 0 0 0 124 0 0 0 0 0 0 41 0 -46 0 0 -11 0 -273 0 0
0 0 1 20 0 23 0 0 0 0 0 52 1 0 0 0 0 0 0 0 19 0 0 0 0 0 0 -96 0 0 0 1 0 0 0 0 0 0 0 0 0 0 0 -7 1 0 0 0 0 1 0 0 0 0 0 0 1 -7 0 0 0 26 0 0 0 0 0 0 0 0 0 0 0 0 0 0 0 0 0 0 0 0 0 -3 0 0 0 2 0 0 0 0 0 0 -13 2 0 0 -10 0 0 0 0 -1 0 31 0 0 -3 1 0 0 0 0 0 1 0 0 0 0 -1 0 0 0 0 0 0 10 0 0 7 0 0 -445 0 0 0 0 1 9 0 0 0 0 0 8 0 458 17 0 0 0 3 0 0 0 47 0 400 0
0 0 0 0 0 0 0 0 0 0 0 0 0 0 0 0 0 0 0 -40 0 0 0 0 0 0 0 0 0 0 0 0 0 0 0 0 0 -12 0 0 0 369 0 0 0 0 0 0 0 0 0 0 0 0 0 0 0 0 0 0 0 0 0 0 0 0 0 0 0 0 0 0 0 0 0 0 0 0 0 0 0 0 0 0 0 0 0 0 0 0 0 0 0 0 0 0 0 0 0 0 0 0 0 0 0 0 237 0 0 0 0 0 0 0 0 0 0 0 0 0 0 0 0 0 0 0 0 0 0 0 0 0 0 0 0 0 0 0 0 0 0 0 0 0 0 0 0 0 0 0 0 0 0 0 0 0 0 0 0 -353

