Q_obj 
-761 0 0 0 0 0 0 0 0 0 0 0 0 0 0 0 0 0 0 0 0 0 0 0 0 0 0 0 0 0 0 0 0 0 0 0 0 0 0 0 0 -7 0 -430 0 0 1 0 0 0 0 0 0 0 0 0 0 0 0 0 0 0 0 0 0 0 0 0 0 0 0 0 0 0 0 0 0 0 0 0 0 6 0 0 0 0 0 0 2 0 0 0 0 0 0 0 0 0 0 0 0 0 0 0 0 0 0 0 0 0
0 1000 0 0 0 0 0 0 0 0 0 0 0 0 0 0 0 0 0 0 0 0 0 0 0 0 0 0 0 0 0 0 0 0 0 0 0 0 0 0 0 0 0 0 0 0 0 0 0 0 0 0 0 0 0 0 0 0 0 0 0 0 0 0 0 0 0 0 0 0 0 0 0 0 0 0 0 0 0 0 0 0 0 0 0 0 0 0 0 0 0 0 0 0 0 0 0 0 0 0 0 0 0 0 0 0 0 0 0 0
0 0 -52 0 0 0 0 0 0 0 0 0 0 0 0 0 0 0 0 0 0 0 0 0 0 0 0 0 0 0 0 0 0 0 0 0 0 0 0 0 0 0 0 0 0 0 0 0 0 0 0 0 0 0 0 0 0 0 0 0 0 0 0 0 0 0 0 0 0 0 0 0 0 0 0 0 0 0 0 0 0 0 0 0 0 0 0 0 0 0 0 0 0 0 0 0 0 0 0 0 0 0 0 0 0 0 0 0 0 0
0 0 0 -525 0 0 0 0 0 0 0 0 0 8 0 0 0 1 0 0 0 0 1 0 0 0 0 1 0 0 0 0 0 0 0 0 0 -4 0 0 1 0 3 0 0 0 0 0 0 0 0 0 1 0 0 0 0 0 0 0 0 -6 0 1 1 0 0 0 0 0 0 0 0 0 0 0 0 0 0 0 0 0 0 0 0 0 0 0 0 0 0 0 0 0 -1 0 0 0 0 0 0 0 0 1 0 0 0 0 0 0
0 0 0 0 -559 0 0 0 0 0 0 0 0 0 0 0 0 0 0 0 0 0 0 0 0 0 0 0 0 0 0 0 0 0 0 0 0 0 0 0 0 0 0 0 0 71 0 0 0 0 0 0 0 0 0 0 0 0 0 0 0 0 0 0 0 0 0 0 0 0 0 0 0 0 0 0 0 0 0 0 0 0 0 0 0 68 0 0 0 0 0 0 0 0 0 0 0 0 0 0 0 0 0 0 0 0 0 0 0 0
0 0 0 0 0 -54 0 0 0 4 1 0 0 0 1 1 0 -4 0 0 9 0 -3 0 11 0 6 0 0 0 0 -51 -62 -142 0 0 0 11 0 91 0 0 0 0 0 0 0 0 -9 0 0 0 2 -7 1 0 -7 0 0 0 0 1 1 0 4 0 100 0 1 -9 0 0 0 9 -1 0 0 2 0 0 81 0 0 0 0 1 0 -238 0 1 0 60 0 0 0 0 0 0 0 218 0 38 0 -309 0 0 0 1 0 0
0 0 0 0 0 0 -68 0 -50 0 0 0 0 0 0 0 0 0 145 0 0 0 0 0 0 -21 0 0 0 0 0 0 0 0 0 0 0 0 0 0 0 -2 0 0 0 0 12 0 0 0 0 0 0 0 0 0 0 0 0 0 0 0 0 0 0 0 0 0 0 0 0 0 0 0 0 -45 0 0 0 0 0 2 0 0 0 0 0 0 -20 0 0 0 0 0 0 0 0 0 0 0 0 0 0 0 52 0 0 0 0 0
0 0 0 0 0 0 0 65 0 0 0 0 0 0 0 0 0 0 0 0 0 0 0 0 0 0 0 0 0 0 0 0 0 0 0 0 0 0 0 0 0 0 0 0 0 0 0 0 0 0 0 0 0 0 0 0 0 0 0 0 10 0 0 0 0 0 0 0 0 0 0 0 0 0 0 0 0 0 0 0 0 0 0 0 0 0 0 0 0 0 0 0 0 0 0 0 0 0 0 0 0 0 0 0 0 0 0 0 0 0
0 0 0 0 0 0 -50 0 128 0 0 0 0 0 0 0 0 0 0 0 0 0 0 0 0 -164 0 0 0 0 0 0 0 0 0 0 0 0 0 0 0 -58 0 0 0 0 268 0 0 0 0 0 0 0 0 0 0 0 0 -4 0 0 0 0 0 0 0 0 0 0 0 0 0 0 0 45 0 0 0 0 0 44 0 0 0 0 0 0 -471 0 0 0 0 0 0 0 0 0 0 0 0 0 0 0 0 0 0 0 0 0
0 0 0 0 0 4 0 0 0 446 -9 0 0 0 0 0 0 0 0 0 -2 0 0 0 2 0 0 0 0 0 0 0 -13 0 0 0 0 3 0 0 0 0 0 0 0 0 0 0 0 0 0 0 1 299 0 0 0 0 0 0 0 0 0 0 2 0 0 0 0 0 0 0 0 0 0 0 0 0 -102 0 0 0 0 0 0 0 0 3 0 0 0 0 -8 0 0 0 0 0 0 0 0 0 0 -7 0 0 0 0 0 0
0 0 0 0 0 1 0 0 0 -9 297 0 0 0 0 0 0 -7 0 0 -116 0 12 0 53 0 0 0 0 0 0 0 0 0 0 0 0 0 0 0 0 0 0 0 0 0 0 0 0 0 0 0 1 11 0 0 0 0 0 0 0 0 0 0 1 0 0 0 0 0 0 0 0 0 0 0 0 0 1 0 0 0 0 0 0 0 0 1 0 0 0 0 -351 0 0 0 0 0 0 0 0 0 0 0 0 0 0 0 0 0
0 0 0 0 0 0 0 0 0 0 0 447 0 0 0 0 0 0 0 0 0 0 0 0 0 0 0 0 0 248 0 0 0 0 0 0 0 0 0 0 0 0 0 0 0 0 0 0 0 0 0 0 0 0 0 0 0 0 0 0 0 0 0 0 0 0 0 0 0 0 0 0 0 0 0 0 0 0 0 0 0 0 0 0 0 0 0 0 0 0 0 0 0 0 0 0 0 0 0 0 0 0 0 0 0 0 0 0 0 0
0 0 0 0 0 0 0 0 0 0 0 0 -285 0 0 -9 0 0 0 0 0 0 0 0 0 0 14 0 0 0 0 0 0 0 0 0 0 0 0 1 0 0 0 0 0 0 0 0 -3 0 0 0 0 0 0 0 0 0 0 0 0 0 0 0 0 0 0 0 0 -6 0 -232 0 -25 0 0 0 -4 0 0 1 0 0 0 0 1 0 1 0 0 0 0 0 0 0 0 0 0 0 2 0 0 0 0 0 0 0 0 0 0
0 0 0 8 0 0 0 0 0 0 0 0 0 -435 1 0 0 -10 0 0 19 0 -7 0 24 0 0 0 0 0 0 0 7 0 0 0 0 20 0 0 -1 0 108 0 0 0 0 0 0 0 0 0 -53 1 1 0 -16 0 0 0 0 -135 3 0 -100 0 0 0 1 0 0 0 0 0 0 0 0 0 1 0 0 0 0 0 0 0 0 0 0 2 0 0 -2 0 11 0 0 0 0 0 0 0 0 1 0 0 0 0 0 0
0 0 0 0 0 1 0 0 0 0 0 0 0 1 272 0 3 -1 0 -17 0 0 0 0 0 0 0 -236 0 0 0 0 0 0 0 0 0 -9 0 0 -2 -7 0 0 0 0 0 0 0 -3 0 0 0 0 -74 0 1 -10 0 0 0 1 5 -11 0 0 0 0 -58 0 0 0 -1 0 0 0 0 0 0 0 0 -9 1 0 0 0 0 1 0 4 1 0 0 1 0 -227 0 0 -2 0 0 0 68 0 0 0 -124 0 0 0
0 0 0 0 0 1 0 0 0 0 0 0 -9 0 0 260 0 0 0 0 0 0 0 0 0 0 559 0 0 0 0 8 0 -5 0 0 0 0 0 14 0 0 0 0 0 0 0 0 -17 0 0 0 0 0 0 0 0 0 0 0 0 0 0 0 0 0 -32 0 0 140 0 13 0 -131 0 0 0 -25 0 0 9 0 0 0 0 1 0 0 0 0 0 0 0 0 0 0 0 0 0 7 0 0 0 0 0 0 0 0 0 0
0 0 0 0 0 0 0 0 0 0 0 0 0 0 3 0 -848 0 0 0 0 0 0 0 0 0 0 0 0 0 0 0 0 0 0 0 0 0 0 0 0 0 0 0 0 0 0 0 0 12 0 0 0 0 0 0 0 0 0 0 0 0 0 30 0 0 0 0 6 0 0 0 1 0 0 0 0 0 0 0 0 0 0 0 0 0 0 0 0 0 0 0 0 0 0 8 0 0 0 0 0 0 1 0 0 0 0 0 0 0
0 0 0 1 0 -4 0 0 0 0 -7 0 0 -10 -1 0 0 349 0 0 -168 0 -248 0 -221 0 0 0 0 0 0 0 0 0 0 0 0 0 0 0 32 0 1 0 0 0 0 0 0 0 0 0 41 0 -1 0 -314 0 0 0 0 -1 -61 3 77 0 0 0 -11 0 0 0 0 0 0 0 0 0 0 0 0 0 0 0 0 0 0 -3 0 -49 0 0 32 0 1 0 0 0 0 0 0 0 0 13 0 0 0 0 0 0
0 0 0 0 0 0 145 0 0 0 0 0 0 0 0 0 0 0 -335 0 0 0 0 0 0 0 0 0 0 0 0 0 0 0 0 0 0 0 0 0 0 0 0 0 0 0 0 0 0 0 0 0 0 0 0 0 0 0 0 0 0 0 0 0 0 0 0 0 0 0 0 0 0 0 0 164 0 0 0 0 0 0 0 0 0 0 0 0 0 0 0 0 0 0 0 0 0 0 0 0 0 0 0 0 62 0 0 0 0 0
0 0 0 0 0 0 0 0 0 0 0 0 0 0 -17 0 0 0 0 -328 0 0 0 0 0 0 0 -77 0 0 0 0 0 0 0 0 0 -3 0 0 0 -366 0 0 0 0 0 0 0 0 0 0 0 0 11 0 0 97 0 0 0 0 0 0 0 0 0 0 0 0 0 0 0 0 0 0 0 0 0 0 0 -492 0 0 0 0 0 0 0 0 0 0 0 0 0 0 0 0 0 0 0 0 -3 0 0 0 0 0 0 0
0 0 0 0 0 9 0 0 0 -2 -116 0 0 19 0 0 0 -168 0 0 72 0 -122 0 33 0 0 0 0 0 0 0 0 0 0 0 0 0 0 0 0 0 0 0 0 0 0 0 0 0 0 0 -72 4 0 0 -280 0 0 0 0 0 0 0 -136 0 0 0 0 0 0 0 0 0 0 0 0 0 1 0 0 0 0 0 0 0 0 7 0 0 0 0 92 0 0 0 0 0 0 0 0 0 0 -22 0 0 0 0 0 0
0 0 0 0 0 0 0 0 0 0 0 0 0 0 0 0 0 0 0 0 0 -509 0 0 0 0 0 0 0 0 0 1 0 0 -2 0 0 0 0 1 0 0 0 0 0 0 0 0 0 0 0 0 0 0 0 0 0 0 0 0 0 0 0 0 0 0 1 0 0 0 -3 0 0 0 -8 0 0 0 0 0 1 0 0 0 0 0 542 1 0 0 0 1 0 0 0 0 0 0 0 0 0 0 0 0 0 0 0 0 0 0
0 0 0 1 0 -3 0 0 0 0 12 0 0 -7 0 0 0 -248 0 0 -122 0 535 0 -150 0 0 0 0 0 0 0 0 0 0 0 0 0 0 0 23 0 1 0 0 0 0 0 0 0 0 0 28 0 -1 0 -217 0 0 0 0 0 -42 2 53 0 0 0 -8 0 0 0 0 0 0 0 0 0 0 0 0 0 0 0 0 0 0 -2 0 -34 0 0 6 0 1 0 0 0 0 0 0 0 0 9 0 0 0 0 0 0
0 0 0 0 0 0 0 0 0 0 0 0 0 0 0 0 0 0 0 0 0 0 0 -905 0 0 0 0 0 0 0 0 0 0 0 0 0 0 0 0 0 0 0 0 0 0 0 0 0 0 0 0 0 0 0 0 0 0 0 0 0 0 0 0 0 0 0 0 0 0 0 0 0 0 0 0 0 0 0 0 0 0 0 0 0 0 0 0 0 0 0 0 0 0 0 0 0 0 0 0 0 0 0 0 0 0 0 0 0 0
0 0 0 0 0 11 0 0 0 2 53 0 0 24 0 0 0 -221 0 0 33 0 -150 0 71 0 0 0 0 0 0 0 0 0 0 0 0 0 0 0 0 0 0 0 0 0 0 0 0 0 0 0 -92 -1 0 0 -360 0 0 0 0 0 0 0 -175 0 0 0 0 0 0 0 0 0 0 0 0 0 0 0 0 0 0 0 0 0 0 9 0 0 0 0 -50 0 0 0 0 0 0 0 0 0 0 -28 0 0 0 0 0 0
0 0 0 0 0 0 -21 0 -164 0 0 0 0 0 0 0 0 0 0 0 0 0 0 0 0 -82 0 0 0 0 0 0 0 0 0 0 0 0 0 0 0 -25 0 0 0 0 116 0 0 0 0 0 0 0 0 0 0 0 0 -3 0 0 0 0 0 0 0 0 0 0 0 0 0 0 0 20 0 0 0 0 0 19 0 0 0 0 0 0 -203 0 0 0 0 0 0 0 0 0 0 0 0 0 0 0 0 0 0 0 0 0
0 0 0 0 0 6 0 0 0 0 0 0 14 0 0 559 0 0 0 0 0 0 0 0 0 0 115 0 0 0 0 0 0 2 0 0 0 0 0 -4 0 0 0 0 0 -1 0 0 26 0 0 0 0 0 0 0 0 0 0 0 0 0 0 0 0 0 0 0 0 388 0 -18 0 191 0 0 0 38 0 0 -2 0 1 0 0 2 0 -7 0 0 0 0 0 0 0 0 0 0 0 -9 0 0 0 0 0 0 0 0 0 0
0 0 0 1 0 0 0 0 0 0 0 0 0 0 -236 0 0 0 0 -77 0 0 0 0 0 0 0 -616 0 0 0 0 1 0 0 0 0 -42 0 0 0 -31 3 0 0 0 0 0 0 2 0 1 0 0 146 0 0 -45 0 0 0 -2 1 3 0 0 0 0 1 0 0 0 1 0 0 0 0 0 1 0 0 -41 0 0 0 0 0 0 0 1 -3 0 0 0 1 75 -2 0 1 0 0 0 -51 2 0 0 0 0 0 -7
0 0 0 0 0 0 0 0 0 0 0 0 0 0 0 0 0 0 0 0 0 0 0 0 0 0 0 0 152 0 0 0 0 0 0 0 0 0 0 0 0 0 0 0 0 0 0 0 0 0 0 0 0 0 0 0 0 0 0 0 0 0 0 0 0 0 0 0 0 0 0 0 0 0 0 0 0 0 0 0 0 0 0 0 0 0 0 0 0 0 0 0 0 0 0 0 0 0 0 0 0 0 0 0 0 0 0 0 0 0
0 0 0 0 0 0 0 0 0 0 0 248 0 0 0 0 0 0 0 0 0 0 0 0 0 0 0 0 0 -40 0 0 0 0 0 0 0 0 0 0 0 0 0 0 0 0 0 0 0 0 0 0 0 0 0 0 0 0 0 0 0 0 0 0 0 0 0 0 0 0 0 0 0 0 0 0 0 0 0 0 0 0 0 0 0 0 0 0 0 0 0 0 0 0 0 0 0 0 0 0 0 0 0 0 0 0 0 0 0 0
0 0 0 0 0 0 0 0 0 0 0 0 0 0 0 0 0 0 0 0 0 0 0 0 0 0 0 0 0 0 97 0 0 0 0 0 0 0 0 0 0 0 0 0 0 0 0 0 0 0 0 0 0 0 0 0 0 0 0 0 0 0 0 0 0 0 0 0 0 0 0 0 0 0 0 0 0 0 0 0 0 0 0 0 0 0 0 0 0 0 0 0 0 0 0 0 0 0 0 0 0 0 0 0 0 0 0 0 0 0
0 0 0 0 0 -51 0 0 0 0 0 0 0 0 0 8 0 0 0 0 0 1 0 0 0 0 0 0 0 0 0 624 0 16 1 0 0 0 0 -39 0 0 0 0 0 0 0 0 0 0 0 0 0 0 0 0 0 0 0 0 0 0 0 0 0 0 139 0 0 -11 1 0 0 0 2 0 0 0 0 0 -25 0 0 0 0 0 0 63 0 0 0 159 0 0 0 0 0 0 0 -52 0 -12 0 0 0 0 0 0 0 0
0 0 0 0 0 -62 0 0 0 -13 0 0 0 7 0 0 0 0 0 0 0 0 0 0 0 0 0 1 0 0 0 0 520 0 0 0 0 -20 0 0 1 0 -9 0 0 0 0 0 0 0 0 0 -13 0 0 0 0 0 0 0 0 12 0 0 -25 0 0 0 0 0 0 0 0 0 0 0 0 0 2 0 0 0 0 0 0 0 0 -51 0 0 12 0 0 0 0 0 10 0 0 0 0 0 0 167 0 0 0 0 0 30
0 0 0 0 0 -142 0 0 0 0 0 0 0 0 0 -5 0 0 0 0 0 0 0 0 0 0 2 0 0 0 0 16 0 -235 0 0 0 0 0 -179 0 0 0 0 0 0 0 0 -2 0 0 2 0 0 0 0 0 0 0 0 0 0 0 0 0 0 -98 0 0 6 0 0 0 3 0 0 0 1 0 0 -54 0 -14 0 0 1 0 173 0 0 20 -92 0 -21 0 0 0 0 0 -121 0 -33 0 0 0 0 0 1 0 -7
0 0 0 0 0 0 0 0 0 0 0 0 0 0 0 0 0 0 0 0 0 -2 0 0 0 0 0 0 0 0 0 1 0 0 -764 0 0 0 0 1 0 0 0 0 0 0 0 0 0 0 0 0 0 0 0 0 0 0 0 0 0 0 0 0 0 0 1 0 0 0 161 0 0 0 -93 0 0 0 0 0 1 0 0 0 0 0 0 1 0 0 0 3 0 0 0 0 0 0 0 0 0 0 0 0 0 0 0 -6 0 0
0 0 0 0 0 0 0 0 0 0 0 0 0 0 0 0 0 0 0 0 0 0 0 0 0 0 0 0 0 0 0 0 0 0 0 686 0 0 0 0 0 0 0 0 0 0 0 0 0 0 0 0 0 0 0 0 0 0 0 0 0 0 0 0 0 0 0 0 0 0 0 0 0 0 0 0 0 0 0 0 0 0 0 -270 0 0 0 0 0 0 0 0 0 0 0 0 0 -211 0 0 0 0 0 0 0 -11 0 0 0 0
0 0 0 0 0 0 0 0 0 0 0 0 0 0 0 0 0 0 0 0 0 0 0 0 0 0 0 0 0 0 0 0 0 0 0 0 412 0 0 0 0 0 0 0 -1 0 0 0 0 0 -69 0 0 0 0 0 0 0 0 0 0 0 0 0 0 0 0 0 0 0 0 0 0 0 0 0 8 0 0 0 0 0 0 0 0 0 0 0 0 0 0 0 0 0 0 0 0 6 0 0 0 0 0 0 0 -103 0 0 0 0
0 0 0 -4 0 11 0 0 0 3 0 0 0 20 -9 0 0 0 0 -3 0 0 0 0 0 0 0 -42 0 0 0 0 -20 0 0 0 0 400 0 0 1 -1 -55 0 0 0 0 0 0 1 0 1 4 0 7 0 0 -1 0 0 0 70 -1 1 7 0 0 0 1 0 0 0 1 0 0 0 0 0 0 0 0 -1 0 0 0 0 0 9 0 0 67 0 0 0 -5 4 55 0 1 0 0 0 -2 -27 0 0 0 0 0 176
0 0 0 0 0 0 0 0 0 0 0 0 0 0 0 0 0 0 0 0 0 0 0 0 0 0 0 0 0 0 0 0 0 0 0 0 0 0 -602 0 0 0 0 0 0 0 0 0 0 0 0 0 0 0 0 0 0 0 0 0 0 0 0 0 0 0 0 0 0 0 0 0 0 0 0 0 0 0 0 0 0 0 0 0 0 0 0 0 0 0 0 0 0 0 0 0 0 0 0 0 0 0 0 0 0 0 0 0 0 0
0 0 0 0 0 91 0 0 0 0 0 0 1 0 0 14 0 0 0 0 0 1 0 0 0 0 -4 0 0 0 0 -39 0 -179 1 0 0 0 0 358 0 0 0 0 0 1 0 0 7 0 0 -3 0 0 0 0 0 0 0 0 0 0 0 0 0 0 246 0 0 -12 1 0 0 -5 1 0 0 -1 0 0 254 0 38 0 0 0 0 -109 0 0 -48 -84 0 53 0 0 0 0 0 -222 0 86 0 0 0 0 0 0 0 19
0 0 0 1 0 0 0 0 0 0 0 0 0 -1 -2 0 0 32 0 0 0 0 23 0 0 0 0 0 0 0 0 0 1 0 0 0 0 1 0 0 -109 0 2 0 0 0 0 -533 0 0 0 0 0 0 -3 215 -28 0 0 0 0 -1 -25 5 0 0 0 0 -22 0 0 0 0 0 0 0 0 0 0 0 0 0 0 0 0 0 0 0 0 -25 1 0 0 0 1 0 1 0 0 0 0 0 0 1 0 0 0 0 0 1
-7 0 0 0 0 0 -2 0 -58 0 0 0 0 0 -7 0 0 0 0 -366 0 0 0 0 0 -25 0 -31 0 0 0 0 0 0 0 0 0 -1 0 0 0 498 0 -2 0 0 4 0 0 0 0 0 0 0 5 0 0 39 0 0 0 0 0 0 0 0 0 0 0 0 0 0 0 0 0 3 0 0 0 0 0 -249 0 0 0 0 0 0 -117 0 0 0 0 0 0 0 0 0 0 0 0 0 -1 0 0 0 0 0 0 0
0 0 0 3 0 0 0 0 0 0 0 0 0 108 0 0 0 1 0 0 0 0 1 0 0 0 0 3 0 0 0 0 -9 0 0 0 0 -55 0 0 2 0 -248 0 0 0 0 0 0 0 0 0 6 0 0 0 0 0 0 0 0 137 -2 1 12 0 0 0 0 0 0 0 0 0 0 0 0 0 0 0 0 0 0 0 0 0 0 0 0 -2 -4 0 0 0 473 0 -3 0 0 0 0 0 0 1 0 0 0 0 0 -12
-430 0 0 0 0 0 0 0 0 0 0 0 0 0 0 0 0 0 0 0 0 0 0 0 0 0 0 0 0 0 0 0 0 0 0 0 0 0 0 0 0 -2 0 -223 0 0 1 0 0 0 0 0 0 0 0 0 0 0 0 0 0 0 0 0 0 0 0 0 0 0 0 0 0 0 0 0 0 0 0 0 0 2 0 0 0 0 0 0 1 0 0 0 0 0 0 0 0 0 0 0 0 0 0 0 0 0 0 0 0 0
0 0 0 0 0 0 0 0 0 0 0 0 0 0 0 0 0 0 0 0 0 0 0 0 0 0 0 0 0 0 0 0 0 0 0 0 -1 0 0 0 0 0 0 0 -758 0 0 0 0 0 -13 0 0 0 0 0 0 0 0 0 0 0 0 0 0 0 0 0 0 0 0 0 0 0 0 0 -78 0 0 0 0 0 0 294 0 0 0 0 0 0 0 0 0 0 0 0 0 -374 0 0 0 0 0 0 0 -20 0 0 0 0
0 0 0 0 71 0 0 0 0 0 0 0 0 0 0 0 0 0 0 0 0 0 0 0 0 0 -1 0 0 0 0 0 0 0 0 0 0 0 0 1 0 0 0 0 0 -491 0 0 0 0 0 -3 0 0 0 0 0 0 0 0 0 0 0 0 0 0 0 0 0 0 0 1 0 0 0 0 0 0 0 0 1 0 34 0 0 329 0 1 0 0 0 0 0 -23 0 0 0 0 0 1 0 0 0 0 0 0 0 0 0 0
1 0 0 0 0 0 12 0 268 0 0 0 0 0 0 0 0 0 0 0 0 0 0 0 0 116 0 0 0 0 0 0 0 0 0 0 0 0 0 0 0 4 0 1 0 0 -22 0 0 0 0 0 0 0 0 0 0 0 0 4 0 0 0 0 0 0 0 0 0 0 0 0 0 0 0 -10 0 0 0 0 0 -2 0 0 0 0 0 0 149 0 0 0 0 0 0 0 0 0 0 0 0 0 0 0 0 0 0 0 0 0
0 0 0 0 0 0 0 0 0 0 0 0 0 0 0 0 0 0 0 0 0 0 0 0 0 0 0 0 0 0 0 0 0 0 0 0 0 0 0 0 -533 0 0 0 0 0 0 -26 0 0 0 0 0 0 0 220 0 0 0 0 0 0 -277 0 0 0 0 0 0 0 0 0 0 0 0 0 0 0 0 0 0 0 0 0 0 0 0 0 0 0 0 0 0 0 0 0 0 0 0 0 0 0 0 0 0 0 0 0 0 0
0 0 0 0 0 -9 0 0 0 0 0 0 -3 0 0 -17 0 0 0 0 0 0 0 0 0 0 26 0 0 0 0 0 0 -2 0 0 0 0 0 7 0 0 0 0 0 0 0 0 -286 0 0 0 0 0 0 0 0 0 0 0 0 0 0 0 0 0 0 0 0 -11 0 0 0 37 0 0 0 7 0 0 5 0 0 0 0 1 0 12 0 0 0 0 0 0 0 0 0 0 0 16 0 0 0 0 0 0 0 0 0 0
0 0 0 0 0 0 0 0 0 0 0 0 0 0 -3 0 12 0 0 0 0 0 0 0 0 0 0 2 0 0 0 0 0 0 0 0 0 1 0 0 0 0 0 0 0 0 0 0 0 -860 0 0 0 0 1 0 0 0 0 0 0 0 0 -48 0 0 0 0 -9 0 0 0 0 0 0 0 0 0 0 0 0 0 0 0 0 0 0 0 0 0 0 0 0 0 0 -12 0 0 0 0 0 0 0 0 0 0 0 0 0 0
0 0 0 0 0 0 0 0 0 0 0 0 0 0 0 0 0 0 0 0 0 0 0 0 0 0 0 0 0 0 0 0 0 0 0 0 -69 0 0 0 0 0 0 0 -13 0 0 0 0 0 -285 0 0 0 0 0 0 0 0 0 0 0 0 0 0 0 0 0 0 0 0 0 0 0 0 0 79 0 0 0 0 0 0 0 0 0 0 0 0 0 0 0 0 0 0 0 0 0 0 0 0 0 0 0 0 11 0 0 0 0
0 0 0 0 0 0 0 0 0 0 0 0 0 0 0 0 0 0 0 0 0 0 0 0 0 0 0 1 0 0 0 0 0 2 0 0 0 1 0 -3 0 0 0 0 0 -3 0 0 0 0 0 93 0 0 1 0 0 0 0 0 0 0 0 0 0 0 0 0 0 0 0 0 4 0 0 0 0 0 0 0 8 0 -3 0 0 4 0 0 0 0 -2 0 0 -44 0 0 0 0 3 0 0 0 0 0 0 0 0 0 0 1
0 0 0 1 0 2 0 0 0 1 1 0 0 -53 0 0 0 41 0 0 -72 0 28 0 -92 0 0 0 0 0 0 0 -13 0 0 0 0 4 0 0 0 0 6 0 0 0 0 0 0 0 0 0 459 -1 0 0 66 0 0 0 0 -7 1 1 26 0 0 418 0 0 0 0 0 0 0 0 0 0 0 0 0 0 0 0 0 0 0 2 0 1 0 0 11 0 1 0 0 0 0 0 0 0 0 -3 0 0 0 0 0 0
0 0 0 0 0 -7 0 0 0 299 11 0 0 1 0 0 0 0 0 0 4 0 0 0 -1 0 0 0 0 0 0 0 0 0 0 0 0 0 0 0 0 0 0 0 0 0 0 0 0 0 0 0 -1 388 0 0 0 0 0 0 0 0 0 0 -3 0 0 0 0 0 0 0 0 0 0 0 0 0 -22 0 0 0 0 0 0 0 0 -6 0 0 0 0 10 0 0 0 0 0 0 0 0 0 0 20 0 0 0 0 0 0
0 0 0 0 0 1 0 0 0 0 0 0 0 1 -74 0 0 -1 0 11 0 0 -1 0 0 0 0 146 0 0 0 0 0 0 0 0 0 7 0 0 -3 5 0 0 0 0 0 0 0 1 0 1 0 0 198 0 2 7 0 0 0 1 7 -1 0 0 0 0 -90 0 0 0 2 0 0 0 0 0 0 0 0 6 0 0 0 0 0 1 0 6 0 0 0 0 0 139 0 0 2 0 0 0 -41 0 0 0 -201 0 0 1
0 0 0 0 0 0 0 0 0 0 0 0 0 0 0 0 0 0 0 0 0 0 0 0 0 0 0 0 0 0 0 0 0 0 0 0 0 0 0 0 215 0 0 0 0 0 0 220 0 0 0 0 0 0 0 433 0 0 0 0 0 0 112 0 0 0 0 0 0 0 0 0 0 0 0 0 0 0 0 0 0 0 0 0 0 0 0 0 0 0 0 0 0 0 0 0 0 0 0 0 0 0 0 0 0 0 0 0 0 0
0 0 0 0 0 -7 0 0 0 0 0 0 0 -16 1 0 0 -314 0 0 -280 0 -217 0 -360 0 0 0 0 0 0 0 0 0 0 0 0 0 0 0 -28 0 0 0 0 0 0 0 0 0 0 0 66 0 2 0 -51 0 0 0 0 2 56 -2 125 0 0 0 11 0 0 0 0 0 0 0 0 0 0 0 0 0 0 0 0 0 0 -6 0 45 0 0 39 0 0 0 0 0 0 0 0 0 0 21 0 0 0 0 0 0
0 0 0 0 0 0 0 0 0 0 0 0 0 0 -10 0 0 0 0 97 0 0 0 0 0 0 0 -45 0 0 0 0 0 0 0 0 0 -1 0 0 0 39 0 0 0 0 0 0 0 0 0 0 0 0 7 0 0 -926 0 0 0 0 0 0 0 0 0 0 0 0 0 0 0 0 0 0 0 0 0 0 0 53 0 0 0 0 0 0 0 0 0 0 0 0 0 0 0 0 0 0 0 0 -2 0 0 0 0 0 0 0
0 0 0 0 0 0 0 0 0 0 0 0 0 0 0 0 0 0 0 0 0 0 0 0 0 0 0 0 0 0 0 0 0 0 0 0 0 0 0 0 0 0 0 0 0 0 0 0 0 0 0 0 0 0 0 0 0 0 342 0 0 0 0 0 0 0 0 0 0 0 0 0 0 0 0 0 0 0 0 0 0 0 0 0 0 0 0 0 0 0 0 0 0 0 0 0 0 0 0 0 0 0 0 0 0 0 0 0 0 0
0 0 0 0 0 0 0 0 -4 0 0 0 0 0 0 0 0 0 0 0 0 0 0 0 0 -3 0 0 0 0 0 0 0 0 0 0 0 0 0 0 0 0 0 0 0 0 4 0 0 0 0 0 0 0 0 0 0 0 0 -804 0 0 0 0 0 0 0 0 0 0 0 0 0 0 0 1 0 0 0 0 0 1 0 0 0 0 0 0 -6 0 0 0 0 0 0 0 0 0 0 0 0 0 0 0 0 0 0 0 0 0
0 0 0 0 0 0 0 10 0 0 0 0 0 0 0 0 0 0 0 0 0 0 0 0 0 0 0 0 0 0 0 0 0 0 0 0 0 0 0 0 0 0 0 0 0 0 0 0 0 0 0 0 0 0 0 0 0 0 0 0 151 0 0 0 0 0 0 0 0 0 0 0 0 0 0 0 0 0 0 0 0 0 0 0 0 0 0 0 0 0 0 0 0 0 0 0 0 0 0 0 0 0 0 0 0 0 0 0 0 0
0 0 0 -6 0 1 0 0 0 0 0 0 0 -135 1 0 0 -1 0 0 0 0 0 0 0 0 0 -2 0 0 0 0 12 0 0 0 0 70 0 0 -1 0 137 0 0 0 0 0 0 0 0 0 -7 0 1 0 2 0 0 0 0 -235 4 0 -14 0 0 0 1 0 0 0 0 0 0 0 0 0 0 0 0 0 0 0 0 0 0 1 0 3 7 0 0 0 405 0 6 0 0 0 0 0 0 0 0 0 0 0 0 17
0 0 0 0 0 1 0 0 0 0 0 0 0 3 5 0 0 -61 0 0 0 0 -42 0 0 0 0 1 0 0 0 0 0 0 0 0 0 -1 0 0 -25 0 -2 0 0 0 0 -277 0 0 0 0 1 0 7 112 56 0 0 0 0 4 -73 -8 1 0 0 0 43 0 0 0 0 0 0 0 0 0 0 0 0 0 0 0 0 0 0 1 0 50 0 0 0 0 0 0 0 0 0 0 0 0 0 0 0 0 0 0 0 0
0 0 0 1 0 0 0 0 0 0 0 0 0 0 -11 0 30 3 0 0 0 0 2 0 0 0 0 3 0 0 0 0 0 0 0 0 0 1 0 0 5 0 1 0 0 0 0 0 0 -48 0 0 1 0 -1 0 -2 0 0 0 0 0 -8 -651 1 0 0 0 -41 0 0 0 0 0 0 0 0 0 0 0 0 0 0 0 0 0 0 0 0 -6 0 0 0 0 1 -32 0 0 0 0 0 0 -1 1 0 0 0 0 0 0
0 0 0 1 0 4 0 0 0 2 1 0 0 -100 0 0 0 77 0 0 -136 0 53 0 -175 0 0 0 0 0 0 0 -25 0 0 0 0 7 0 0 0 0 12 0 0 0 0 0 0 0 0 0 26 -3 0 0 125 0 0 0 0 -14 1 1 494 0 0 -220 0 0 0 0 0 0 0 0 0 0 0 0 0 0 0 0 0 0 0 3 0 1 0 0 19 0 2 0 0 0 0 0 0 0 0 -5 0 0 0 0 0 0
0 0 0 0 0 0 0 0 0 0 0 0 0 0 0 0 0 0 0 0 0 0 0 0 0 0 0 0 0 0 0 0 0 0 0 0 0 0 0 0 0 0 0 0 0 0 0 0 0 0 0 0 0 0 0 0 0 0 0 0 0 0 0 0 0 740 0 0 0 0 0 0 0 0 0 0 0 0 0 0 0 0 0 0 0 0 0 0 0 0 0 0 0 0 0 0 0 0 0 0 0 0 0 0 0 0 0 0 0 0
0 0 0 0 0 100 0 0 0 0 0 0 0 0 0 -32 0 0 0 0 0 1 0 0 0 0 0 0 0 0 0 139 0 -98 1 0 0 0 0 246 0 0 0 0 0 0 0 0 0 0 0 0 0 0 0 0 0 0 0 0 0 0 0 0 0 0 82 0 0 47 1 0 0 0 1 0 0 0 0 0 155 0 0 0 0 0 0 -119 0 0 0 39 0 0 0 0 0 0 0 -12 0 53 0 0 0 0 0 0 0 0
0 0 0 0 0 0 0 0 0 0 0 0 0 0 0 0 0 0 0 0 0 0 0 0 0 0 0 0 0 0 0 0 0 0 0 0 0 0 0 0 0 0 0 0 0 0 0 0 0 0 0 0 418 0 0 0 0 0 0 0 0 0 0 0 -220 0 0 180 0 0 0 0 0 0 0 0 0 0 0 0 0 0 0 0 0 0 0 0 0 0 0 0 0 0 0 0 0 0 0 0 0 0 0 0 0 0 0 0 0 0
0 0 0 0 0 1 0 0 0 0 0 0 0 1 -58 0 6 -11 0 0 0 0 -8 0 0 0 0 1 0 0 0 0 0 0 0 0 0 1 0 0 -22 0 0 0 0 0 0 0 0 -9 0 0 0 0 -90 0 11 0 0 0 0 1 43 -41 0 0 0 0 -429 0 0 0 0 0 0 0 0 0 0 0 0 0 0 0 0 0 0 1 0 35 0 0 0 0 0 -6 0 0 0 0 0 0 0 0 0 0 43 0 0 0
0 0 0 0 0 -9 0 0 0 0 0 0 -6 0 0 140 0 0 0 0 0 0 0 0 0 0 388 0 0 0 0 -11 0 6 0 0 0 0 0 -12 0 0 0 0 0 0 0 0 -11 0 0 0 0 0 0 0 0 0 0 0 0 0 0 0 0 0 47 0 0 156 0 9 0 -91 0 0 0 -17 0 0 -8 0 0 0 0 1 0 12 0 0 0 0 0 0 0 0 0 0 0 5 0 0 0 0 0 0 0 0 0 0
0 0 0 0 0 0 0 0 0 0 0 0 0 0 0 0 0 0 0 0 0 -3 0 0 0 0 0 0 0 0 0 1 0 0 161 0 0 0 0 1 0 0 0 0 0 0 0 0 0 0 0 0 0 0 0 0 0 0 0 0 0 0 0 0 0 0 1 0 0 0 -712 0 0 0 -109 0 0 0 0 0 1 0 0 0 0 0 0 1 0 0 0 3 0 0 0 0 0 0 0 0 0 0 0 0 0 0 0 -8 0 0
0 0 0 0 0 0 0 0 0 0 0 0 -232 0 0 13 0 0 0 0 0 0 0 0 0 0 -18 0 0 0 0 0 0 0 0 0 0 0 0 0 0 0 0 0 0 1 0 0 0 0 0 0 0 0 0 0 0 0 0 0 0 0 0 0 0 0 0 0 0 9 0 -803 0 0 0 0 0 0 0 0 0 0 0 0 0 0 0 0 0 0 0 0 0 0 0 0 0 0 0 0 0 0 0 0 0 0 0 0 0 0
0 0 0 0 0 0 0 0 0 0 0 0 0 0 -1 0 1 0 0 0 0 0 0 0 0 0 0 1 0 0 0 0 0 0 0 0 0 1 0 0 0 0 0 0 0 0 0 0 0 0 0 4 0 0 2 0 0 0 0 0 0 0 0 0 0 0 0 0 0 0 0 0 537 0 0 0 0 0 0 0 0 0 -31 0 0 0 0 0 0 0 -64 0 0 -45 0 -4 0 0 215 0 0 0 0 0 0 0 0 0 0 25
0 0 0 0 0 9 0 0 0 0 0 0 -25 0 0 -131 0 0 0 0 0 0 0 0 0 0 191 0 0 0 0 0 0 3 0 0 0 0 0 -5 0 0 0 0 0 0 0 0 37 0 0 0 0 0 0 0 0 0 0 0 0 0 0 0 0 0 0 0 0 -91 0 0 0 -378 0 0 0 -117 0 0 -3 0 0 0 0 1 0 -10 0 0 0 0 0 0 0 0 0 0 0 -13 0 0 0 0 0 0 0 0 0 0
0 0 0 0 0 -1 0 0 0 0 0 0 0 0 0 0 0 0 0 0 0 -8 0 0 0 0 0 0 0 0 0 2 0 0 -93 0 0 0 0 1 0 0 0 0 0 0 0 0 0 0 0 0 0 0 0 0 0 0 0 0 0 0 0 0 0 0 1 0 0 0 -109 0 0 0 -767 0 0 0 0 0 1 0 0 0 0 0 -17 2 0 0 0 7 0 0 0 0 0 0 0 -2 0 0 0 0 0 0 0 -19 0 0
0 0 0 0 0 0 -45 0 45 0 0 0 0 0 0 0 0 0 164 0 0 0 0 0 0 20 0 0 0 0 0 0 0 0 0 0 0 0 0 0 0 3 0 0 0 0 -10 0 0 0 0 0 0 0 0 0 0 0 0 1 0 0 0 0 0 0 0 0 0 0 0 0 0 0 0 -79 0 0 0 0 0 -1 0 0 0 0 0 0 19 0 0 0 0 0 0 0 0 0 0 0 0 0 0 0 59 0 0 0 0 0
0 0 0 0 0 0 0 0 0 0 0 0 0 0 0 0 0 0 0 0 0 0 0 0 0 0 0 0 0 0 0 0 0 0 0 0 8 0 0 0 0 0 0 0 -78 0 0 0 0 0 79 0 0 0 0 0 0 0 0 0 0 0 0 0 0 0 0 0 0 0 0 0 0 0 0 0 -326 0 0 0 0 0 0 52 0 0 0 0 0 0 0 0 0 0 0 0 0 -66 0 0 0 0 0 0 0 -3 0 0 0 0
0 0 0 0 0 2 0 0 0 0 0 0 -4 0 0 -25 0 0 0 0 0 0 0 0 0 0 38 0 0 0 0 0 0 1 0 0 0 0 0 -1 0 0 0 0 0 0 0 0 7 0 0 0 0 0 0 0 0 0 0 0 0 0 0 0 0 0 0 0 0 -17 0 0 0 -117 0 0 0 204 0 0 0 0 0 0 0 1 0 -1 0 0 0 0 0 0 0 0 0 0 0 -2 0 0 0 0 0 0 0 0 0 0
0 0 0 0 0 0 0 0 0 -102 1 0 0 1 0 0 0 0 0 0 1 0 0 0 0 0 0 1 0 0 0 0 2 0 0 0 0 0 0 0 0 0 0 0 0 0 0 0 0 0 0 0 0 -22 0 0 0 0 0 0 0 0 0 0 0 0 0 0 0 0 0 0 0 0 0 0 0 0 -911 0 0 0 0 0 0 0 0 0 0 0 0 0 1 0 0 0 0 0 0 0 0 0 0 1 0 0 0 0 0 0
0 0 0 0 0 0 0 0 0 0 0 0 0 0 0 0 0 0 0 0 0 0 0 0 0 0 0 0 0 0 0 0 0 0 0 0 0 0 0 0 0 0 0 0 0 0 0 0 0 0 0 0 0 0 0 0 0 0 0 0 0 0 0 0 0 0 0 0 0 0 0 0 0 0 0 0 0 0 0 -213 0 0 0 0 0 0 0 0 0 0 0 0 0 0 0 0 0 0 0 0 0 0 0 0 0 0 0 0 0 0
0 0 0 0 0 81 0 0 0 0 0 0 1 0 0 9 0 0 0 0 0 1 0 0 0 0 -2 0 0 0 0 -25 0 -54 1 0 0 0 0 254 0 0 0 0 0 1 0 0 5 0 0 8 0 0 0 0 0 0 0 0 0 0 0 0 0 0 155 0 0 -8 1 0 0 -3 1 0 0 0 0 0 112 0 -68 0 0 0 0 -96 0 0 90 -26 0 -97 0 0 0 0 0 -94 0 54 0 0 0 0 0 0 0 -34
6 0 0 0 0 0 2 0 44 0 0 0 0 0 -9 0 0 0 0 -492 0 0 0 0 0 19 0 -41 0 0 0 0 0 0 0 0 0 -1 0 0 0 -249 0 2 0 0 -2 0 0 0 0 0 0 0 6 0 0 53 0 1 0 0 0 0 0 0 0 0 0 0 0 0 0 0 0 -1 0 0 0 0 0 349 0 0 0 0 0 0 88 0 0 0 0 0 0 0 0 0 0 0 0 0 -2 0 0 0 0 0 0 0
0 0 0 0 0 0 0 0 0 0 0 0 0 0 1 0 0 0 0 0 0 0 0 0 0 0 1 0 0 0 0 0 0 -14 0 0 0 0 0 38 0 0 0 0 0 34 0 0 0 0 0 -3 0 0 0 0 0 0 0 0 0 0 0 0 0 0 0 0 0 0 0 0 -31 0 0 0 0 0 0 0 -68 0 129 0 0 -35 0 0 0 0 24 0 0 419 0 0 0 0 -27 0 0 0 1 0 0 0 0 0 0 -9
0 0 0 0 0 0 0 0 0 0 0 0 0 0 0 0 0 0 0 0 0 0 0 0 0 0 0 0 0 0 0 0 0 0 0 -270 0 0 0 0 0 0 0 0 294 0 0 0 0 0 0 0 0 0 0 0 0 0 0 0 0 0 0 0 0 0 0 0 0 0 0 0 0 0 0 0 52 0 0 0 0 0 0 -238 0 0 0 0 0 0 0 0 0 0 0 0 0 -713 0 0 0 0 0 0 0 -38 0 0 0 0
0 0 0 0 0 0 0 0 0 0 0 0 0 0 0 0 0 0 0 0 0 0 0 0 0 0 0 0 0 0 0 0 0 0 0 0 0 0 0 0 0 0 0 0 0 0 0 0 0 0 0 0 0 0 0 0 0 0 0 0 0 0 0 0 0 0 0 0 0 0 0 0 0 0 0 0 0 0 0 0 0 0 0 0 -914 0 0 0 0 0 0 0 0 0 0 0 0 0 0 0 0 0 0 0 0 0 0 0 0 0
0 0 0 0 68 1 0 0 0 0 0 0 1 0 0 1 0 0 0 0 0 0 0 0 0 0 2 0 0 0 0 0 0 1 0 0 0 0 0 0 0 0 0 0 0 329 0 0 1 0 0 4 0 0 0 0 0 0 0 0 0 0 0 0 0 0 0 0 0 1 0 0 0 1 0 0 0 1 0 0 0 0 -35 0 0 -526 0 0 0 0 0 0 0 26 0 0 0 0 0 0 0 0 0 0 0 0 0 0 0 0
0 0 0 0 0 0 0 0 0 0 0 0 0 0 0 0 0 0 0 0 0 542 0 0 0 0 0 0 0 0 0 0 0 0 0 0 0 0 0 0 0 0 0 0 0 0 0 0 0 0 0 0 0 0 0 0 0 0 0 0 0 0 0 0 0 0 0 0 0 0 0 0 0 0 -17 0 0 0 0 0 0 0 0 0 0 0 648 0 0 0 0 0 0 0 0 0 0 0 0 0 0 0 0 0 0 0 0 0 0 0
0 0 0 0 0 -238 0 0 0 3 1 0 1 0 1 0 0 -3 0 0 7 1 -2 0 9 0 -7 0 0 0 0 63 -51 173 1 0 0 9 0 -109 0 0 0 0 0 1 0 0 12 0 0 0 2 -6 1 0 -6 0 0 0 0 1 1 0 3 0 -119 0 1 12 1 0 0 -10 2 0 0 -1 0 0 -96 0 0 0 0 0 0 36 0 1 0 -72 0 0 0 0 0 0 0 -262 0 -44 0 -256 0 0 0 0 0 0
2 0 0 0 0 0 -20 0 -471 0 0 0 0 0 0 0 0 0 0 0 0 0 0 0 0 -203 0 0 0 0 0 0 0 0 0 0 0 0 0 0 0 -117 0 1 0 0 149 0 0 0 0 0 0 0 0 0 0 0 0 -6 0 0 0 0 0 0 0 0 0 0 0 0 0 0 0 19 0 0 0 0 0 88 0 0 0 0 0 0 -179 0 0 0 0 0 0 0 0 0 0 0 0 0 0 0 0 0 0 0 0 0
0 0 0 0 0 1 0 0 0 0 0 0 0 2 4 0 0 -49 0 0 0 0 -34 0 0 0 0 1 0 0 0 0 0 0 0 0 0 0 0 0 -25 0 -2 0 0 0 0 0 0 0 0 0 1 0 6 0 45 0 0 0 0 3 50 -6 1 0 0 0 35 0 0 0 0 0 0 0 0 0 0 0 0 0 0 0 0 0 0 1 0 -99 0 0 0 0 0 0 0 0 0 0 0 0 0 0 0 0 0 0 0 0
0 0 0 0 0 0 0 0 0 0 0 0 0 0 1 0 0 0 0 0 0 0 0 0 0 0 0 -3 0 0 0 0 12 20 0 0 0 67 0 -48 1 0 -4 0 0 0 0 0 0 0 0 -2 0 0 0 0 0 0 0 0 0 7 0 0 0 0 0 0 0 0 0 0 -64 0 0 0 0 0 0 0 90 0 24 0 0 0 0 0 0 0 705 0 0 34 0 0 135 0 -56 0 0 0 1 0 0 0 0 0 0 -92
0 0 0 0 0 60 0 0 0 0 0 0 0 0 0 0 0 0 0 0 0 1 0 0 0 0 0 0 0 0 0 159 0 -92 3 0 0 0 0 -84 0 0 0 0 0 0 0 0 0 0 0 0 0 0 0 0 0 0 0 0 0 0 0 0 0 0 39 0 0 0 3 0 0 0 7 0 0 0 0 0 -26 0 0 0 0 0 0 -72 0 0 0 237 0 0 0 0 0 0 0 119 0 0 0 0 0 0 0 -1 0 0
0 0 0 0 0 0 0 0 0 -8 -351 0 0 -2 0 0 0 32 0 0 92 0 6 0 -50 0 0 0 0 0 0 0 0 0 0 0 0 0 0 0 0 0 0 0 0 0 0 0 0 0 0 0 11 10 0 0 39 0 0 0 0 0 0 0 19 0 0 0 0 0 0 0 0 0 0 0 0 0 1 0 0 0 0 0 0 0 0 0 0 0 0 0 294 0 0 0 0 0 0 0 0 0 0 3 0 0 0 0 0 0
0 0 0 0 0 0 0 0 0 0 0 0 0 0 1 0 0 0 0 0 0 0 0 0 0 0 0 0 0 0 0 0 0 -21 0 0 0 0 0 53 0 0 0 0 0 -23 0 0 0 0 0 -44 0 0 0 0 0 0 0 0 0 0 0 0 0 0 0 0 0 0 0 0 -45 0 0 0 0 0 0 0 -97 0 419 0 0 26 0 0 0 0 34 0 0 421 0 0 0 0 -39 0 0 0 1 0 0 0 0 0 0 -12
0 0 0 -1 0 0 0 0 0 0 0 0 0 11 0 0 0 1 0 0 0 0 1 0 0 0 0 1 0 0 0 0 0 0 0 0 0 -5 0 0 1 0 473 0 0 0 0 0 0 0 0 0 1 0 0 0 0 0 0 0 0 405 0 1 2 0 0 0 0 0 0 0 0 0 0 0 0 0 0 0 0 0 0 0 0 0 0 0 0 0 0 0 0 0 16 0 0 0 0 0 0 0 0 1 0 0 0 0 0 -1
0 0 0 0 0 0 0 0 0 0 0 0 0 0 -227 0 8 0 0 0 0 0 0 0 0 0 0 75 0 0 0 0 0 0 0 0 0 4 0 0 0 0 0 0 0 0 0 0 0 -12 0 0 0 0 139 0 0 0 0 0 0 0 0 -32 0 0 0 0 -6 0 0 0 -4 0 0 0 0 0 0 0 0 0 0 0 0 0 0 0 0 0 0 0 0 0 0 -459 0 0 0 0 0 0 -49 0 0 0 0 0 0 0
0 0 0 0 0 0 0 0 0 0 0 0 0 0 0 0 0 0 0 0 0 0 0 0 0 0 0 -2 0 0 0 0 10 0 0 0 0 55 0 0 1 0 -3 0 0 0 0 0 0 0 0 0 0 0 0 0 0 0 0 0 0 6 0 0 0 0 0 0 0 0 0 0 0 0 0 0 0 0 0 0 0 0 0 0 0 0 0 0 0 0 135 0 0 0 0 0 -729 0 0 0 0 0 0 0 0 0 0 0 0 354
0 0 0 0 0 0 0 0 0 0 0 0 0 0 0 0 0 0 0 0 0 0 0 0 0 0 0 0 0 0 0 0 0 0 0 -211 6 0 0 0 0 0 0 0 -374 0 0 0 0 0 0 0 0 0 0 0 0 0 0 0 0 0 0 0 0 0 0 0 0 0 0 0 0 0 0 0 -66 0 0 0 0 0 0 -713 0 0 0 0 0 0 0 0 0 0 0 0 0 117 0 0 0 0 0 0 0 -25 0 0 0 0
0 0 0 0 0 0 0 0 0 0 0 0 0 0 -2 0 0 0 0 0 0 0 0 0 0 0 0 1 0 0 0 0 0 0 0 0 0 1 0 0 0 0 0 0 0 0 0 0 0 0 0 3 0 0 2 0 0 0 0 0 0 0 0 0 0 0 0 0 0 0 0 0 215 0 0 0 0 0 0 0 0 0 -27 0 0 0 0 0 0 0 -56 0 0 -39 0 0 0 0 479 0 0 0 0 0 0 0 0 0 0 22
0 0 0 0 0 218 0 0 0 0 0 0 2 0 0 7 0 0 0 0 0 0 0 0 0 0 -9 0 0 0 0 -52 0 -121 0 0 0 0 0 -222 0 0 0 0 0 1 0 0 16 0 0 0 0 0 0 0 0 0 0 0 0 0 0 0 0 0 -12 0 0 5 0 0 0 -13 -2 0 0 -2 0 0 -94 0 0 0 0 0 0 -262 0 0 0 119 0 0 0 0 0 0 0 171 0 0 0 0 0 0 0 1 0 0
0 0 0 0 0 0 0 0 0 0 0 0 0 0 0 0 0 0 0 0 0 0 0 0 0 0 0 0 0 0 0 0 0 0 0 0 0 0 0 0 0 0 0 0 0 0 0 0 0 0 0 0 0 0 0 0 0 0 0 0 0 0 0 0 0 0 0 0 0 0 0 0 0 0 0 0 0 0 0 0 0 0 0 0 0 0 0 0 0 0 0 0 0 0 0 0 0 0 0 0 -536 0 0 0 0 0 0 0 0 0
0 0 0 0 0 38 0 0 0 0 0 0 0 0 0 0 0 0 0 0 0 0 0 0 0 0 0 0 0 0 0 -12 0 -33 0 0 0 0 0 86 0 0 0 0 0 0 0 0 0 0 0 0 0 0 0 0 0 0 0 0 0 0 0 0 0 0 53 0 0 0 0 0 0 0 0 0 0 0 0 0 54 0 0 0 0 0 0 -44 0 0 0 0 0 0 0 0 0 0 0 0 0 570 0 0 0 0 0 0 0 0
0 0 0 0 0 0 0 0 0 0 0 0 0 0 68 0 1 0 0 -3 0 0 0 0 0 0 0 -51 0 0 0 0 0 0 0 0 0 -2 0 0 0 -1 0 0 0 0 0 0 0 0 0 0 0 0 -41 0 0 -2 0 0 0 0 0 -1 0 0 0 0 0 0 0 0 0 0 0 0 0 0 0 0 0 -2 1 0 0 0 0 0 0 0 1 0 0 1 0 -49 0 0 0 0 0 0 -93 0 0 0 0 0 0 0
0 0 0 1 0 -309 0 0 0 -7 0 0 0 1 0 0 0 13 0 0 -22 0 9 0 -28 0 0 2 0 0 0 0 167 0 0 0 0 -27 0 0 1 0 1 0 0 0 0 0 0 0 0 0 -3 20 0 0 21 0 0 0 0 0 0 1 -5 0 0 0 0 0 0 0 0 0 0 0 0 0 1 0 0 0 0 0 0 0 0 -256 0 0 0 0 3 0 1 0 0 0 0 0 0 0 0 374 0 0 0 0 0 0
0 0 0 0 0 0 52 0 0 0 0 0 0 0 0 0 0 0 62 0 0 0 0 0 0 0 0 0 0 0 0 0 0 0 0 0 0 0 0 0 0 0 0 0 0 0 0 0 0 0 0 0 0 0 0 0 0 0 0 0 0 0 0 0 0 0 0 0 0 0 0 0 0 0 0 59 0 0 0 0 0 0 0 0 0 0 0 0 0 0 0 0 0 0 0 0 0 0 0 0 0 0 0 0 -374 0 0 0 0 0
0 0 0 0 0 0 0 0 0 0 0 0 0 0 0 0 0 0 0 0 0 0 0 0 0 0 0 0 0 0 0 0 0 0 0 -11 -103 0 0 0 0 0 0 0 -20 0 0 0 0 0 11 0 0 0 0 0 0 0 0 0 0 0 0 0 0 0 0 0 0 0 0 0 0 0 0 0 -3 0 0 0 0 0 0 -38 0 0 0 0 0 0 0 0 0 0 0 0 0 -25 0 0 0 0 0 0 0 587 0 0 0 0
0 0 0 0 0 0 0 0 0 0 0 0 0 0 -124 0 0 0 0 0 0 0 0 0 0 0 0 0 0 0 0 0 0 0 0 0 0 0 0 0 0 0 0 0 0 0 0 0 0 0 0 0 0 0 -201 0 0 0 0 0 0 0 0 0 0 0 0 0 43 0 0 0 0 0 0 0 0 0 0 0 0 0 0 0 0 0 0 0 0 0 0 0 0 0 0 0 0 0 0 0 0 0 0 0 0 0 -11 0 0 0
0 0 0 0 0 1 0 0 0 0 0 0 0 0 0 0 0 0 0 0 0 0 0 0 0 0 0 0 0 0 0 0 0 1 -6 0 0 0 0 0 0 0 0 0 0 0 0 0 0 0 0 0 0 0 0 0 0 0 0 0 0 0 0 0 0 0 0 0 0 0 -8 0 0 0 -19 0 0 0 0 0 0 0 0 0 0 0 0 0 0 0 0 -1 0 0 0 0 0 0 0 1 0 0 0 0 0 0 0 -949 0 0
0 0 0 0 0 0 0 0 0 0 0 0 0 0 0 0 0 0 0 0 0 0 0 0 0 0 0 0 0 0 0 0 0 0 0 0 0 0 0 0 0 0 0 0 0 0 0 0 0 0 0 0 0 0 0 0 0 0 0 0 0 0 0 0 0 0 0 0 0 0 0 0 0 0 0 0 0 0 0 0 0 0 0 0 0 0 0 0 0 0 0 0 0 0 0 0 0 0 0 0 0 0 0 0 0 0 0 0 -686 0
0 0 0 0 0 0 0 0 0 0 0 0 0 0 0 0 0 0 0 0 0 0 0 0 0 0 0 -7 0 0 0 0 30 -7 0 0 0 176 0 19 1 0 -12 0 0 0 0 0 0 0 0 1 0 0 1 0 0 0 0 0 0 17 0 0 0 0 0 0 0 0 0 0 25 0 0 0 0 0 0 0 -34 0 -9 0 0 0 0 0 0 0 -92 0 0 -12 -1 0 354 0 22 0 0 0 0 0 0 0 0 0 0 497

