Q_obj 
-779 0 -46 0 0 0 0 0 0 0 0 0 0 0 0 0 0 0 0 0 0 0 0 0 0 0 0 0 0 0 0 0 0 0 0 0 0 0 176 0 0 0 0 0 0 0 0 0 0 0 0 0 5 0 0 0 0 0 0 0 0 0 0 0 0 0 0 0 0 0 0 0 0 0 0 0 0 335 0 0 0 0 0 0 0 0 0 0 0 -64 0 0 0 0 0 0 0 0 0 0 0 0 0 0 0 0 0 0 0 0
0 1000 0 0 0 0 0 0 0 0 0 0 0 0 0 0 0 0 0 0 0 0 0 0 0 0 0 0 0 0 0 0 0 0 0 0 0 0 0 0 0 0 0 0 0 0 0 0 0 0 0 0 0 0 0 0 0 0 0 0 0 0 0 0 0 0 0 0 0 0 0 0 0 0 0 0 0 0 0 0 0 0 0 0 0 0 0 0 0 0 0 0 0 0 0 0 0 0 0 0 0 0 0 0 0 0 0 0 0 0
-46 0 391 16 -27 0 15 0 0 0 -22 0 -2 0 0 0 0 0 0 0 0 3 0 0 -1 3 -2 0 0 0 25 -1 -6 0 0 10 2 0 156 0 -4 1 0 6 0 0 -1 10 -6 -27 10 0 5 47 0 1 1 4 0 0 0 -17 0 201 1 0 0 0 0 0 0 -245 0 0 0 0 5 21 0 9 1 0 -13 0 0 0 0 0 0 -126 0 5 0 0 0 2 0 0 0 0 40 0 -2 0 0 7 0 0 0 0
0 0 16 -32 20 0 -58 0 0 0 -462 0 -4 0 0 22 1 0 3 0 0 -4 0 0 -2 -2 12 0 0 1 -57 14 -53 0 0 -3 8 0 0 -1 -8 -4 0 0 0 0 0 1 -12 39 19 0 5 95 0 2 -5 -429 0 0 0 1 0 -46 -10 0 0 0 0 0 0 0 0 0 0 0 9 0 0 -10 -3 30 6 0 0 0 0 0 0 -10 0 22 0 -21 0 1 0 0 0 0 -94 0 0 0 0 -9 0 0 0 0
0 0 -27 20 480 0 20 0 0 0 -29 0 -2 0 0 0 0 0 0 0 0 1 0 0 -1 0 -3 0 0 0 32 -2 -7 0 0 14 0 0 0 0 -5 1 0 -2 0 0 1 -1 -8 -35 12 0 -2 61 0 0 0 5 0 0 0 -22 0 259 0 0 0 0 0 0 0 0 0 0 0 0 6 0 0 0 2 0 -18 0 0 0 0 0 0 20 0 0 0 0 0 0 0 0 0 0 52 0 2 0 0 9 0 0 0 0
0 0 0 0 0 728 0 0 0 22 0 0 0 0 0 0 0 0 0 0 0 0 0 0 0 0 0 0 0 0 0 0 0 0 10 0 0 0 0 0 0 0 0 0 0 5 0 0 0 0 0 0 0 0 0 0 0 0 0 0 0 0 -2 0 0 53 0 0 0 0 0 0 0 0 0 0 0 0 0 0 0 0 0 7 0 0 0 0 0 0 0 0 0 0 0 0 0 0 0 0 0 0 0 0 0 0 0 0 0 0
0 0 15 -58 20 0 547 0 51 30 0 0 0 0 0 0 0 0 0 0 54 -24 0 0 0 40 -67 0 0 0 0 19 62 0 13 0 0 0 0 0 0 -5 0 -4 0 7 0 0 0 0 0 0 0 0 0 0 0 58 0 0 0 175 -3 9 0 -16 0 0 0 0 0 0 0 0 0 0 0 0 0 0 23 0 0 9 0 0 0 0 0 -10 0 0 0 0 0 0 0 0 0 0 0 0 0 0 0 0 0 0 0 0
0 0 0 0 0 0 0 211 0 0 0 0 0 0 0 0 0 0 0 0 0 0 16 0 0 0 0 0 0 0 0 0 0 0 0 0 0 0 0 0 0 0 0 0 0 0 0 0 0 0 0 0 0 0 0 0 -16 0 0 0 0 0 0 0 9 0 0 0 -12 0 0 0 0 0 0 0 0 0 0 0 0 0 0 0 0 0 0 0 0 0 0 0 0 0 0 0 0 0 0 0 0 10 0 0 0 0 0 0 0 0
0 0 0 0 0 0 51 0 479 -134 0 0 0 0 0 0 0 0 0 0 -455 -64 0 0 0 104 233 -19 0 0 0 0 0 0 -57 0 0 0 0 0 0 0 0 -10 0 -27 0 0 0 0 0 0 0 0 0 0 0 0 0 0 0 0 17 0 0 75 0 0 0 -1 0 0 0 0 0 0 0 0 0 0 -76 0 0 -39 0 0 0 0 0 0 0 0 0 0 0 0 0 0 0 0 0 0 0 0 0 0 0 0 0 0
0 0 0 0 0 22 30 0 -134 79 0 0 0 0 0 0 0 0 0 0 -142 0 -2 0 0 0 139 0 0 0 0 0 0 0 -264 -59 0 0 0 0 0 0 0 0 0 29 0 0 0 0 0 0 0 0 0 -26 0 0 0 0 0 0 -17 0 0 339 16 0 -3 0 0 0 0 0 0 0 0 0 0 0 -45 0 -41 -105 0 0 -2 0 0 0 0 2 0 0 0 0 0 0 15 0 0 -1 0 0 0 0 14 0 0 0
0 0 -22 -462 -29 0 0 0 0 0 289 0 11 0 0 18 1 0 2 0 0 1 0 0 7 0 0 0 0 1 142 0 0 0 0 10 0 0 0 3 21 0 0 -1 0 0 1 -1 32 -94 -45 0 -1 -231 0 0 0 -469 0 0 0 0 0 124 0 0 0 0 0 0 0 0 0 0 0 0 -20 0 0 0 0 25 -13 0 0 0 0 0 0 17 0 0 0 -17 0 0 0 0 0 0 232 0 1 0 0 23 0 0 0 0
0 0 0 0 0 0 0 0 0 0 0 -638 0 0 0 0 0 0 0 0 0 0 0 0 0 0 0 0 0 0 0 0 0 0 0 0 0 0 0 0 0 0 0 0 0 0 0 0 0 0 0 0 0 0 0 0 0 0 0 0 0 0 0 0 0 0 0 0 0 0 0 0 0 0 0 0 0 0 0 0 0 0 0 0 0 0 0 0 0 0 0 0 0 0 0 0 0 0 0 0 0 0 0 0 0 0 0 0 0 0
0 0 -2 -4 -2 0 0 0 0 0 11 0 175 0 0 0 0 0 0 0 0 0 0 0 -40 0 0 0 0 0 -10 0 0 0 0 0 0 0 0 -55 -2 0 0 0 0 0 0 0 -4 13 106 0 0 33 0 0 0 -4 0 0 0 0 0 12 0 0 0 0 0 0 0 0 0 0 0 0 49 0 0 0 0 0 0 0 0 0 0 0 0 2 0 0 0 0 0 0 0 0 0 0 -17 0 0 0 0 -2 0 0 0 0
0 0 0 0 0 0 0 0 0 0 0 0 0 -145 0 0 0 0 0 0 0 0 0 0 0 0 0 0 0 0 0 0 0 0 0 0 0 0 0 0 0 0 0 0 0 0 0 0 0 0 0 0 0 0 0 0 0 0 0 0 0 0 0 0 0 0 0 0 0 0 0 0 0 0 0 0 0 0 0 0 0 0 0 0 0 0 0 0 0 0 0 0 0 0 0 0 0 0 0 0 0 0 0 0 0 0 0 0 0 0
0 0 0 0 0 0 0 0 0 0 0 0 0 0 201 0 0 0 0 0 0 0 0 0 0 0 0 0 0 0 0 0 0 0 0 0 0 0 0 0 0 0 0 0 0 0 0 0 0 0 0 0 0 0 0 0 0 0 0 0 0 0 0 0 0 0 0 0 0 0 0 0 0 0 0 0 0 0 0 0 0 0 0 0 0 0 0 0 0 0 0 0 0 0 0 0 0 0 0 0 0 0 0 0 0 0 0 0 0 0
0 0 0 22 0 0 0 0 0 0 18 0 0 0 0 523 -1 0 -7 0 0 0 0 0 0 0 0 0 0 1 0 0 0 0 0 0 0 0 0 0 0 0 0 0 0 0 0 0 0 0 0 0 0 0 0 0 0 22 0 0 0 0 0 0 0 0 0 0 0 0 0 0 0 0 0 0 0 0 0 0 0 -383 0 0 0 0 0 0 0 0 0 0 0 -290 -50 0 0 -2 0 1 0 0 0 0 -1 0 0 0 0 0
0 0 0 1 0 0 0 0 0 0 1 0 0 0 0 -1 -802 2 157 0 0 0 0 0 0 0 0 0 0 1 0 0 0 0 0 0 0 0 0 0 0 0 0 0 -255 0 0 0 0 0 0 0 0 0 0 0 0 1 0 0 1 0 0 0 0 0 0 0 0 0 0 0 0 0 0 0 0 0 0 0 0 -1 0 0 0 1 0 0 0 0 0 0 0 -4 0 0 0 0 0 -1 0 0 0 0 8 0 0 0 0 0
0 0 0 0 0 0 0 0 0 0 0 0 0 0 0 0 2 443 11 0 0 178 0 0 0 114 0 0 0 0 0 0 0 0 0 0 0 0 0 0 0 0 0 30 0 0 0 0 0 0 0 0 0 0 0 0 0 0 0 0 -1 0 0 0 0 0 0 0 0 0 0 0 0 0 0 0 0 0 0 -102 0 0 0 0 0 -13 0 0 0 0 0 0 0 0 0 0 0 0 0 -18 0 0 0 0 -122 0 0 0 -3 0
0 0 0 3 0 0 0 0 0 0 2 0 0 0 0 -7 157 11 200 0 0 0 0 0 0 0 0 0 0 1 0 0 0 0 0 0 0 0 0 0 0 0 0 0 40 0 0 0 0 0 0 0 0 0 0 0 0 3 0 0 1 0 0 0 0 0 0 0 0 0 0 0 0 0 0 0 0 0 0 0 0 -10 0 0 0 7 0 0 0 0 0 0 0 -27 0 0 0 0 0 -10 0 0 0 0 52 0 0 0 0 0
0 0 0 0 0 0 0 0 0 0 0 0 0 0 0 0 0 0 0 20 0 0 0 0 0 0 0 0 102 0 0 0 0 0 0 0 0 0 0 0 0 0 0 0 0 0 162 32 0 0 0 0 0 0 0 0 0 0 0 0 0 0 0 0 0 0 0 0 0 0 0 0 0 0 0 0 0 0 0 0 0 0 0 0 0 0 0 0 0 0 0 0 0 0 0 0 0 0 0 0 0 0 0 0 0 0 0 0 0 0
0 0 0 0 0 0 54 0 -455 -142 0 0 0 0 0 0 0 0 0 0 426 -68 0 0 0 110 247 19 0 0 0 0 0 0 -60 0 0 0 0 0 0 0 0 -11 0 -28 0 0 0 0 0 0 0 0 0 0 0 0 0 0 0 0 18 0 0 79 0 0 0 2 0 0 0 0 0 0 0 0 0 0 -81 0 0 -41 0 0 0 0 0 0 0 0 0 0 0 0 0 0 0 0 0 0 0 0 0 0 0 0 0 0
0 0 3 -4 1 0 -24 0 -64 0 1 0 0 0 0 0 0 178 0 0 -68 250 0 0 0 269 -114 0 0 0 0 0 0 0 0 1 -51 0 0 0 0 0 0 91 0 0 -3 19 0 1 0 0 88 0 0 -9 -9 5 0 0 0 -2 0 0 -20 0 0 0 0 0 0 0 0 0 0 0 0 0 0 -343 38 0 -1 0 0 0 0 0 0 4 0 -144 0 0 0 6 0 0 0 0 0 0 -18 0 -35 0 0 0 2 0
0 0 0 0 0 0 0 16 0 -2 0 0 0 0 0 0 0 0 0 0 0 0 -127 0 0 0 0 0 0 0 0 -28 0 0 0 0 0 0 0 0 0 -87 0 0 0 10 0 0 0 0 0 0 0 0 0 0 -134 0 0 0 0 0 -5 0 67 0 -74 0 -347 0 0 0 0 0 0 0 0 0 0 0 0 0 0 0 0 0 0 0 0 0 0 0 0 0 0 0 0 0 0 0 0 -226 0 0 0 0 17 0 0 0
0 0 0 0 0 0 0 0 0 0 0 0 0 0 0 0 0 0 0 0 0 0 0 438 0 0 0 0 0 0 0 0 0 0 0 0 0 0 0 0 0 0 0 0 0 0 0 0 0 0 0 0 0 0 0 0 0 0 0 0 0 0 0 0 0 0 0 0 0 0 0 0 0 0 0 0 0 0 0 0 0 0 0 0 0 0 0 0 0 0 226 0 0 0 0 0 0 0 0 0 0 0 0 0 0 0 0 0 0 0
0 0 -1 -2 -1 0 0 0 0 0 7 0 -40 0 0 0 0 0 0 0 0 0 0 0 221 0 0 0 0 0 -6 0 0 0 0 0 0 0 0 -32 -1 0 0 0 0 0 0 0 -2 8 62 0 0 20 0 0 0 -2 0 0 0 0 0 7 0 0 0 0 0 0 0 0 0 0 0 0 29 0 0 0 0 0 0 0 0 0 0 0 0 1 0 0 0 0 0 0 0 0 0 0 -10 0 0 0 0 -1 0 0 0 0
0 0 3 -2 0 0 40 0 104 0 0 0 0 0 0 0 0 114 0 0 110 269 0 0 0 7 185 0 0 0 1 0 0 0 0 -1 -32 0 0 0 0 0 0 62 0 0 -5 30 0 0 0 0 77 0 0 -6 -6 3 0 0 0 -1 0 1 -12 0 0 0 0 0 0 0 0 0 0 0 0 0 0 -212 -60 0 3 0 0 0 0 0 0 4 0 -92 0 0 0 6 0 0 0 0 1 0 -8 0 -22 1 0 0 2 0
0 0 -2 12 -3 0 -67 0 233 139 0 0 0 0 0 0 0 0 0 0 247 -114 0 0 0 185 244 0 0 0 0 -3 -12 0 59 0 0 0 0 0 0 2 0 -18 0 29 0 0 0 0 0 0 0 0 0 0 0 -11 0 0 0 -33 -16 -1 0 -76 0 0 0 0 0 0 0 0 0 0 0 0 0 0 95 0 0 41 0 0 0 0 0 3 0 0 0 0 0 0 0 0 0 0 0 0 0 0 0 0 0 0 0 0
0 0 0 0 0 0 0 0 -19 0 0 0 0 0 0 0 0 0 0 0 19 0 0 0 0 0 0 346 0 0 0 0 0 0 0 0 0 0 0 0 0 0 0 0 0 0 0 0 0 0 0 0 0 0 0 0 0 0 0 0 0 0 0 0 0 0 0 0 0 -51 0 0 0 0 0 0 0 0 0 0 0 0 0 0 0 0 0 0 0 0 0 0 0 0 0 0 0 0 0 0 0 0 0 0 0 0 0 0 0 0
0 0 0 0 0 0 0 0 0 0 0 0 0 0 0 0 0 0 0 102 0 0 0 0 0 0 0 0 -290 0 0 0 0 0 0 0 0 0 0 0 0 0 0 0 0 0 753 145 0 0 0 0 0 0 0 0 0 0 0 0 0 0 0 0 0 0 0 0 0 0 0 0 0 0 0 0 0 0 0 0 0 0 0 0 0 0 0 0 0 0 0 0 0 0 0 0 0 0 0 0 0 0 0 0 0 0 0 0 0 0
0 0 0 1 0 0 0 0 0 0 1 0 0 0 0 1 1 0 1 0 0 0 0 0 0 0 0 0 0 173 0 0 0 0 0 0 0 0 0 0 95 0 0 0 0 0 0 0 -60 0 0 0 0 0 -289 0 0 1 0 0 0 0 0 0 0 0 0 0 0 0 0 0 0 0 0 0 0 0 89 0 0 1 0 0 0 0 0 0 0 0 0 0 0 0 0 0 0 25 0 0 0 0 0 0 0 0 0 0 0 0
0 0 25 -57 32 0 0 0 0 0 142 0 -10 0 0 0 0 0 0 0 0 0 0 0 -6 1 0 0 0 0 827 0 0 0 0 -10 0 0 0 -2 -21 0 0 2 0 0 0 2 -33 170 49 0 2 248 0 0 0 -58 0 0 0 0 0 -131 0 0 0 0 0 0 0 0 0 0 0 0 23 0 0 1 0 0 15 0 0 0 0 0 0 -17 0 0 0 0 0 1 0 0 0 0 -276 0 0 0 0 -39 0 0 0 0
0 0 -1 14 -2 0 19 0 0 0 0 0 0 0 0 0 0 0 0 0 0 0 -28 0 0 0 -3 0 0 0 0 958 -14 0 0 0 0 0 0 0 0 -48 0 0 0 0 0 0 0 0 0 0 0 0 0 0 0 -13 0 0 0 -41 0 -1 0 0 0 0 0 0 0 0 0 0 0 0 0 0 0 0 2 0 0 0 0 0 0 0 0 2 0 0 0 0 0 0 0 0 0 0 0 46 0 0 0 0 0 0 0 0
0 0 -6 -53 -7 0 62 0 0 0 0 0 0 0 0 0 0 0 0 0 0 0 0 0 0 0 -12 0 0 0 0 -14 -103 0 0 0 0 0 0 0 0 5 0 0 0 0 0 0 0 0 0 0 0 0 0 0 0 54 0 0 0 161 0 -3 0 0 0 0 0 0 0 0 0 0 0 0 0 0 0 0 4 0 0 0 0 0 0 0 0 5 0 0 0 0 0 0 0 0 0 0 0 0 0 0 0 0 0 0 0 0
0 0 0 0 0 0 0 0 0 0 0 0 0 0 0 0 0 0 0 0 0 0 0 0 0 0 0 0 0 0 0 0 0 292 0 0 0 0 0 0 0 0 0 0 0 0 0 0 0 0 0 0 0 0 0 0 0 0 0 0 0 0 0 0 0 0 0 0 0 0 0 0 0 0 0 0 0 0 0 0 0 0 0 0 0 0 0 0 0 0 0 0 0 0 0 0 0 0 0 0 0 0 0 0 0 0 0 0 0 0
0 0 0 0 0 10 13 0 -57 -264 0 0 0 0 0 0 0 0 0 0 -60 0 0 0 0 0 59 0 0 0 0 0 0 0 610 0 0 0 0 0 0 0 0 0 0 13 0 0 0 0 0 0 0 0 0 0 0 0 0 0 0 0 -7 0 0 145 7 0 -1 0 0 0 0 0 0 0 0 0 0 0 -19 0 0 -77 0 0 0 0 0 0 0 0 0 0 0 0 0 0 0 0 0 0 0 0 0 0 6 0 0 0
0 0 10 -3 14 0 0 0 0 -59 10 0 0 0 0 0 0 0 0 0 0 1 0 0 0 -1 0 0 0 0 -10 0 0 0 0 -331 0 0 0 0 0 0 0 -21 0 0 4 -17 0 12 0 0 -21 0 0 28 0 -3 0 0 0 0 0 -55 0 0 0 0 0 0 0 0 0 0 0 0 0 0 0 -6 0 0 79 205 0 0 0 0 0 -8 0 -1 0 0 0 -1 0 0 0 0 -16 0 12 0 0 -2 0 0 0 0
0 0 2 8 0 0 0 0 0 0 0 0 0 0 0 0 0 0 0 0 0 -51 0 0 0 -32 0 0 0 0 0 0 0 0 0 0 517 0 0 0 0 0 0 -8 0 0 0 0 0 0 0 0 51 0 0 -9 19 -7 0 0 0 6 0 0 37 0 0 0 0 0 0 0 0 0 0 0 0 0 0 -127 0 0 0 0 0 0 0 0 0 3 0 -146 0 0 0 0 0 0 0 0 0 0 0 0 0 0 0 0 0 0
0 0 0 0 0 0 0 0 0 0 0 0 0 0 0 0 0 0 0 0 0 0 0 0 0 0 0 0 0 0 0 0 0 0 0 0 0 -319 0 0 0 0 0 0 0 0 0 0 0 -74 0 0 0 0 0 0 0 0 0 0 0 0 0 0 0 0 0 0 0 0 0 0 0 0 0 0 0 0 0 0 0 0 0 0 0 0 0 0 0 0 0 0 0 0 0 0 0 0 0 0 0 0 0 0 0 -318 0 0 0 0
176 0 156 0 0 0 0 0 0 0 0 0 0 0 0 0 0 0 0 0 0 0 0 0 0 0 0 0 0 0 0 0 0 0 0 0 0 0 -248 0 0 0 0 0 0 0 0 0 0 0 0 0 -14 0 0 0 0 0 0 0 0 0 0 0 0 0 0 0 0 0 0 -191 0 0 0 0 0 -78 0 0 0 0 0 0 0 0 0 0 0 216 0 0 0 0 0 0 0 0 0 0 0 0 0 0 0 0 0 0 0 0
0 0 0 -1 0 0 0 0 0 0 3 0 -55 0 0 0 0 0 0 0 0 0 0 0 -32 0 0 0 0 0 -2 0 0 0 0 0 0 0 0 436 0 0 0 0 0 0 0 0 -1 4 27 0 0 9 0 0 0 -1 0 0 0 0 0 3 0 0 0 0 0 0 0 0 0 0 0 0 13 0 0 0 0 0 0 0 0 0 0 0 0 1 0 0 0 0 0 0 0 0 0 0 -4 0 0 0 0 0 0 0 0 0
0 0 -4 -8 -5 0 0 0 0 0 21 0 -2 0 0 0 0 0 0 0 0 0 0 0 -1 0 0 0 0 95 -21 0 0 0 0 0 0 0 0 0 -55 0 0 0 0 0 0 0 493 25 14 0 0 68 -132 0 0 -8 0 0 0 0 0 23 0 0 0 0 0 0 0 0 0 0 0 0 7 0 -277 0 0 0 0 0 0 0 0 0 0 3 0 0 0 0 0 0 0 4 0 0 -35 0 0 0 0 -5 0 0 0 0
0 0 1 -4 1 0 -5 0 0 0 0 0 0 0 0 0 0 0 0 0 0 0 -87 0 0 0 2 0 0 0 0 -48 5 0 0 0 0 0 0 0 0 825 0 0 0 0 0 0 0 0 0 0 0 0 0 0 0 5 0 0 0 14 0 1 0 0 0 0 0 0 0 0 0 0 0 0 0 0 0 0 0 0 0 0 0 0 0 0 0 0 0 0 0 0 0 0 0 0 0 0 0 140 0 0 0 0 0 0 0 0
0 0 0 0 0 0 0 0 0 0 0 0 0 0 0 0 0 0 0 0 0 0 0 0 0 0 0 0 0 0 0 0 0 0 0 0 0 0 0 0 0 0 -41 0 0 0 0 0 0 0 0 0 0 0 0 0 0 0 0 0 0 0 0 0 0 0 0 0 0 0 0 0 0 0 0 0 0 0 0 0 0 0 0 0 0 0 0 0 0 0 0 0 0 0 0 0 0 0 0 0 0 0 0 0 0 0 0 0 0 0
0 0 6 0 -2 0 -4 0 -10 0 -1 0 0 0 0 0 0 30 0 0 -11 91 0 0 0 62 -18 0 0 0 2 0 0 0 0 -21 -8 0 0 0 0 0 0 -117 0 0 -33 175 0 -1 0 0 221 0 0 -1 -1 2 0 0 0 0 0 10 -3 0 0 0 0 0 0 0 0 0 0 0 0 0 0 11 7 0 31 0 0 0 0 0 0 11 0 -23 0 0 0 15 0 0 0 0 3 0 26 0 -5 1 0 0 1 0
0 0 0 0 0 0 0 0 0 0 0 0 0 0 0 0 -255 0 40 0 0 0 0 0 0 0 0 0 0 0 0 0 0 0 0 0 0 0 0 0 0 0 0 0 -351 0 0 0 0 0 0 0 0 0 0 0 0 0 0 0 0 0 0 0 0 0 0 0 0 0 0 0 0 0 0 0 0 0 0 0 0 0 0 0 0 0 0 0 0 0 0 0 0 0 0 0 0 0 0 0 0 0 0 0 0 0 0 0 0 0
0 0 0 0 0 5 7 0 -27 29 0 0 0 0 0 0 0 0 0 0 -28 0 10 0 0 0 29 0 0 0 0 0 0 0 13 0 0 0 0 0 0 0 0 0 0 5 0 0 0 0 0 202 0 0 0 0 0 0 0 71 0 0 408 0 0 69 -69 12 18 0 0 0 0 0 0 -5 0 0 0 0 -9 0 0 9 0 0 0 0 0 0 0 0 0 0 0 0 0 0 0 0 0 7 0 0 0 0 -64 0 0 0
0 0 -1 0 1 0 0 0 0 0 1 0 0 0 0 0 0 0 0 162 0 -3 0 0 0 -5 0 0 753 0 0 0 0 0 0 4 0 0 0 0 0 0 0 -33 0 0 469 15 0 1 0 0 -68 0 0 0 0 0 0 0 0 0 0 -1 0 0 0 0 0 0 0 0 0 0 0 0 0 0 0 -22 0 0 -4 0 0 0 0 0 0 -3 0 0 0 0 0 -9 0 0 0 0 0 0 18 0 0 0 0 0 0 0
0 0 10 1 -1 0 0 0 0 0 -1 0 0 0 0 0 0 0 0 32 0 19 0 0 0 30 0 0 145 0 2 0 0 0 0 -17 0 0 0 0 0 0 0 175 0 0 15 398 0 -1 0 0 357 0 0 0 0 1 0 0 0 0 0 8 0 0 0 0 0 0 0 0 0 0 0 0 0 0 0 115 0 0 25 0 0 0 0 0 0 17 0 0 0 0 0 50 0 0 0 0 3 0 -90 0 0 1 0 0 0 0
0 0 -6 -12 -8 0 0 0 0 0 32 0 -4 0 0 0 0 0 0 0 0 0 0 0 -2 0 0 0 0 -60 -33 0 0 0 0 0 0 0 0 -1 493 0 0 0 0 0 0 0 399 39 21 0 0 106 85 0 0 -13 0 0 0 0 0 35 0 0 0 0 0 0 0 0 0 0 0 0 10 0 178 0 0 0 0 0 0 0 0 0 0 5 0 0 0 0 0 0 0 -2 0 0 -55 0 0 0 0 -8 0 0 0 0
0 0 -27 39 -35 0 0 0 0 0 -94 0 13 0 0 0 0 0 0 0 0 1 0 0 8 0 0 0 0 0 170 0 0 0 0 12 0 -74 0 4 25 0 0 -1 0 0 1 -1 39 619 -54 0 -1 -277 0 0 0 39 0 0 0 0 0 148 0 0 0 0 0 0 0 0 0 0 0 0 -25 0 0 0 0 0 -16 0 0 0 0 0 0 20 0 0 0 0 0 0 0 0 0 0 277 0 2 0 0 -163 0 0 0 0
0 0 10 19 12 0 0 0 0 0 -45 0 106 0 0 0 0 0 0 0 0 0 0 0 62 0 0 0 0 0 49 0 0 0 0 0 0 0 0 27 14 0 0 0 0 0 0 0 21 -54 -277 0 0 -147 0 0 0 19 0 0 0 0 0 -50 0 0 0 0 0 0 0 0 0 0 0 0 -264 0 0 0 0 0 0 0 -184 0 0 0 0 -6 0 0 -13 0 0 0 0 0 0 0 80 0 0 0 0 13 0 0 0 42
0 0 0 0 0 0 0 0 0 0 0 0 0 0 0 0 0 0 0 0 0 0 0 0 0 0 0 0 0 0 0 0 0 0 0 0 0 0 0 0 0 0 0 0 0 202 0 0 0 0 0 -116 0 0 0 0 0 0 0 -341 0 0 341 0 0 0 0 12 0 0 0 0 0 0 0 0 0 0 0 0 0 0 0 0 0 0 0 0 0 0 0 0 0 0 0 0 0 0 0 0 0 0 0 0 0 0 0 0 0 0
5 0 5 5 -2 0 0 0 0 0 -1 0 0 0 0 0 0 0 0 0 0 88 0 0 0 77 0 0 0 0 2 0 0 0 0 -21 51 0 -14 0 0 0 0 221 0 0 -68 357 0 -1 0 0 426 0 0 10 10 -3 0 0 0 3 0 10 20 0 0 0 0 0 0 23 0 0 0 0 0 -1 0 300 0 0 30 0 0 0 0 0 0 11 0 143 0 0 0 61 0 0 0 0 3 0 -108 0 0 1 0 0 0 0
0 0 47 95 61 0 0 0 0 0 -231 0 33 0 0 0 0 0 0 0 0 0 0 0 20 0 0 0 0 0 248 0 0 0 0 0 0 0 0 9 68 0 0 0 0 0 0 0 106 -277 -147 0 0 6 0 0 0 96 0 0 0 0 0 -254 0 0 0 0 0 0 0 0 0 0 0 0 -67 0 0 0 0 0 0 0 0 0 0 0 0 -33 0 0 0 0 0 0 0 0 0 0 404 0 0 0 0 66 0 0 0 0
0 0 0 0 0 0 0 0 0 0 0 0 0 0 0 0 0 0 0 0 0 0 0 0 0 0 0 0 0 -289 0 0 0 0 0 0 0 0 0 0 -132 0 0 0 0 0 0 0 85 0 0 0 0 0 -323 0 0 0 0 0 0 0 0 0 0 0 0 0 0 0 0 0 0 0 0 0 0 0 -124 0 0 0 0 0 0 0 0 0 0 0 0 0 0 0 0 0 0 -10 0 0 0 0 0 0 0 0 0 0 0 0
0 0 1 2 0 0 0 0 0 -26 0 0 0 0 0 0 0 0 0 0 0 -9 0 0 0 -6 0 0 0 0 0 0 0 0 0 28 -9 0 0 0 0 0 0 -1 0 0 0 0 0 0 0 0 10 0 0 -264 4 -1 0 0 0 1 0 0 8 0 0 0 0 0 0 0 0 0 0 0 0 0 0 -24 0 0 20 91 0 0 -76 0 0 1 0 29 0 0 0 0 0 0 401 0 0 0 0 0 0 0 0 0 0 0
0 0 1 -5 0 0 0 -16 0 0 0 0 0 0 0 0 0 0 0 0 0 -9 -134 0 0 -6 0 0 0 0 0 0 0 0 0 0 19 0 0 0 0 0 0 -1 0 0 0 0 0 0 0 0 10 0 0 4 55 6 0 0 0 -3 0 0 270 0 0 0 103 0 0 0 0 0 0 0 0 0 0 -24 0 0 0 0 0 0 0 0 0 1 0 52 0 0 0 0 0 0 0 0 0 -84 0 0 0 0 0 0 0 0
0 0 4 -429 5 0 58 0 0 0 -469 0 -4 0 0 22 1 0 3 0 0 5 0 0 -2 3 -11 0 0 1 -58 -13 54 0 0 -3 -7 0 0 -1 -8 5 0 2 0 0 0 1 -13 39 19 0 -3 96 0 -1 6 -45 0 0 0 0 0 -54 11 0 0 0 0 0 0 0 0 0 0 0 9 0 0 11 4 31 6 0 0 0 0 0 0 -2 0 -21 0 -21 0 1 0 0 0 0 -95 0 0 0 0 -9 0 0 0 0
0 0 0 0 0 0 0 0 0 0 0 0 0 0 0 0 0 0 0 0 0 0 0 0 0 0 0 0 0 0 0 0 0 0 0 0 0 0 0 0 0 0 0 0 0 0 0 0 0 0 0 0 0 0 0 0 0 0 -648 0 114 0 0 0 0 0 0 0 0 0 0 0 0 0 0 0 0 0 0 0 0 0 0 0 0 -12 0 0 0 0 0 0 0 0 0 0 0 0 0 0 0 0 0 0 0 0 0 31 0 0
0 0 0 0 0 0 0 0 0 0 0 0 0 0 0 0 0 0 0 0 0 0 0 0 0 0 0 0 0 0 0 0 0 0 0 0 0 0 0 0 0 0 0 0 0 71 0 0 0 0 0 -341 0 0 0 0 0 0 0 -132 0 0 120 0 0 0 0 5 0 0 0 0 0 0 0 0 0 0 0 0 0 0 0 0 0 0 0 0 0 0 0 0 0 0 0 0 0 0 0 0 0 0 0 0 0 0 0 0 0 0
0 0 0 0 0 0 0 0 0 0 0 0 0 0 0 0 1 -1 1 0 0 0 0 0 0 0 0 0 0 0 0 0 0 0 0 0 0 0 0 0 0 0 0 0 0 0 0 0 0 0 0 0 0 0 0 0 0 0 114 0 -263 0 0 0 0 0 0 0 0 0 0 0 0 0 0 0 0 0 0 0 0 0 0 0 0 53 0 0 0 0 0 0 0 0 0 0 0 0 0 2 0 0 0 0 -7 0 0 100 0 0
0 0 -17 1 -22 0 175 0 0 0 0 0 0 0 0 0 0 0 0 0 0 -2 0 0 0 -1 -33 0 0 0 0 -41 161 0 0 0 6 0 0 0 0 14 0 0 0 0 0 0 0 0 0 0 3 0 0 1 -3 0 0 0 0 390 0 -10 -6 0 0 0 0 0 0 0 0 0 0 0 0 0 0 -6 12 0 0 0 0 0 0 0 0 13 0 15 0 0 0 0 0 0 0 0 0 0 0 0 0 0 0 0 0 0
0 0 0 0 0 -2 -3 0 17 -17 0 0 0 0 0 0 0 0 0 0 18 0 -5 0 0 0 -16 0 0 0 0 0 0 0 -7 0 0 0 0 0 0 0 0 0 0 408 0 0 0 0 0 341 0 0 0 0 0 0 0 120 0 0 451 0 0 -40 42 20 -10 0 0 0 0 0 0 -8 0 0 0 0 6 0 0 -4 0 0 0 0 0 0 0 0 0 0 0 0 0 0 0 0 0 -3 0 0 0 0 39 0 0 0
0 0 201 -46 259 0 9 0 0 0 124 0 12 0 0 0 0 0 0 0 0 0 0 0 7 1 -1 0 0 0 -131 -1 -3 0 0 -55 0 0 0 3 23 1 0 10 0 0 -1 8 35 148 -50 0 10 -254 0 0 0 -54 0 0 0 -10 0 -524 0 0 0 0 0 0 0 0 0 0 0 0 -23 0 0 3 1 0 79 0 0 0 0 0 0 -144 0 0 0 0 0 1 0 0 0 0 -215 0 -4 0 0 -34 0 0 0 0
0 0 1 -10 0 0 0 9 0 0 0 0 0 0 0 0 0 0 0 0 0 -20 67 0 0 -12 0 0 0 0 0 0 0 0 0 0 37 0 0 0 0 0 0 -3 0 0 0 0 0 0 0 0 20 0 0 8 270 11 0 0 0 -6 0 0 467 0 0 0 -50 0 0 0 0 0 0 0 0 0 0 -50 0 0 0 0 0 0 0 0 0 1 0 105 0 0 0 0 0 0 0 0 0 42 0 0 0 0 0 0 0 0
0 0 0 0 0 53 -16 0 75 339 0 0 0 0 0 0 0 0 0 0 79 0 0 0 0 0 -76 0 0 0 0 0 0 0 145 0 0 0 0 0 0 0 0 0 0 69 0 0 0 0 0 0 0 0 0 0 0 0 0 0 0 0 -40 0 0 563 0 0 0 0 0 0 0 0 0 0 0 0 0 0 26 0 0 99 0 0 0 0 0 0 0 0 0 0 0 0 0 0 0 0 0 0 0 0 0 0 0 0 0 0
0 0 0 0 0 0 0 0 0 16 0 0 0 0 0 0 0 0 0 0 0 0 -74 0 0 0 0 0 0 0 0 0 0 0 7 0 0 0 0 0 0 0 0 0 0 -69 0 0 0 0 0 0 0 0 0 0 0 0 0 0 0 0 42 0 0 0 -427 0 -135 0 0 0 0 0 0 0 0 0 0 0 0 0 0 5 0 0 0 0 0 0 0 0 0 0 0 0 0 0 0 0 0 -46 0 0 0 0 -115 0 0 0
0 0 0 0 0 0 0 0 0 0 0 0 0 0 0 0 0 0 0 0 0 0 0 0 0 0 0 0 0 0 0 0 0 0 0 0 0 0 0 0 0 0 0 0 0 12 0 0 0 0 0 12 0 0 0 0 0 0 0 5 0 0 20 0 0 0 0 -41 0 0 0 0 0 0 0 331 0 0 0 0 0 0 0 0 0 0 0 0 0 0 0 0 0 0 0 0 0 0 0 0 0 0 0 0 0 0 0 0 0 0
0 0 0 0 0 0 0 -12 0 -3 0 0 0 0 0 0 0 0 0 0 0 0 -347 0 0 0 0 0 0 0 0 0 0 0 -1 0 0 0 0 0 0 0 0 0 0 18 0 0 0 0 0 0 0 0 0 0 103 0 0 0 0 0 -10 0 -50 0 -135 0 -636 0 0 0 0 0 0 0 0 0 0 0 0 0 0 -1 0 0 0 0 0 0 0 0 0 0 0 0 0 0 0 0 0 -217 0 0 0 0 30 0 0 0
0 0 0 0 0 0 0 0 -1 0 0 0 0 0 0 0 0 0 0 0 2 0 0 0 0 0 0 -51 0 0 0 0 0 0 0 0 0 0 0 0 0 0 0 0 0 0 0 0 0 0 0 0 0 0 0 0 0 0 0 0 0 0 0 0 0 0 0 0 0 428 0 0 0 0 0 0 0 0 0 0 0 0 0 0 0 0 0 0 0 0 0 0 0 0 0 0 0 0 0 0 0 0 0 0 0 0 0 0 0 0
0 0 0 0 0 0 0 0 0 0 0 0 0 0 0 0 0 0 0 0 0 0 0 0 0 0 0 0 0 0 0 0 0 0 0 0 0 0 0 0 0 0 0 0 0 0 0 0 0 0 0 0 0 0 0 0 0 0 0 0 0 0 0 0 0 0 0 0 0 0 111 0 0 0 0 0 0 0 0 0 0 0 0 0 0 0 73 0 0 0 0 0 0 0 0 0 0 0 14 0 0 0 0 0 0 0 0 0 0 0
0 0 -245 0 0 0 0 0 0 0 0 0 0 0 0 0 0 0 0 0 0 0 0 0 0 0 0 0 0 0 0 0 0 0 0 0 0 0 -191 0 0 0 0 0 0 0 0 0 0 0 0 0 23 0 0 0 0 0 0 0 0 0 0 0 0 0 0 0 0 0 0 34 0 0 0 0 0 0 0 0 0 0 0 0 0 0 0 0 0 -340 0 0 0 0 0 0 0 0 0 0 0 0 0 0 0 0 0 0 0 0
0 0 0 0 0 0 0 0 0 0 0 0 0 0 0 0 0 0 0 0 0 0 0 0 0 0 0 0 0 0 0 0 0 0 0 0 0 0 0 0 0 0 0 0 0 0 0 0 0 0 0 0 0 0 0 0 0 0 0 0 0 0 0 0 0 0 0 0 0 0 0 0 835 0 0 0 0 0 0 0 0 0 0 0 0 0 0 0 0 0 0 0 0 0 0 0 0 0 0 0 0 0 0 0 0 0 0 0 0 0
0 0 0 0 0 0 0 0 0 0 0 0 0 0 0 0 0 0 0 0 0 0 0 0 0 0 0 0 0 0 0 0 0 0 0 0 0 0 0 0 0 0 0 0 0 0 0 0 0 0 0 0 0 0 0 0 0 0 0 0 0 0 0 0 0 0 0 0 0 0 0 0 0 -174 0 0 0 0 0 0 0 0 0 0 0 0 0 0 0 0 0 0 0 0 0 0 0 0 0 0 0 0 0 0 0 0 0 0 0 0
0 0 0 0 0 0 0 0 0 0 0 0 0 0 0 0 0 0 0 0 0 0 0 0 0 0 0 0 0 0 0 0 0 0 0 0 0 0 0 0 0 0 0 0 0 0 0 0 0 0 0 0 0 0 0 0 0 0 0 0 0 0 0 0 0 0 0 0 0 0 0 0 0 0 599 0 0 0 0 0 0 0 0 0 0 0 0 0 0 0 0 0 0 0 0 0 0 0 0 0 0 0 0 0 0 0 0 0 0 0
0 0 0 0 0 0 0 0 0 0 0 0 0 0 0 0 0 0 0 0 0 0 0 0 0 0 0 0 0 0 0 0 0 0 0 0 0 0 0 0 0 0 0 0 0 -5 0 0 0 0 0 0 0 0 0 0 0 0 0 0 0 0 -8 0 0 0 0 331 0 0 0 0 0 0 0 659 0 0 0 0 0 0 0 0 0 0 0 0 0 0 0 0 0 0 0 0 0 0 0 0 0 0 0 0 0 0 0 0 0 0
0 0 5 9 6 0 0 0 0 0 -20 0 49 0 0 0 0 0 0 0 0 0 0 0 29 0 0 0 0 0 23 0 0 0 0 0 0 0 0 13 7 0 0 0 0 0 0 0 10 -25 -264 0 0 -67 0 0 0 9 0 0 0 0 0 -23 0 0 0 0 0 0 0 0 0 0 0 0 178 0 0 0 0 0 0 0 403 0 0 0 0 -3 0 0 29 0 0 0 0 0 0 0 37 0 0 0 0 6 0 0 0 -90
335 0 21 0 0 0 0 0 0 0 0 0 0 0 0 0 0 0 0 0 0 0 0 0 0 0 0 0 0 0 0 0 0 0 0 0 0 0 -78 0 0 0 0 0 0 0 0 0 0 0 0 0 -1 0 0 0 0 0 0 0 0 0 0 0 0 0 0 0 0 0 0 0 0 0 0 0 0 -181 0 0 0 0 0 0 0 0 0 0 0 30 0 0 0 0 0 0 0 0 0 0 0 0 0 0 0 0 0 0 0 0
0 0 0 0 0 0 0 0 0 0 0 0 0 0 0 0 0 0 0 0 0 0 0 0 0 0 0 0 0 89 0 0 0 0 0 0 0 0 0 0 -277 0 0 0 0 0 0 0 178 0 0 0 0 0 -124 0 0 0 0 0 0 0 0 0 0 0 0 0 0 0 0 0 0 0 0 0 0 0 -215 0 0 0 0 0 0 0 0 0 0 0 0 0 0 0 0 0 0 4 0 0 0 0 0 0 0 0 0 0 0 0
0 0 9 -10 0 0 0 0 0 0 0 0 0 0 0 0 0 -102 0 0 0 -343 0 0 0 -212 0 0 0 0 1 0 0 0 0 -6 -127 0 0 0 0 0 0 11 0 0 -22 115 0 0 0 0 300 0 0 -24 -24 11 0 0 0 -6 0 3 -50 0 0 0 0 0 0 0 0 0 0 0 0 0 0 -194 0 0 10 0 0 0 0 0 0 14 0 -360 0 0 0 20 0 0 0 0 1 0 -34 0 21 1 0 0 -1 0
0 0 1 -3 2 0 23 0 -76 -45 0 0 0 0 0 0 0 0 0 0 -81 38 0 0 0 -60 95 0 0 0 0 2 4 0 -19 0 0 0 0 0 0 0 0 7 0 -9 0 0 0 0 0 0 0 0 0 0 0 4 0 0 0 12 6 1 0 26 0 0 0 0 0 0 0 0 0 0 0 0 0 0 500 0 0 -13 0 0 0 0 0 0 0 0 0 0 0 0 0 0 0 0 0 0 0 0 0 0 0 0 0 0
0 0 0 30 0 0 0 0 0 0 25 0 0 0 0 -383 -1 0 -10 0 0 0 0 0 0 0 0 0 0 1 0 0 0 0 0 0 0 0 0 0 0 0 0 0 0 0 0 0 0 0 0 0 0 0 0 0 0 31 0 0 0 0 0 0 0 0 0 0 0 0 0 0 0 0 0 0 0 0 0 0 0 277 0 0 0 0 0 0 0 0 0 0 0 -398 37 0 0 -2 0 1 0 0 0 0 -2 0 0 0 0 0
0 0 -13 6 -18 0 0 0 0 -41 -13 0 0 0 0 0 0 0 0 0 0 -1 0 0 0 3 0 0 0 0 15 0 0 0 0 79 0 0 0 0 0 0 0 31 0 0 -4 25 0 -16 0 0 30 0 0 20 0 6 0 0 0 0 0 79 0 0 0 0 0 0 0 0 0 0 0 0 0 0 0 10 0 0 -387 144 0 0 0 0 0 12 0 -1 0 0 0 2 0 0 0 0 24 0 -16 0 0 4 0 0 0 0
0 0 0 0 0 7 9 0 -39 -105 0 0 0 0 0 0 0 0 0 0 -41 0 0 0 0 0 41 0 0 0 0 0 0 0 -77 205 0 0 0 0 0 0 0 0 0 9 0 0 0 0 0 0 0 0 0 91 0 0 0 0 0 0 -4 0 0 99 5 0 -1 0 0 0 0 0 0 0 0 0 0 0 -13 0 144 410 0 0 10 0 0 0 0 -6 0 0 0 0 0 0 -50 0 0 0 0 0 0 0 5 0 0 0
0 0 0 0 0 0 0 0 0 0 0 0 0 0 0 0 0 0 0 0 0 0 0 0 0 0 0 0 0 0 0 0 0 0 0 0 0 0 0 0 0 0 0 0 0 0 0 0 0 0 -184 0 0 0 0 0 0 0 0 0 0 0 0 0 0 0 0 0 0 0 0 0 0 0 0 0 403 0 0 0 0 0 0 0 75 0 0 0 0 0 0 0 -14 0 0 0 0 0 0 0 0 0 0 0 0 0 0 0 0 46
0 0 0 0 0 0 0 0 0 0 0 0 0 0 0 0 1 -13 7 0 0 0 0 0 0 0 0 0 0 0 0 0 0 0 0 0 0 0 0 0 0 0 0 0 0 0 0 0 0 0 0 0 0 0 0 0 0 0 -12 0 53 0 0 0 0 0 0 0 0 0 0 0 0 0 0 0 0 0 0 0 0 0 0 0 0 216 0 0 0 0 0 0 0 0 0 0 0 0 0 13 0 0 0 0 -65 0 0 -10 0 0
0 0 0 0 0 0 0 0 0 -2 0 0 0 0 0 0 0 0 0 0 0 0 0 0 0 0 0 0 0 0 0 0 0 0 0 0 0 0 0 0 0 0 0 0 0 0 0 0 0 0 0 0 0 0 0 -76 0 0 0 0 0 0 0 0 0 0 0 0 0 0 73 0 0 0 0 0 0 0 0 0 0 0 0 10 0 0 235 0 0 0 0 6 0 0 0 0 0 0 82 0 0 0 0 0 0 0 0 0 0 0
0 0 0 0 0 0 0 0 0 0 0 0 0 0 0 0 0 0 0 0 0 0 0 0 0 0 0 0 0 0 0 0 0 0 0 0 0 0 0 0 0 0 0 0 0 0 0 0 0 0 0 0 0 0 0 0 0 0 0 0 0 0 0 0 0 0 0 0 0 0 0 0 0 0 0 0 0 0 0 0 0 0 0 0 0 0 0 25 0 0 0 0 0 0 0 0 0 0 0 0 0 0 0 0 0 0 0 0 0 0
0 0 0 0 0 0 0 0 0 0 0 0 0 0 0 0 0 0 0 0 0 0 0 0 0 0 0 0 0 0 0 0 0 0 0 0 0 0 0 0 0 0 0 0 0 0 0 0 0 0 0 0 0 0 0 0 0 0 0 0 0 0 0 0 0 0 0 0 0 0 0 0 0 0 0 0 0 0 0 0 0 0 0 0 0 0 0 0 93 0 0 0 0 0 0 0 0 0 0 0 0 0 0 0 0 0 0 0 0 0
-64 0 -126 -10 20 0 -10 0 0 0 17 0 2 0 0 0 0 0 0 0 0 4 0 0 1 4 3 0 0 0 -17 2 5 0 0 -8 3 0 216 1 3 0 0 11 0 0 -3 17 5 20 -6 0 11 -33 0 1 1 -2 0 0 0 13 0 -144 1 0 0 0 0 0 0 -340 0 0 0 0 -3 30 0 14 0 0 12 0 0 0 0 0 0 307 0 7 0 0 0 3 0 0 0 0 -28 0 -5 0 0 -4 0 0 0 0
0 0 0 0 0 0 0 0 0 0 0 0 0 0 0 0 0 0 0 0 0 0 0 226 0 0 0 0 0 0 0 0 0 0 0 0 0 0 0 0 0 0 0 0 0 0 0 0 0 0 0 0 0 0 0 0 0 0 0 0 0 0 0 0 0 0 0 0 0 0 0 0 0 0 0 0 0 0 0 0 0 0 0 0 0 0 0 0 0 0 104 0 0 0 0 0 0 0 0 0 0 0 0 0 0 0 0 0 0 0
0 0 5 22 0 0 0 0 0 2 0 0 0 0 0 0 0 0 0 0 0 -144 0 0 0 -92 0 0 0 0 0 0 0 0 0 -1 -146 0 0 0 0 0 0 -23 0 0 0 0 0 0 0 0 143 0 0 29 52 -21 0 0 0 15 0 0 105 0 0 0 0 0 0 0 0 0 0 0 0 0 0 -360 0 0 -1 -6 0 0 6 0 0 7 0 150 0 0 0 0 0 0 -27 0 0 0 0 0 0 0 0 0 0 0
0 0 0 0 0 0 0 0 0 0 0 0 0 0 0 0 0 0 0 0 0 0 0 0 0 0 0 0 0 0 0 0 0 0 0 0 0 0 0 0 0 0 0 0 0 0 0 0 0 0 -13 0 0 0 0 0 0 0 0 0 0 0 0 0 0 0 0 0 0 0 0 0 0 0 0 0 29 0 0 0 0 0 0 0 -14 0 0 0 0 0 0 0 -361 0 0 0 0 0 0 0 0 0 0 0 0 0 0 0 0 -200
0 0 0 -21 0 0 0 0 0 0 -17 0 0 0 0 -290 -4 0 -27 0 0 0 0 0 0 0 0 0 0 0 0 0 0 0 0 0 0 0 0 0 0 0 0 0 0 0 0 0 0 0 0 0 0 0 0 0 0 -21 0 0 0 0 0 0 0 0 0 0 0 0 0 0 0 0 0 0 0 0 0 0 0 -398 0 0 0 0 0 0 0 0 0 0 0 138 0 0 0 4 0 0 0 0 0 0 0 0 0 0 0 0
0 0 0 0 0 0 0 0 0 0 0 0 0 0 0 -50 0 0 0 0 0 0 0 0 0 0 0 0 0 0 0 0 0 0 0 0 0 0 0 0 0 0 0 0 0 0 0 0 0 0 0 0 0 0 0 0 0 0 0 0 0 0 0 0 0 0 0 0 0 0 0 0 0 0 0 0 0 0 0 0 0 37 0 0 0 0 0 0 0 0 0 0 0 0 752 0 0 0 0 0 0 0 0 0 0 0 0 0 0 0
0 0 2 1 0 0 0 0 0 0 0 0 0 0 0 0 0 0 0 0 0 6 0 0 0 6 0 0 0 0 1 0 0 0 0 -1 0 0 0 0 0 0 0 15 0 0 -9 50 0 0 0 0 61 0 0 0 0 1 0 0 0 0 0 1 0 0 0 0 0 0 0 0 0 0 0 0 0 0 0 20 0 0 2 0 0 0 0 0 0 3 0 0 0 0 0 -884 0 0 0 0 1 0 -6 0 0 1 0 0 0 0
0 0 0 0 0 0 0 0 0 0 0 0 0 0 0 0 0 0 0 0 0 0 0 0 0 0 0 0 0 0 0 0 0 0 0 0 0 0 0 0 0 0 0 0 0 0 0 0 0 0 0 0 0 0 0 0 0 0 0 0 0 0 0 0 0 0 0 0 0 0 0 0 0 0 0 0 0 0 0 0 0 0 0 0 0 0 0 0 0 0 0 0 0 0 0 0 762 0 0 0 0 0 0 0 0 0 0 0 0 0
0 0 0 0 0 0 0 0 0 0 0 0 0 0 0 -2 0 0 0 0 0 0 0 0 0 0 0 0 0 25 0 0 0 0 0 0 0 0 0 0 4 0 0 0 0 0 0 0 -2 0 0 0 0 0 -10 0 0 0 0 0 0 0 0 0 0 0 0 0 0 0 0 0 0 0 0 0 0 0 4 0 0 -2 0 0 0 0 0 0 0 0 0 0 0 4 0 0 0 -487 0 0 0 0 0 0 0 0 0 0 0 0
0 0 0 0 0 0 0 0 0 15 0 0 0 0 0 0 0 0 0 0 0 0 0 0 0 0 0 0 0 0 0 0 0 0 0 0 0 0 0 0 0 0 0 0 0 0 0 0 0 0 0 0 0 0 0 401 0 0 0 0 0 0 0 0 0 0 0 0 0 0 14 0 0 0 0 0 0 0 0 0 0 0 0 -50 0 0 82 0 0 0 0 -27 0 0 0 0 0 0 -175 0 0 0 0 0 0 0 0 0 0 0
0 0 0 0 0 0 0 0 0 0 0 0 0 0 0 1 -1 -18 -10 0 0 0 0 0 0 0 0 0 0 0 0 0 0 0 0 0 0 0 0 0 0 0 0 0 0 0 0 0 0 0 0 0 0 0 0 0 0 0 0 0 2 0 0 0 0 0 0 0 0 0 0 0 0 0 0 0 0 0 0 0 0 1 0 0 0 13 0 0 0 0 0 0 0 0 0 0 0 0 0 220 0 0 0 0 -94 0 0 0 0 0
0 0 40 -94 52 0 0 0 0 0 232 0 -17 0 0 0 0 0 0 0 0 0 0 0 -10 1 0 0 0 0 -276 0 0 0 0 -16 0 0 0 -4 -35 0 0 3 0 0 0 3 -55 277 80 0 3 404 0 0 0 -95 0 0 0 0 0 -215 0 0 0 0 0 0 0 0 0 0 0 0 37 0 0 1 0 0 24 0 0 0 0 0 0 -28 0 0 0 0 0 1 0 0 0 0 545 0 -1 0 0 -65 0 0 0 0
0 0 0 0 0 0 0 10 0 -1 0 0 0 0 0 0 0 0 0 0 0 0 -226 0 0 0 0 0 0 0 0 46 0 0 0 0 0 0 0 0 0 140 0 0 0 7 0 0 0 0 0 0 0 0 0 0 -84 0 0 0 0 0 -3 0 42 0 -46 0 -217 0 0 0 0 0 0 0 0 0 0 0 0 0 0 0 0 0 0 0 0 0 0 0 0 0 0 0 0 0 0 0 0 93 0 0 0 0 11 0 0 0
0 0 -2 0 2 0 0 0 0 0 1 0 0 0 0 0 0 0 0 0 0 -18 0 0 0 -8 0 0 0 0 0 0 0 0 0 12 0 0 0 0 0 0 0 26 0 0 18 -90 0 2 0 0 -108 0 0 0 0 0 0 0 0 0 0 -4 0 0 0 0 0 0 0 0 0 0 0 0 0 0 0 -34 0 0 -16 0 0 0 0 0 0 -5 0 0 0 0 0 -6 0 0 0 0 -1 0 -98 0 0 0 0 0 0 0
0 0 0 0 0 0 0 0 0 0 0 0 0 0 0 0 0 0 0 0 0 0 0 0 0 0 0 0 0 0 0 0 0 0 0 0 0 0 0 0 0 0 0 0 0 0 0 0 0 0 0 0 0 0 0 0 0 0 0 0 0 0 0 0 0 0 0 0 0 0 0 0 0 0 0 0 0 0 0 0 0 0 0 0 0 0 0 0 0 0 0 0 0 0 0 0 0 0 0 0 0 0 0 -654 0 0 0 0 0 0
0 0 0 0 0 0 0 0 0 0 0 0 0 0 0 -1 8 -122 52 0 0 -35 0 0 0 -22 0 0 0 0 0 0 0 0 0 0 0 0 0 0 0 0 0 -5 0 0 0 0 0 0 0 0 0 0 0 0 0 0 0 0 -7 0 0 0 0 0 0 0 0 0 0 0 0 0 0 0 0 0 0 21 0 -2 0 0 0 -65 0 0 0 0 0 0 0 0 0 0 0 0 0 -94 0 0 0 0 -145 0 0 0 1 0
0 0 7 -9 9 0 0 0 0 0 23 0 -2 0 0 0 0 0 0 0 0 0 0 0 -1 1 0 0 0 0 -39 0 0 0 0 -2 0 -318 0 0 -5 0 0 1 0 0 0 1 -8 -163 13 0 1 66 0 0 0 -9 0 0 0 0 0 -34 0 0 0 0 0 0 0 0 0 0 0 0 6 0 0 1 0 0 4 0 0 0 0 0 0 -4 0 0 0 0 0 1 0 0 0 0 -65 0 0 0 0 -39 0 0 0 0
0 0 0 0 0 0 0 0 0 14 0 0 0 0 0 0 0 0 0 0 0 0 17 0 0 0 0 0 0 0 0 0 0 0 6 0 0 0 0 0 0 0 0 0 0 -64 0 0 0 0 0 0 0 0 0 0 0 0 0 0 0 0 39 0 0 0 -115 0 30 0 0 0 0 0 0 0 0 0 0 0 0 0 0 5 0 0 0 0 0 0 0 0 0 0 0 0 0 0 0 0 0 11 0 0 0 0 -347 0 0 0
0 0 0 0 0 0 0 0 0 0 0 0 0 0 0 0 0 0 0 0 0 0 0 0 0 0 0 0 0 0 0 0 0 0 0 0 0 0 0 0 0 0 0 0 0 0 0 0 0 0 0 0 0 0 0 0 0 0 31 0 100 0 0 0 0 0 0 0 0 0 0 0 0 0 0 0 0 0 0 0 0 0 0 0 0 -10 0 0 0 0 0 0 0 0 0 0 0 0 0 0 0 0 0 0 0 0 0 -616 0 0
0 0 0 0 0 0 0 0 0 0 0 0 0 0 0 0 0 -3 0 0 0 2 0 0 0 2 0 0 0 0 0 0 0 0 0 0 0 0 0 0 0 0 0 1 0 0 0 0 0 0 0 0 0 0 0 0 0 0 0 0 0 0 0 0 0 0 0 0 0 0 0 0 0 0 0 0 0 0 0 -1 0 0 0 0 0 0 0 0 0 0 0 0 0 0 0 0 0 0 0 0 0 0 0 0 1 0 0 0 380 0
0 0 0 0 0 0 0 0 0 0 0 0 0 0 0 0 0 0 0 0 0 0 0 0 0 0 0 0 0 0 0 0 0 0 0 0 0 0 0 0 0 0 0 0 0 0 0 0 0 0 42 0 0 0 0 0 0 0 0 0 0 0 0 0 0 0 0 0 0 0 0 0 0 0 0 0 -90 0 0 0 0 0 0 0 46 0 0 0 0 0 0 0 -200 0 0 0 0 0 0 0 0 0 0 0 0 0 0 0 0 203

