Q_obj 
-614 0 0 0 0 0 0 0 0 0 0 80 0 0 0 -86 0 0 0 0 0 0 0 0 0 0 0 0 0 0 0 0 0 0 -110 -19 0 0 0 0 0 0 0 0 0 0 0 0 0 0 0 0 0 0 0 0 8 0 0 0 0 0 0 0 0 0 0 0 0 0 19 0 0 0 0 0 0 0 0 0 0 0 0 0 0 0 0 0 0 0 0 0 0 0 0 0 0 0 0 0 0 0 0 0 0 0 -29 0 0 0 0 194 0 0 0 0 0 0 0 0 0 0 0 0 0 23 0 0 16 0 0 0 0 0 0 0 0 0 0 0 0 0 0 -23 0 0 0 0 0 0 0 0 0 0 0 0 25 0 0 0
0 -37 0 0 0 0 0 17 0 0 0 0 0 0 0 0 0 -5 0 0 0 0 3 0 0 0 0 0 0 0 0 0 0 22 0 0 -7 0 0 0 0 0 0 0 0 0 0 0 0 -43 0 0 0 0 0 0 -62 0 0 0 0 0 0 0 0 0 0 19 0 0 0 0 0 16 -10 0 0 0 -31 0 0 0 0 0 0 0 39 0 100 0 0 0 0 0 0 0 0 0 0 0 0 0 0 0 0 0 0 0 -15 0 0 0 0 0 -133 0 0 0 0 0 0 0 0 0 0 0 0 0 29 -82 0 0 0 0 19 0 0 0 101 -49 0 0 0 0 0 0 0 -120 0 0 0 2 0 0 0 0 0 0 0 0
0 0 303 0 0 0 0 0 0 0 0 0 0 0 0 0 0 0 0 0 0 0 0 57 0 0 0 0 0 0 0 0 -84 0 0 0 0 0 -41 81 0 0 0 0 0 0 0 0 0 0 0 0 0 0 0 -6 4 0 0 0 97 0 0 0 0 0 -55 0 0 0 -8 0 0 0 0 0 0 0 0 0 0 0 0 0 0 0 0 0 0 0 0 0 0 0 0 0 0 0 0 0 0 -20 0 0 0 0 0 0 0 -632 0 0 0 0 0 0 0 0 0 0 33 0 0 0 0 0 -118 0 8 0 0 0 0 0 0 8 0 0 0 0 0 0 0 0 0 0 0 0 0 0 0 0 0 53 0 0 0 0 0 0
0 0 0 -709 0 0 0 0 0 0 0 0 0 0 0 0 0 0 0 0 0 0 0 0 0 0 0 0 0 0 0 0 0 0 0 0 0 0 0 0 0 0 0 0 0 0 0 0 0 0 0 0 0 0 0 0 0 0 0 0 0 0 0 0 0 0 0 0 0 0 0 0 0 0 0 0 0 0 0 0 0 0 0 0 0 0 0 0 0 0 0 0 0 0 0 0 0 0 0 0 0 0 0 0 0 0 0 0 0 0 0 0 0 0 0 0 0 0 0 0 0 0 0 0 0 0 0 0 0 0 0 0 0 0 0 0 0 0 0 0 0 0 0 0 0 0 0 0 0 0 0 0 0 0 0 0 0 0 0 0
0 0 0 0 494 0 0 52 0 0 0 19 0 0 0 0 0 0 23 0 0 0 0 0 0 0 0 0 0 0 0 0 0 -75 0 -4 0 0 0 0 0 0 0 0 0 0 0 0 8 0 0 0 0 0 0 0 0 0 0 0 0 0 0 0 0 0 0 0 0 0 0 0 0 0 0 0 0 0 0 0 0 0 0 0 0 0 0 0 0 0 0 0 0 0 0 0 0 0 0 0 0 0 0 0 0 0 0 0 -47 0 0 0 0 0 0 0 0 0 0 0 0 0 0 0 0 0 0 0 0 0 0 0 0 0 0 0 0 0 0 0 0 0 0 66 0 0 0 0 0 0 0 0 0 0 0 0 0 0 0 0
0 0 0 0 0 85 0 0 0 0 0 0 0 0 0 0 0 0 0 0 0 0 0 0 0 0 0 0 0 0 0 0 0 0 0 0 0 0 0 0 0 0 0 0 0 0 0 0 0 0 0 0 0 0 0 0 0 0 0 0 0 0 0 0 0 0 0 0 0 0 0 0 0 0 0 0 0 0 0 0 0 0 0 0 0 0 0 0 0 0 0 0 0 0 0 0 0 0 0 0 0 0 0 0 0 0 0 0 0 0 0 0 0 0 0 0 0 0 0 0 0 0 0 0 0 0 0 0 0 0 0 0 0 0 0 0 0 0 0 0 0 0 0 0 0 0 0 0 0 0 0 0 0 0 0 0 0 0 0 0
0 0 0 0 0 0 -916 0 0 0 0 0 0 114 0 0 0 0 0 0 0 0 0 0 0 0 0 0 0 0 0 0 0 0 0 0 0 0 0 0 0 0 0 0 0 0 0 0 0 0 0 0 0 0 0 0 0 0 0 0 0 0 0 0 0 0 0 0 0 0 0 0 0 0 0 0 0 0 0 0 0 0 0 0 0 0 0 0 0 0 0 0 0 0 0 0 0 0 0 0 0 0 0 0 0 0 0 0 0 0 0 0 0 0 0 0 0 0 0 0 0 0 0 0 0 0 0 0 0 0 0 0 0 0 0 0 0 0 0 0 0 0 0 0 0 0 0 0 0 0 0 0 0 0 0 0 0 0 0 0
0 17 0 0 52 0 0 64 0 0 0 36 78 0 0 0 0 2 -11 0 0 0 0 0 0 0 0 0 0 0 0 0 0 -387 0 -8 -9 0 0 0 0 0 0 0 0 0 0 0 0 12 0 0 60 0 0 0 -33 0 -5 8 0 0 0 0 0 0 0 -3 0 0 0 0 80 -19 -13 0 0 0 6 0 0 0 0 0 0 0 38 0 -28 17 0 0 0 0 0 0 0 -3 0 0 0 0 0 0 0 0 0 0 250 0 0 0 0 0 37 0 0 0 0 0 0 0 0 0 0 0 0 0 16 23 0 0 2 0 -4 0 0 66 0 14 0 0 0 130 0 -50 0 33 0 0 0 1 0 0 0 0 0 0 0 0
0 0 0 0 0 0 0 0 -695 0 0 0 0 0 0 0 0 0 0 0 0 0 0 0 0 0 0 0 0 0 0 0 0 0 0 0 0 0 0 0 0 0 0 0 0 0 0 0 0 0 0 0 0 0 0 0 0 0 0 0 0 0 0 0 0 0 0 0 0 0 0 0 0 0 0 0 0 0 0 0 0 0 0 0 0 -220 0 0 0 0 0 0 0 0 0 0 0 0 0 0 0 0 0 0 0 0 0 0 0 0 0 0 0 0 0 0 0 0 0 0 0 0 0 0 0 0 0 0 0 0 0 0 0 0 0 0 0 0 0 0 215 0 -9 0 0 0 0 0 0 0 0 0 0 0 0 0 0 0 0 0
0 0 0 0 0 0 0 0 0 359 0 0 0 0 0 0 0 0 0 0 0 0 1 0 0 0 0 11 0 175 0 0 0 0 -115 0 0 0 0 0 0 0 0 0 0 0 0 0 0 -6 0 0 0 0 0 0 8 0 0 0 0 0 0 0 0 0 0 3 0 0 20 0 0 4 0 -10 0 0 -4 0 0 0 0 0 0 0 2 0 15 0 -5 0 0 0 0 0 0 0 0 0 0 0 0 0 98 0 0 0 0 0 0 -69 0 0 -19 0 0 0 0 0 0 0 0 0 0 -298 0 0 17 -12 0 0 0 0 0 0 -25 0 0 0 0 0 0 0 0 0 0 48 0 0 0 0 0 0 0 0 274 0 0 0
0 0 0 0 0 0 0 0 0 0 -35 0 0 0 0 0 0 0 0 0 0 0 0 0 0 0 0 0 0 0 0 0 0 0 0 0 0 0 0 0 0 0 -129 0 22 0 0 0 0 0 0 0 0 0 0 0 0 48 0 0 0 0 0 0 0 0 0 0 0 0 0 0 0 0 0 0 0 0 0 0 0 0 0 0 0 0 0 0 0 0 0 0 0 0 0 0 0 0 0 0 0 0 0 0 0 0 0 -557 0 0 0 0 0 0 0 0 0 0 138 0 0 0 0 0 0 1 0 0 0 0 0 0 0 0 0 0 0 0 0 0 0 0 0 0 0 0 0 0 0 0 0 0 0 0 0 -89 1 0 0 0
80 0 0 0 19 0 0 36 0 0 0 -552 0 0 0 35 0 0 -14 0 0 0 0 0 0 0 0 0 0 0 0 0 0 -52 45 159 0 0 0 0 0 0 0 0 1 0 0 0 -6 -14 0 0 0 22 0 0 -2 0 0 0 0 0 0 0 0 0 0 0 0 0 -7 0 0 -103 0 0 0 0 0 0 0 0 0 0 0 0 -31 0 0 0 0 0 0 0 0 0 0 0 0 0 0 0 0 0 0 0 112 0 -33 0 0 -78 0 0 0 0 0 0 0 -10 0 0 0 0 0 -85 0 0 -6 -26 0 0 0 0 0 0 0 0 0 0 0 0 0 206 0 0 0 0 0 0 0 0 0 0 0 0 -93 0 0 0
0 0 0 0 0 0 0 78 0 0 0 0 684 0 0 0 0 2 0 0 0 0 0 0 0 0 0 0 0 0 0 0 0 0 0 0 0 0 0 0 0 0 0 0 0 0 0 0 0 0 0 0 41 0 0 0 0 0 14 -19 0 0 0 0 0 0 0 -4 0 0 0 0 54 0 0 0 0 0 8 0 0 0 0 0 0 0 0 0 4 12 0 0 0 0 0 0 0 9 0 0 0 0 0 0 0 0 0 0 85 0 0 0 0 0 0 0 0 0 0 0 0 0 0 0 0 0 0 0 0 0 0 0 -3 0 0 0 0 -216 0 0 0 0 0 0 0 127 0 0 0 0 0 0 0 0 0 0 0 0 0 0
0 0 0 0 0 0 114 0 0 0 0 0 0 -719 0 0 0 0 0 0 0 0 0 0 0 0 0 0 0 0 0 0 0 0 0 0 0 0 0 0 0 0 0 0 0 0 0 0 0 0 0 0 0 0 0 0 0 0 0 0 0 0 0 0 0 0 0 0 0 0 0 0 0 0 0 0 0 0 0 0 0 0 0 0 0 0 0 0 0 0 0 0 0 0 0 0 0 0 0 0 0 0 0 0 0 0 0 0 0 0 0 0 0 0 0 0 0 0 0 0 0 0 0 0 0 0 0 0 0 0 0 0 0 0 0 0 0 0 0 0 0 0 0 0 0 0 0 0 0 0 0 0 0 0 0 0 0 0 0 0
0 0 0 0 0 0 0 0 0 0 0 0 0 0 362 0 0 0 0 0 0 0 0 0 -41 0 0 0 -80 0 0 0 0 0 0 0 0 0 0 0 0 0 0 0 0 0 0 0 0 0 0 0 0 0 0 0 0 0 0 0 0 0 0 0 60 0 0 0 0 0 0 0 0 0 0 0 0 0 0 0 0 0 0 0 0 0 0 0 0 0 0 0 0 0 0 0 0 0 0 0 0 0 0 0 0 0 0 0 0 0 0 0 0 0 0 0 0 242 0 0 0 0 0 0 0 0 0 0 0 0 0 0 0 0 0 0 0 0 0 0 0 -579 0 0 0 0 0 0 0 0 0 0 0 0 0 0 0 0 0 0
-86 0 0 0 0 0 0 0 0 0 0 35 0 0 0 -109 0 0 0 0 0 0 0 0 0 0 0 0 0 0 0 0 0 0 -114 -8 0 0 0 0 0 0 0 0 0 0 0 0 0 0 0 0 0 0 0 0 8 0 0 0 0 0 0 0 0 0 0 0 0 0 20 0 0 0 0 0 0 0 0 0 0 0 0 0 0 0 0 0 0 0 0 0 0 0 0 0 0 0 0 0 0 0 0 0 0 0 -12 0 0 0 0 201 0 0 0 0 0 0 0 0 0 0 0 0 0 10 0 0 17 0 0 0 0 0 0 0 0 0 0 0 0 0 0 -10 0 0 0 0 0 0 0 0 0 0 0 0 11 0 0 0
0 0 0 0 0 0 0 0 0 0 0 0 0 0 0 0 -123 0 0 0 0 0 0 0 0 0 0 0 0 0 0 0 0 0 0 0 0 0 0 0 0 0 0 0 0 0 0 0 0 0 0 0 0 0 0 0 0 0 0 0 0 0 0 0 0 0 0 0 0 0 0 0 0 0 0 0 0 0 0 0 0 0 0 0 0 0 0 -90 0 0 0 0 0 0 -383 0 0 0 0 0 0 0 0 -72 0 0 0 0 0 0 0 0 0 0 0 0 0 0 0 0 0 0 0 0 0 0 0 0 0 0 0 0 0 -253 0 0 0 0 0 0 0 0 0 0 0 0 0 0 0 0 0 0 0 0 0 0 0 0 0 0
0 -5 0 0 0 0 0 2 0 0 0 0 2 0 0 0 0 -35 0 0 0 0 35 0 0 0 0 2 0 -2 0 0 0 2 1 0 4 0 0 0 0 0 0 -19 -2 0 0 0 0 2 0 0 -10 0 0 0 12 1 1 -1 0 0 0 0 0 -2 0 40 0 0 0 0 0 4 5 -1 0 0 -6 5 0 0 0 0 0 0 -13 0 -3 39 0 0 0 0 0 0 0 1 0 0 -139 0 0 0 -1 0 1 0 -2 0 -2 1 0 0 15 0 0 0 0 0 0 0 0 0 0 0 0 70 -5 3 0 0 0 0 0 0 1 2 0 1 0 0 0 0 -5 11 -7 -6 0 0 0 0 0 0 0 0 1 -1 0 62
0 0 0 0 23 0 0 -11 0 0 0 -14 0 0 0 0 0 0 -447 0 0 0 0 0 0 0 0 0 0 0 0 0 0 17 0 4 0 0 0 0 0 0 0 0 0 0 0 0 -237 0 0 0 0 0 0 0 0 0 0 0 0 0 0 0 0 0 0 0 0 0 0 0 0 0 0 0 0 0 0 0 0 0 0 0 0 0 0 0 0 0 0 0 0 0 0 0 0 0 0 0 0 0 0 0 0 0 0 0 11 0 0 0 0 0 0 0 0 0 0 0 0 0 0 0 0 0 0 0 0 0 0 0 0 0 0 0 0 0 0 0 0 0 0 -54 0 0 0 0 0 0 0 0 0 0 0 0 0 0 0 0
0 0 0 0 0 0 0 0 0 0 0 0 0 0 0 0 0 0 0 -179 0 0 0 -58 0 0 0 0 0 0 0 0 0 0 0 0 0 0 0 0 0 0 0 0 0 0 0 0 0 0 0 0 0 0 0 0 85 0 0 0 0 0 0 0 0 0 0 0 0 0 -195 0 0 0 0 0 0 -27 0 0 0 0 0 0 0 0 0 -90 0 0 0 0 0 0 0 0 0 0 1 0 0 0 0 9 0 0 0 0 0 0 0 0 -1 0 0 -24 0 0 0 0 0 0 0 0 0 0 0 0 186 0 -2 2 0 30 0 0 0 0 0 0 0 0 0 0 0 0 0 0 0 0 0 0 0 0 0 0 0 0 0 0
0 0 0 0 0 0 0 0 0 0 0 0 0 0 0 0 0 0 0 0 -845 0 0 0 0 0 0 0 0 0 0 0 0 0 0 0 0 0 0 0 0 0 0 0 0 0 0 0 0 0 0 0 0 0 0 0 0 0 0 0 0 0 0 0 0 0 0 0 0 0 0 0 0 0 0 0 0 0 0 0 0 0 0 0 0 0 0 0 0 0 0 0 0 0 0 0 0 0 0 0 0 0 0 0 0 0 0 0 0 0 0 0 0 0 0 0 0 0 0 0 0 0 0 0 0 0 0 0 0 0 0 0 0 0 0 0 0 0 0 0 0 0 0 0 0 0 0 0 0 0 0 0 0 0 0 0 0 0 0 0
0 0 0 0 0 0 0 0 0 0 0 0 0 0 0 0 0 0 0 0 0 -387 0 0 0 0 0 0 0 0 0 0 0 0 0 0 0 0 0 0 0 0 0 0 0 0 0 0 0 0 0 0 0 0 0 0 0 0 0 0 0 0 0 0 0 0 0 0 0 0 0 0 0 0 0 0 0 0 0 0 0 0 0 0 0 0 0 0 0 0 0 0 0 0 0 0 0 0 0 0 0 0 0 0 0 0 0 0 0 0 0 0 0 0 0 0 0 0 0 0 0 0 0 0 0 0 0 0 0 0 0 0 0 0 0 0 0 0 0 0 0 0 0 0 0 0 0 0 0 0 0 0 0 0 0 0 0 0 0 0
0 3 0 0 0 0 0 0 0 1 0 0 0 0 0 0 0 35 0 0 0 0 22 0 0 0 0 0 0 1 0 0 0 0 0 0 -1 0 0 0 0 0 0 -41 2 0 0 0 0 0 0 0 6 0 0 0 -5 0 0 1 0 0 0 0 0 2 0 -18 0 0 1 0 1 -1 -2 1 0 0 3 -2 0 0 0 0 0 0 7 0 2 -18 1 0 0 0 0 0 0 0 0 0 -297 0 0 0 1 0 0 0 1 0 1 0 0 0 -6 0 0 0 0 0 0 0 0 0 0 1 0 -32 3 -1 0 0 1 0 1 0 0 0 0 0 0 0 0 0 3 -5 -16 4 0 0 0 1 0 0 0 1 0 1 0 131
0 0 57 0 0 0 0 0 0 0 0 0 0 0 0 0 0 0 0 -58 0 0 0 699 0 0 0 0 0 0 0 0 84 0 0 0 0 0 41 -79 0 0 0 0 0 0 0 0 0 0 0 0 0 0 0 -54 54 0 0 0 88 0 0 0 0 0 0 0 0 0 -123 0 0 0 0 0 0 -15 0 0 0 0 0 0 0 0 0 0 0 0 0 0 0 0 0 0 0 0 1 0 0 21 0 0 0 0 0 0 0 -38 0 0 11 0 0 150 0 0 0 0 -32 0 0 0 0 0 117 0 118 0 -1 -8 0 0 0 -13 0 0 0 0 0 0 0 0 0 0 0 0 0 0 0 0 0 -87 0 0 0 0 0 0
0 0 0 0 0 0 0 0 0 0 0 0 0 0 -41 0 0 0 0 0 0 0 0 0 395 0 0 0 4 0 0 0 0 0 0 0 0 0 0 0 0 0 0 0 0 0 0 0 0 0 0 0 0 0 0 0 0 0 0 0 0 0 0 0 317 0 0 0 0 0 0 0 0 0 0 0 0 0 0 0 0 0 0 0 0 0 0 0 0 0 0 0 0 0 0 0 0 0 0 0 0 0 0 0 0 0 0 0 0 0 0 0 0 0 0 0 0 111 0 0 0 0 0 0 0 0 0 0 0 0 0 0 0 0 0 0 0 0 0 0 0 22 0 0 0 0 0 0 0 0 0 0 0 0 0 0 0 0 0 0
0 0 0 0 0 0 0 0 0 0 0 0 0 0 0 0 0 0 0 0 0 0 0 0 0 -769 0 0 0 0 0 0 0 0 0 0 0 0 0 21 0 0 70 0 0 0 0 0 0 0 0 0 0 0 0 0 0 0 0 0 0 0 0 0 0 0 0 0 0 0 0 -43 0 0 0 0 0 0 0 0 4 5 0 0 0 0 0 0 0 0 0 0 0 0 0 0 1 0 0 0 0 0 0 0 0 0 0 0 0 0 0 0 0 0 0 0 0 0 66 0 0 0 167 0 0 0 14 0 0 0 0 0 0 0 0 0 0 0 0 0 0 0 0 0 0 0 0 0 0 0 0 0 0 0 0 0 0 0 0 0
0 0 0 0 0 0 0 0 0 0 0 0 0 0 0 0 0 0 0 0 0 0 0 0 0 0 -444 0 0 0 0 0 0 0 0 0 0 0 0 0 0 0 0 0 0 0 0 0 0 0 -1 0 0 0 0 0 0 0 0 0 0 0 0 0 0 0 0 0 0 -401 0 0 0 0 0 0 0 0 0 0 0 0 0 0 0 0 0 0 0 0 0 0 0 0 0 0 0 0 0 0 0 0 0 0 0 0 -36 0 0 0 0 0 0 0 0 0 0 0 0 0 0 0 0 0 0 -21 0 0 0 0 0 0 0 0 0 0 0 0 0 0 0 0 0 0 0 0 0 0 0 0 0 0 0 0 0 0 -24 0 0 0
0 0 0 0 0 0 0 0 0 11 0 0 0 0 0 0 0 2 0 0 0 0 0 0 0 0 0 440 0 26 0 0 -132 0 -2 0 0 0 0 -50 0 0 0 0 0 0 0 0 0 11 0 0 0 0 0 0 1 0 8 7 0 0 0 0 0 68 0 -4 0 0 1 0 0 -5 0 42 0 0 8 0 0 0 0 0 0 0 -1 0 -22 0 21 0 0 0 0 0 0 5 0 0 0 0 0 0 15 0 0 0 0 0 0 -1 0 0 31 0 0 0 0 0 52 0 0 0 0 12 74 0 1 19 0 0 2 0 0 0 -3 0 0 0 0 0 0 0 0 0 0 -73 0 0 0 0 0 0 0 0 -10 -77 0 0
0 0 0 0 0 0 0 0 0 0 0 0 0 0 -80 0 0 0 0 0 0 0 0 0 4 0 0 0 -777 0 0 0 0 0 0 0 0 0 0 0 0 0 0 0 0 0 0 0 0 0 0 0 0 0 0 0 0 0 0 0 0 0 0 0 -4 0 0 0 0 0 0 0 0 0 0 0 0 0 0 0 0 0 0 0 0 0 0 0 0 0 0 0 0 0 0 0 0 0 0 0 0 0 0 0 0 0 0 0 0 0 0 0 0 0 0 0 0 -17 0 0 0 0 0 0 0 0 0 0 0 0 0 0 0 0 0 0 0 0 0 0 0 127 0 0 0 0 0 0 0 0 0 0 0 0 0 0 0 0 0 0
0 0 0 0 0 0 0 0 0 175 0 0 0 0 0 0 0 -2 0 0 0 0 1 0 0 0 0 26 0 -108 0 0 0 0 -47 0 0 0 0 0 0 0 0 0 0 0 0 0 0 -16 0 0 0 0 0 0 4 0 0 0 0 0 0 0 0 0 0 7 0 0 8 0 0 10 0 -25 0 0 -11 0 0 0 0 0 0 0 3 0 37 0 -12 0 0 0 0 0 0 0 0 0 0 0 0 0 369 0 0 0 0 0 0 -28 0 0 -49 0 0 0 0 0 0 0 0 0 0 204 0 0 7 -30 0 0 0 0 0 0 17 0 0 0 0 0 0 0 0 0 0 120 0 0 0 0 0 0 0 0 -185 0 0 0
0 0 0 0 0 0 0 0 0 0 0 0 0 0 0 0 0 0 0 0 0 0 0 0 0 0 0 0 0 0 -510 0 0 0 0 0 0 0 0 0 0 0 0 -12 0 0 0 -70 0 0 13 0 0 0 0 0 0 0 0 0 0 0 0 0 0 0 0 0 0 0 0 0 0 0 0 0 0 0 0 0 0 0 0 0 0 0 0 0 0 0 0 0 0 0 0 0 0 0 0 0 0 0 0 0 0 0 0 0 0 0 0 0 0 0 0 0 0 0 0 0 0 0 0 0 0 0 0 0 0 0 0 0 0 0 0 0 0 0 0 0 0 0 0 0 0 0 0 0 0 0 0 0 0 0 0 0 0 0 0 -4
0 0 0 0 0 0 0 0 0 0 0 0 0 0 0 0 0 0 0 0 0 0 0 0 0 0 0 0 0 0 0 987 0 0 0 0 0 0 0 0 0 0 0 0 0 0 0 0 0 0 0 0 0 0 0 0 0 0 0 0 0 0 0 0 0 0 0 0 0 0 0 0 0 0 0 0 0 0 0 0 0 0 0 0 0 0 0 0 0 0 0 0 0 0 0 0 0 0 0 0 0 0 0 0 0 0 0 0 0 0 0 0 0 0 0 0 0 0 0 0 0 0 0 0 0 0 0 0 0 0 0 0 0 0 0 0 0 0 0 0 0 0 0 0 0 0 0 0 0 0 0 0 0 0 0 0 0 0 0 0
0 0 -84 0 0 0 0 0 0 0 0 0 0 0 0 0 0 0 0 0 0 0 0 84 0 0 0 -132 0 0 0 0 261 0 -7 0 0 -22 117 5 0 0 0 0 0 0 0 0 0 0 0 0 0 0 0 82 -3 0 3 2 143 0 0 0 0 -38 0 0 0 0 -34 0 0 0 0 -103 0 0 0 0 0 0 0 0 0 0 0 0 0 0 -51 0 0 0 0 0 0 2 0 0 0 81 0 0 0 0 0 0 0 59 0 0 0 0 0 0 0 0 0 0 -42 0 0 0 0 0 -5 0 -8 0 0 0 1 0 0 12 0 0 0 0 0 0 0 0 0 0 0 0 0 0 0 0 0 78 0 0 0 44 0 0
0 22 0 0 -75 0 0 -387 0 0 0 -52 0 0 0 0 0 2 17 0 0 0 0 0 0 0 0 0 0 0 0 0 0 -85 0 14 -11 0 0 0 0 0 0 0 0 0 0 0 0 15 0 0 0 0 0 0 -42 0 0 0 0 0 0 0 0 0 0 -6 0 0 0 0 0 -24 -17 0 0 0 11 0 0 0 0 0 0 0 48 0 -34 0 0 0 0 0 0 0 0 0 0 0 0 0 0 0 0 0 0 0 359 0 0 0 0 0 46 0 0 0 0 0 0 0 0 0 0 0 0 0 20 29 0 0 0 0 -6 0 0 0 0 17 0 0 0 -190 0 0 0 42 0 0 0 2 0 0 0 0 0 0 0 0
-110 0 0 0 0 0 0 0 0 -115 0 45 0 0 0 -114 0 1 0 0 0 0 0 0 0 0 0 -2 0 -47 0 0 -7 0 -147 -11 0 0 46 7 0 0 0 0 0 0 0 0 0 2 0 0 0 0 0 0 41 0 1 1 0 0 0 0 0 0 0 0 0 0 104 0 0 -1 0 3 0 0 2 0 0 0 0 0 0 0 0 0 -3 0 2 0 0 0 0 0 0 1 0 0 0 27 0 0 -26 0 -16 0 0 0 0 255 0 0 6 0 0 0 0 0 3 0 0 0 0 94 -10 0 90 4 0 0 1 0 0 0 7 0 0 0 0 0 0 -13 0 0 0 -12 0 0 0 0 0 0 0 0 -60 0 0 0
-19 0 0 0 -4 0 0 -8 0 0 0 159 0 0 0 -8 0 0 4 0 0 0 0 0 0 0 0 0 0 0 0 0 0 14 -11 45 0 0 0 0 0 0 0 0 0 0 0 0 2 4 0 0 0 -5 0 0 1 0 0 0 0 0 0 0 0 0 0 0 0 0 2 0 0 26 0 0 0 0 0 0 0 0 0 0 0 0 8 0 0 0 0 0 0 0 0 0 0 0 0 0 0 0 0 0 0 0 -27 0 9 0 0 20 0 0 0 0 0 0 0 3 0 0 0 0 0 22 0 0 2 7 0 0 0 0 0 0 0 0 0 0 0 0 0 -50 0 0 0 0 0 0 0 0 0 0 0 0 24 0 0 0
0 -7 0 0 0 0 0 -9 0 0 0 0 0 0 0 0 0 4 0 0 0 0 -1 0 0 0 0 0 0 0 0 0 0 -11 0 0 114 0 0 0 0 0 0 0 0 0 0 0 0 25 0 0 0 -10 0 0 35 0 0 0 0 0 0 116 0 0 0 -10 0 0 0 0 0 0 -186 0 0 0 18 0 0 0 0 0 0 0 -48 0 -55 0 0 0 0 0 0 0 0 0 0 0 0 0 0 0 0 0 0 0 9 0 0 0 0 0 75 0 0 0 0 -21 0 0 0 0 0 0 0 0 -15 46 0 0 0 0 -10 0 0 0 -55 28 0 0 0 0 0 0 0 67 0 0 0 0 0 0 0 0 0 0 0 0
0 0 0 0 0 0 0 0 0 0 0 0 0 0 0 0 0 0 0 0 0 0 0 0 0 0 0 0 0 0 0 0 -22 0 0 0 0 -379 0 0 0 0 0 0 0 0 0 0 0 0 0 0 0 0 0 0 0 0 0 0 0 0 0 0 0 0 0 0 0 0 0 0 0 0 0 0 0 0 0 0 0 0 0 0 0 0 0 0 0 0 0 0 0 0 0 0 0 0 0 0 0 0 0 0 0 0 0 0 0 0 0 0 0 0 0 0 0 0 0 0 -58 0 0 0 0 0 0 0 0 0 0 0 0 0 0 0 0 0 0 0 0 0 0 0 0 0 0 0 0 0 0 0 0 0 0 0 0 0 0 0
0 0 -41 0 0 0 0 0 0 0 0 0 0 0 0 0 0 0 0 0 0 0 0 41 0 0 0 0 0 0 0 0 117 0 46 0 0 0 -339 -111 0 0 0 0 0 0 0 0 0 0 0 0 0 0 0 40 60 0 0 0 70 0 0 0 0 0 0 0 0 0 139 0 0 0 0 0 0 0 0 0 0 0 0 0 0 0 0 0 0 0 0 0 0 0 0 0 0 0 0 0 0 -561 0 0 0 0 0 0 0 29 0 0 0 0 0 0 0 0 0 0 -45 0 0 0 0 0 165 0 132 0 0 0 0 0 0 6 0 0 0 0 0 0 0 0 0 0 0 0 0 0 0 0 0 38 0 0 0 0 0 0
0 0 81 0 0 0 0 0 0 0 0 0 0 0 0 0 0 0 0 0 0 0 0 -79 0 21 0 -50 0 0 0 0 5 0 7 0 0 0 -111 19 0 0 302 0 0 0 0 0 0 0 0 0 0 0 0 -77 4 0 1 1 -136 0 0 0 0 -14 0 0 0 0 33 0 0 0 0 -39 0 0 0 0 18 19 0 0 0 0 0 0 0 0 -19 0 0 0 0 0 4 1 0 0 0 -76 0 0 0 0 0 0 0 -55 0 0 0 0 0 0 0 0 284 0 -1 0 75 0 0 0 -170 0 8 0 0 0 1 0 0 -11 0 0 0 0 0 0 0 0 0 0 0 0 0 0 0 0 0 -73 0 0 0 17 0 0
0 0 0 0 0 0 0 0 0 0 0 0 0 0 0 0 0 0 0 0 0 0 0 0 0 0 0 0 0 0 0 0 0 0 0 0 0 0 0 0 -757 0 0 0 0 0 0 0 0 0 0 0 0 0 0 0 0 0 0 0 0 0 0 0 0 0 0 0 0 0 0 0 0 0 0 0 0 0 0 0 0 0 0 0 0 0 0 0 0 0 0 0 0 0 0 0 0 0 0 -188 0 0 0 0 0 0 0 0 0 0 0 0 0 0 0 0 0 0 0 0 0 0 0 0 0 0 0 0 0 0 0 0 0 0 0 0 0 0 0 0 0 0 0 0 0 0 0 0 0 0 0 0 0 0 0 0 0 0 0 0
0 0 0 0 0 0 0 0 0 0 0 0 0 0 0 0 0 0 0 0 0 0 0 0 0 0 0 0 0 0 0 0 0 0 0 0 0 0 0 0 0 571 0 0 0 0 0 0 0 0 0 0 0 0 0 0 0 0 0 0 0 0 0 0 0 0 0 0 0 0 0 0 0 0 0 0 0 0 0 0 0 0 0 0 0 0 0 0 0 0 0 0 0 0 0 0 0 0 0 0 0 0 0 0 0 0 0 0 0 0 0 0 0 0 0 0 0 0 0 0 0 0 0 0 0 0 0 0 0 0 0 0 0 0 0 0 0 0 0 0 0 0 0 0 0 0 0 0 0 0 0 0 0 0 0 0 0 0 0 0
0 0 0 0 0 0 0 0 0 0 -129 0 0 0 0 0 0 0 0 0 0 0 0 0 0 70 0 0 0 0 0 0 0 0 0 0 0 0 0 302 0 0 354 0 0 0 0 0 0 0 0 0 0 0 0 0 0 0 0 0 0 0 0 0 0 0 0 0 0 0 0 0 0 0 0 0 0 0 0 0 28 31 0 0 0 0 0 0 0 0 0 0 0 0 0 0 -2 0 0 0 0 0 0 0 0 0 0 148 0 0 0 0 0 0 0 0 0 0 110 0 0 0 259 0 0 0 205 0 0 0 0 0 0 0 0 0 0 0 0 0 0 0 0 0 0 0 0 0 0 0 0 0 0 0 0 0 0 0 0 0
0 0 0 0 0 0 0 0 0 0 0 0 0 0 0 0 0 -19 0 0 0 0 -41 0 0 0 0 0 0 0 -12 0 0 0 0 0 0 0 0 0 0 0 0 375 0 0 0 31 0 0 -32 0 0 0 0 0 0 0 0 0 0 0 0 0 0 0 0 0 0 0 0 0 0 0 0 0 0 0 0 0 0 0 0 0 0 0 0 0 0 0 0 0 0 0 0 0 0 0 0 0 -110 0 0 0 0 0 1 0 0 0 0 0 0 0 0 0 0 0 0 0 0 0 0 0 0 1 0 0 0 0 0 0 0 0 0 0 0 0 0 0 0 0 0 0 0 0 34 0 0 0 0 0 0 0 0 0 1 0 0 -20
0 0 0 0 0 0 0 0 0 0 22 1 0 0 0 0 0 -2 0 0 0 0 2 0 0 0 0 0 0 0 0 0 0 0 0 0 0 0 0 0 0 0 0 0 -289 0 0 0 0 0 0 0 0 1 0 0 1 48 0 0 0 0 0 0 0 0 0 10 0 0 1 0 0 0 0 0 0 0 -15 -30 0 0 0 0 0 0 0 0 50 0 0 0 0 0 0 0 0 0 0 0 0 0 0 0 0 0 0 19 0 0 14 1 0 0 43 0 0 0 0 0 0 0 0 0 0 1 0 0 1 0 0 0 0 0 0 0 0 0 0 0 0 0 0 0 34 0 0 0 0 0 0 0 0 0 0 -90 1 0 0 0
0 0 0 0 0 0 0 0 0 0 0 0 0 0 0 0 0 0 0 0 0 0 0 0 0 0 0 0 0 0 0 0 0 0 0 0 0 0 0 0 0 0 0 0 0 -713 0 0 0 0 0 0 0 0 0 0 0 0 0 0 0 0 -95 0 0 0 0 0 0 0 0 0 0 0 0 0 0 0 0 0 0 0 0 0 36 0 0 0 0 0 0 0 0 0 0 0 0 0 0 0 0 0 0 0 0 5 0 0 0 0 0 0 0 0 0 0 0 0 0 0 0 0 0 -77 0 0 0 0 0 0 0 0 0 0 0 0 0 0 0 0 0 0 0 0 0 0 0 0 0 0 0 0 0 0 0 0 0 0 0 0
0 0 0 0 0 0 0 0 0 0 0 0 0 0 0 0 0 0 0 0 0 0 0 0 0 0 0 0 0 0 0 0 0 0 0 0 0 0 0 0 0 0 0 0 0 0 -124 0 0 0 0 0 0 0 0 0 0 0 0 0 0 0 0 0 0 0 0 0 212 0 0 0 0 0 0 0 0 0 0 0 0 0 0 0 0 0 0 0 0 0 0 0 0 0 0 0 0 0 0 0 0 0 0 0 0 0 0 0 0 0 0 0 0 0 0 0 0 0 0 0 0 0 0 0 0 0 0 0 0 0 0 0 0 0 0 0 0 0 0 0 0 0 0 0 0 0 0 0 0 0 0 0 0 0 0 0 0 0 0 0
0 0 0 0 0 0 0 0 0 0 0 0 0 0 0 0 0 0 0 0 0 0 0 0 0 0 0 0 0 0 -70 0 0 0 0 0 0 0 0 0 0 0 0 31 0 0 0 529 0 0 -174 0 0 0 0 0 0 0 0 0 0 0 0 0 0 0 0 0 0 0 0 0 0 0 0 0 0 0 0 0 0 0 0 0 0 0 0 0 0 0 0 0 0 0 0 0 0 0 0 0 0 0 0 0 0 0 4 0 0 0 0 0 0 0 0 0 0 0 0 0 0 0 0 0 0 2 0 0 0 0 0 0 0 0 0 0 0 0 0 0 0 0 0 0 0 0 0 0 0 0 0 0 0 0 0 0 3 0 0 10
0 0 0 0 8 0 0 0 0 0 0 -6 0 0 0 0 0 0 -237 0 0 0 0 0 0 0 0 0 0 0 0 0 0 0 0 2 0 0 0 0 0 0 0 0 0 0 0 0 -532 0 0 0 0 0 0 0 0 0 0 0 0 0 0 0 0 0 0 0 0 0 0 0 0 0 0 0 0 0 0 0 0 0 0 0 0 0 0 0 0 0 0 0 0 0 0 0 0 0 0 0 0 0 0 0 0 0 0 0 0 0 0 0 0 0 0 0 0 0 0 0 0 0 0 0 0 0 0 0 0 0 0 0 0 0 0 0 0 0 0 0 0 0 0 -22 0 0 0 0 0 0 0 0 0 0 0 0 0 0 0 0
0 -43 0 0 0 0 0 12 0 -6 0 -14 0 0 0 0 0 2 0 0 0 0 0 0 0 0 0 11 0 -16 0 0 0 15 2 4 25 0 0 0 0 0 0 0 0 0 0 0 0 -12 0 0 0 2 0 0 87 0 0 0 0 0 0 0 0 -16 0 -4 0 0 0 0 0 116 37 -10 0 0 8 0 0 0 0 0 0 0 -77 0 -22 0 -5 0 0 0 0 0 0 0 0 0 0 0 0 0 -9 0 -19 0 -11 0 0 2 0 0 30 0 0 0 0 0 0 0 0 0 0 8 0 0 -39 84 0 0 0 0 -2 0 3 0 0 6 0 0 0 5 0 0 0 -52 0 0 0 -2 0 0 0 0 24 -14 0 0
0 0 0 0 0 0 0 0 0 0 0 0 0 0 0 0 0 0 0 0 0 0 0 0 0 0 -1 0 0 0 13 0 0 0 0 0 0 0 0 0 0 0 0 -32 0 0 0 -174 0 0 366 0 0 0 0 0 0 0 0 0 0 0 0 0 0 0 0 0 0 9 0 0 0 0 0 0 0 0 0 0 0 0 0 0 0 0 0 0 0 0 0 0 0 0 0 0 0 0 0 0 0 0 0 0 0 0 -15 0 0 0 0 0 0 0 0 0 0 0 0 0 0 0 0 0 0 -9 0 0 0 0 0 0 0 0 0 0 0 0 0 0 0 0 0 0 0 0 0 0 0 0 0 0 0 0 0 0 -10 0 0 -10
0 0 0 0 0 0 0 0 0 0 0 0 0 0 0 0 0 0 0 0 0 0 0 0 0 0 0 0 0 0 0 0 0 0 0 0 0 0 0 0 0 0 0 0 0 0 0 0 0 0 0 -871 0 0 0 0 0 0 0 0 0 0 0 0 0 0 0 0 0 0 0 0 0 0 0 0 0 0 0 0 0 0 0 0 0 0 0 0 0 0 0 0 0 0 0 0 0 0 0 0 0 0 0 0 0 0 0 0 0 0 0 0 0 0 0 0 0 0 0 0 0 0 0 0 0 0 0 0 0 0 0 0 0 0 0 0 0 0 0 0 0 0 0 0 0 0 -3 0 0 0 0 0 0 0 0 0 0 0 0 0
0 0 0 0 0 0 0 60 0 0 0 0 41 0 0 0 0 -10 0 0 0 0 6 0 0 0 0 0 0 0 0 0 0 0 0 0 0 0 0 0 0 0 0 0 0 0 0 0 0 0 0 0 -33 0 12 0 0 0 -2 5 0 0 0 0 0 0 0 36 0 0 0 0 -639 0 0 0 0 0 -60 0 0 0 0 0 0 0 0 0 -26 -63 0 0 0 0 0 25 0 -1 0 0 0 0 0 0 0 0 0 0 65 0 0 0 0 0 0 0 0 0 0 0 0 0 0 0 0 0 0 38 0 0 0 0 1 0 0 0 0 -165 0 0 0 0 0 0 0 -20 0 0 -81 0 0 0 0 0 0 0 0 0 0 0
0 0 0 0 0 0 0 0 0 0 0 22 0 0 0 0 0 0 0 0 0 0 0 0 0 0 0 0 0 0 0 0 0 0 0 -5 -10 0 0 0 0 0 0 0 1 0 0 0 0 2 0 0 0 589 0 0 0 0 0 0 0 0 0 -98 0 0 0 0 0 0 0 0 0 14 -15 0 0 0 0 0 0 0 0 0 0 0 -3 0 0 0 0 0 0 0 0 0 0 0 0 0 0 0 0 0 0 0 30 0 0 0 0 0 0 0 0 0 0 0 0 -359 0 0 0 0 0 -22 0 0 0 3 0 0 0 0 0 0 0 0 0 0 0 0 0 -6 0 0 0 0 0 0 0 0 0 0 0 0 -24 0 0 0
0 0 0 0 0 0 0 0 0 0 0 0 0 0 0 0 0 0 0 0 0 0 0 0 0 0 0 0 0 0 0 0 0 0 0 0 0 0 0 0 0 0 0 0 0 0 0 0 0 0 0 0 12 0 374 0 0 0 0 0 0 0 0 0 0 0 0 0 0 0 0 0 -9 0 0 0 0 0 0 0 0 0 0 0 0 0 0 0 0 4 0 0 0 0 0 0 0 0 0 0 0 0 0 0 0 0 0 0 0 0 0 0 0 0 0 0 0 0 0 0 0 0 0 0 0 0 0 0 0 0 0 0 0 0 0 0 0 0 0 0 0 0 0 0 0 0 0 0 0 0 0 0 0 0 0 0 0 0 0 0
0 0 -6 0 0 0 0 0 0 0 0 0 0 0 0 0 0 0 0 0 0 0 0 -54 0 0 0 0 0 0 0 0 82 0 0 0 0 0 40 -77 0 0 0 0 0 0 0 0 0 0 0 0 0 0 0 736 -3 0 0 0 -93 0 0 0 0 0 -84 0 0 0 8 0 0 0 0 0 0 0 0 0 0 0 0 0 0 0 0 0 0 0 0 0 0 0 0 0 0 0 0 0 0 21 0 0 0 0 0 0 0 5 0 0 0 0 0 0 0 0 0 0 -31 0 0 0 0 0 115 0 -7 0 0 0 0 0 0 -7 0 0 0 0 0 0 0 0 0 0 0 0 0 0 0 0 0 -50 0 0 0 0 0 0
8 -62 4 0 0 0 0 -33 0 8 0 -2 0 0 0 8 0 12 0 85 0 0 -5 54 0 0 0 1 0 4 0 0 -3 -42 41 1 35 0 60 4 0 0 0 0 1 0 0 0 0 87 0 0 0 0 0 -3 -15 0 0 0 6 0 0 0 0 0 0 -37 0 0 118 0 0 -4 52 0 -3 23 64 0 0 0 0 0 0 0 -161 0 -197 0 0 0 0 0 0 0 0 0 0 0 0 35 1 0 2 0 2 0 31 -2 0 -16 -13 0 265 -216 0 0 0 0 2 0 0 0 0 -6 -5 0 75 164 2 12 0 0 -35 0 0 0 340 98 0 0 0 1 0 0 0 240 0 0 0 8 0 -5 0 0 4 0 0 0
0 0 0 0 0 0 0 0 0 0 48 0 0 0 0 0 0 1 0 0 0 0 0 0 0 0 0 0 0 0 0 0 0 0 0 0 0 0 0 0 0 0 0 0 48 0 0 0 0 0 0 0 0 0 0 0 0 -273 0 0 0 0 0 0 0 0 0 0 0 0 0 0 0 0 0 0 0 0 2 4 0 0 0 0 0 0 0 0 -4 0 0 0 0 0 0 0 0 0 0 0 0 0 0 0 0 0 0 42 0 0 -1 0 0 0 -4 0 0 0 0 0 0 0 0 0 0 1 0 0 0 0 0 0 0 0 0 0 0 0 0 0 0 0 0 0 -3 0 0 0 0 0 0 0 0 0 0 -237 1 0 0 0
0 0 0 0 0 0 0 -5 0 0 0 0 14 0 0 0 0 1 0 0 0 0 0 0 0 0 0 8 0 0 0 0 3 0 1 0 0 0 0 1 0 0 0 0 0 0 0 0 0 0 0 0 -2 0 0 0 0 0 427 398 0 0 0 0 0 -1 0 -3 0 0 0 0 -3 1 0 0 0 0 6 0 0 0 0 0 0 0 1 0 3 0 0 0 0 0 0 0 0 160 0 0 0 0 0 0 0 0 0 0 -5 0 0 1 0 0 0 0 0 0 0 0 0 0 0 0 0 0 -1 0 0 0 0 0 62 0 0 0 1 15 0 0 0 0 0 0 0 92 0 2 0 0 0 0 0 0 0 0 1 2 0 0
0 0 0 0 0 0 0 8 0 0 0 0 -19 0 0 0 0 -1 0 0 0 0 1 0 0 0 0 7 0 0 0 0 2 0 1 0 0 0 0 1 0 0 0 0 0 0 0 0 0 0 0 0 5 0 0 0 0 0 398 331 0 0 0 0 0 0 0 5 0 0 0 0 6 1 0 0 0 0 -8 0 0 0 0 0 0 0 1 0 -3 2 0 0 0 0 0 0 0 261 0 0 0 0 0 0 0 0 0 0 9 0 0 1 0 0 0 0 0 0 0 0 0 0 0 0 0 0 -1 0 0 0 0 0 -40 0 0 0 1 -21 0 0 0 0 0 0 0 -133 0 2 0 0 0 0 0 0 0 0 1 2 0 0
0 0 97 0 0 0 0 0 0 0 0 0 0 0 0 0 0 0 0 0 0 0 0 88 0 0 0 0 0 0 0 0 143 0 0 0 0 0 70 -136 0 0 0 0 0 0 0 0 0 0 0 0 0 0 0 -93 6 0 0 0 -381 0 0 0 0 0 0 0 0 0 -12 0 0 0 0 0 0 0 0 0 0 0 0 0 0 0 0 0 0 0 0 0 0 0 0 0 0 0 0 0 0 36 0 0 0 0 0 0 0 -66 0 0 0 0 0 0 0 0 0 0 -55 0 0 0 0 0 201 0 12 0 0 0 0 0 0 13 0 0 0 0 0 0 0 0 0 0 0 0 0 0 0 0 0 82 0 0 0 0 0 0
0 0 0 0 0 0 0 0 0 0 0 0 0 0 0 0 0 0 0 0 0 0 0 0 0 0 0 0 0 0 0 0 0 0 0 0 0 0 0 0 0 0 0 0 0 0 0 0 0 0 0 0 0 0 0 0 0 0 0 0 0 -691 0 0 0 0 0 0 0 0 0 0 0 0 0 0 0 0 0 0 0 0 0 0 0 0 0 0 0 0 0 0 0 0 0 0 0 0 0 0 0 0 0 0 0 0 0 0 0 0 0 0 0 0 0 0 0 0 0 0 0 0 0 0 0 0 0 0 0 0 0 0 0 0 0 0 0 0 0 0 0 0 0 0 0 0 0 0 0 0 0 0 0 0 0 0 0 0 0 0
0 0 0 0 0 0 0 0 0 0 0 0 0 0 0 0 0 0 0 0 0 0 0 0 0 0 0 0 0 0 0 0 0 0 0 0 0 0 0 0 0 0 0 0 0 -95 0 0 0 0 0 0 0 0 0 0 0 0 0 0 0 0 279 0 0 0 0 0 0 0 0 0 0 0 0 0 0 0 0 0 0 0 0 0 -18 0 0 0 0 0 0 0 0 0 0 0 0 0 0 0 0 0 0 0 0 0 0 0 0 0 0 0 0 0 0 0 0 0 0 0 0 0 0 -297 0 0 0 0 0 0 0 0 0 0 0 0 0 0 0 0 0 0 0 0 0 0 0 0 0 0 0 0 0 0 0 0 0 0 0 0
0 0 0 0 0 0 0 0 0 0 0 0 0 0 0 0 0 0 0 0 0 0 0 0 0 0 0 0 0 0 0 0 0 0 0 0 116 0 0 0 0 0 0 0 0 0 0 0 0 0 0 0 0 -98 0 0 0 0 0 0 0 0 0 865 0 0 0 0 0 0 0 0 0 -24 172 0 0 0 0 0 0 0 0 0 0 0 80 0 0 0 0 0 0 0 0 0 0 0 0 0 0 0 0 0 0 0 0 0 0 0 0 0 0 0 0 0 0 0 0 -205 0 0 0 0 0 0 0 0 0 0 0 0 0 0 0 0 0 0 0 0 0 0 0 0 0 0 0 0 0 0 0 0 0 0 0 0 0 0 0 0
0 0 0 0 0 0 0 0 0 0 0 0 0 0 60 0 0 0 0 0 0 0 0 0 317 0 0 0 -4 0 0 0 0 0 0 0 0 0 0 0 0 0 0 0 0 0 0 0 0 0 0 0 0 0 0 0 0 0 0 0 0 0 0 0 165 0 0 0 0 0 0 0 0 0 0 0 0 0 0 0 0 0 0 0 0 0 0 0 0 0 0 0 0 0 0 0 0 0 0 0 0 0 0 0 0 0 0 0 0 0 0 0 0 0 0 0 0 -157 0 0 0 0 0 0 0 0 0 0 0 0 0 0 0 0 0 0 0 0 0 0 0 -31 0 0 0 0 0 0 0 0 0 0 0 0 0 0 0 0 0 0
0 0 0 0 0 0 0 0 0 0 0 0 0 0 0 0 0 -2 0 0 0 0 2 0 0 0 0 68 0 0 0 0 -38 0 0 0 0 0 0 -14 0 0 0 0 0 0 0 0 0 -16 0 0 0 0 0 0 0 0 -1 0 0 0 0 0 0 227 0 8 0 0 0 0 0 10 0 54 0 0 -12 0 0 0 0 0 0 0 3 0 39 0 27 0 0 0 0 0 0 0 0 0 0 0 0 0 0 0 0 0 0 0 0 0 0 0 -51 0 0 0 0 0 15 0 0 0 0 0 22 0 0 -31 0 0 0 0 -134 0 0 0 0 367 0 0 0 0 0 0 0 -46 0 0 0 0 0 0 0 0 0 17 0 0
0 0 -55 0 0 0 0 0 0 0 0 0 0 0 0 0 0 0 0 0 0 0 0 0 0 0 0 0 0 0 0 0 0 0 0 0 0 0 0 0 0 0 0 0 0 0 0 0 0 0 0 0 0 0 0 -84 0 0 0 0 0 0 0 0 0 0 -124 0 0 0 0 0 0 0 0 0 0 0 0 0 0 0 0 0 0 0 0 0 0 0 0 0 0 0 0 0 0 0 0 0 0 0 0 0 0 0 0 0 0 39 0 0 0 0 0 0 0 0 0 0 0 0 0 0 0 0 0 0 0 0 0 0 0 0 0 0 0 0 0 0 0 0 0 0 0 0 0 0 0 0 0 0 0 0 0 0 0 0 0 0
0 19 0 0 0 0 0 -3 0 3 0 0 -4 0 0 0 0 40 0 0 0 0 -18 0 0 0 0 -4 0 7 0 0 0 -6 0 0 -10 0 0 0 0 0 0 0 10 0 0 0 0 -4 0 0 36 0 0 0 -37 0 -3 5 0 0 0 0 0 8 0 175 0 0 1 0 2 -11 -15 5 0 0 222 -15 0 0 0 0 0 0 45 0 13 -126 3 0 0 0 0 0 0 -2 0 0 0 0 0 0 4 0 0 0 7 0 7 0 0 0 -47 0 0 0 0 0 0 0 0 0 0 4 0 -227 18 -7 0 0 1 0 1 0 -1 -5 0 -2 0 0 0 0 17 -35 0 23 0 0 0 1 0 0 0 2 -2 7 0 0
0 0 0 0 0 0 0 0 0 0 0 0 0 0 0 0 0 0 0 0 0 0 0 0 0 0 0 0 0 0 0 0 0 0 0 0 0 0 0 0 0 0 0 0 0 0 212 0 0 0 0 0 0 0 0 0 0 0 0 0 0 0 0 0 0 0 0 0 194 0 0 0 0 0 0 0 0 0 0 0 0 0 0 0 0 0 0 0 0 0 0 0 0 0 0 0 0 0 0 0 0 0 0 0 0 0 0 0 0 0 0 0 0 0 0 0 0 0 0 0 0 0 0 0 0 0 0 0 0 0 0 0 0 0 0 0 0 0 0 0 0 0 0 0 0 0 0 0 0 0 0 0 0 0 0 0 0 0 0 0
0 0 0 0 0 0 0 0 0 0 0 0 0 0 0 0 0 0 0 0 0 0 0 0 0 0 -401 0 0 0 0 0 0 0 0 0 0 0 0 0 0 0 0 0 0 0 0 0 0 0 9 0 0 0 0 0 0 0 0 0 0 0 0 0 0 0 0 0 0 -41 0 0 0 0 0 0 0 0 0 0 0 0 0 0 0 0 0 0 0 0 0 0 0 0 0 0 0 0 0 0 0 0 0 0 0 0 260 0 0 0 0 0 0 0 0 0 0 0 0 0 0 0 0 0 0 156 0 0 0 0 0 0 0 0 0 0 0 0 0 0 0 0 0 0 0 0 0 0 0 0 0 0 0 0 0 0 170 0 0 0
19 0 -8 0 0 0 0 0 0 20 0 -7 0 0 0 20 0 0 0 -195 0 0 1 -123 0 0 0 1 0 8 0 0 -34 0 104 2 0 0 139 33 0 0 0 0 1 0 0 0 0 0 0 0 0 0 0 8 118 0 0 0 -12 0 0 0 0 0 0 1 0 0 173 0 0 1 0 0 0 -52 0 0 0 0 0 0 0 0 1 0 1 0 0 0 0 0 0 0 0 0 1 0 0 81 0 0 5 0 3 0 0 6 0 -42 34 0 0 500 0 0 0 0 14 0 0 0 0 -15 -48 0 259 0 -4 -28 0 0 0 2 -1 0 0 0 0 0 0 3 0 0 0 3 0 0 0 0 0 13 0 0 10 0 0 0
0 0 0 0 0 0 0 0 0 0 0 0 0 0 0 0 0 0 0 0 0 0 0 0 0 -43 0 0 0 0 0 0 0 0 0 0 0 0 0 0 0 0 0 0 0 0 0 0 0 0 0 0 0 0 0 0 0 0 0 0 0 0 0 0 0 0 0 0 0 0 0 900 0 0 0 0 0 0 0 0 0 0 0 0 0 0 0 0 0 0 0 0 0 0 0 0 0 0 0 0 0 0 0 0 0 0 0 0 0 0 0 0 0 0 0 0 0 0 0 0 0 0 12 0 0 0 0 0 0 0 0 0 0 0 0 0 0 0 0 0 0 0 0 0 0 0 0 0 0 0 0 0 0 0 0 0 0 0 0 0
0 0 0 0 0 0 0 80 0 0 0 0 54 0 0 0 0 0 0 0 0 0 1 0 0 0 0 0 0 0 0 0 0 0 0 0 0 0 0 0 0 0 0 0 0 0 0 0 0 0 0 0 -639 0 -9 0 0 0 -3 6 0 0 0 0 0 0 0 2 0 0 0 0 -380 0 0 0 0 0 -2 0 0 0 0 0 0 0 0 0 0 -175 0 0 0 0 0 0 0 -2 0 0 0 0 0 0 0 0 0 0 86 0 0 0 0 0 0 0 0 0 0 0 0 0 0 0 0 0 0 0 0 0 0 0 1 0 0 0 0 -219 0 0 0 0 0 0 0 -34 0 0 0 0 0 0 0 0 0 0 0 0 0 0
0 16 0 0 0 0 0 -19 0 4 0 -103 0 0 0 0 0 4 0 0 0 0 -1 0 0 0 0 -5 0 10 0 0 0 -24 -1 26 0 0 0 0 0 0 0 0 0 0 0 0 0 116 0 0 0 14 0 0 -4 0 1 1 0 0 0 -24 0 10 0 -11 0 0 1 0 0 659 0 6 0 0 20 0 0 0 0 0 0 0 265 0 -59 0 3 0 0 0 0 0 0 1 0 0 0 0 0 0 6 0 -142 0 18 0 0 0 0 0 80 0 0 0 0 0 0 0 0 0 0 113 0 0 3 219 0 0 1 0 -11 0 -1 0 -72 33 0 0 0 31 0 0 0 118 0 0 0 1 0 0 0 0 115 9 0 0
0 -10 0 0 0 0 0 -13 0 0 0 0 0 0 0 0 0 5 0 0 0 0 -2 0 0 0 0 0 0 0 0 0 0 -17 0 0 -186 0 0 0 0 0 0 0 0 0 0 0 0 37 0 0 0 -15 0 0 52 0 0 0 0 0 0 172 0 0 0 -15 0 0 0 0 0 0 -38 0 0 0 27 0 0 0 0 0 0 0 -71 0 -82 0 0 0 0 0 0 0 0 0 0 0 0 0 0 0 0 0 0 0 13 0 0 0 0 0 111 0 0 0 0 -31 0 0 0 0 0 0 0 0 -23 69 0 0 0 0 -14 0 0 0 -83 41 0 0 0 0 0 0 0 100 0 0 0 -1 0 0 0 0 0 0 0 0
0 0 0 0 0 0 0 0 0 -10 0 0 0 0 0 0 0 -1 0 0 0 0 1 0 0 0 0 42 0 -25 0 0 -103 0 3 0 0 0 0 -39 0 0 0 0 0 0 0 0 0 -10 0 0 0 0 0 0 0 0 0 0 0 0 0 0 0 54 0 5 0 0 0 0 0 6 0 308 0 0 -7 0 0 0 0 0 0 0 2 0 24 0 241 0 0 0 0 0 0 0 0 0 0 0 0 0 -14 0 0 0 0 0 0 2 0 0 -31 0 0 0 0 0 41 0 0 0 0 -11 59 0 0 -19 0 0 0 0 0 0 4 0 0 0 0 0 0 0 0 0 0 76 0 0 0 0 0 0 0 0 11 -60 0 0
0 0 0 0 0 0 0 0 0 0 0 0 0 0 0 0 0 0 0 0 0 0 0 0 0 0 0 0 0 0 0 0 0 0 0 0 0 0 0 0 0 0 0 0 0 0 0 0 0 0 0 0 0 0 0 0 -3 0 0 0 0 0 0 0 0 0 0 0 0 0 0 0 0 0 0 0 547 0 0 0 0 0 0 0 0 0 0 0 0 0 0 0 0 0 0 0 0 0 0 0 0 0 -22 0 0 0 0 0 0 0 0 0 -95 0 0 11 0 0 0 0 0 0 0 0 0 0 0 0 2 0 0 81 0 0 0 0 0 0 0 0 0 0 0 0 0 0 0 0 0 0 0 -183 0 0 0 0 0 0 0 0
0 0 0 0 0 0 0 0 0 0 0 0 0 0 0 0 0 0 0 -27 0 0 0 -15 0 0 0 0 0 0 0 0 0 0 0 0 0 0 0 0 0 0 0 0 0 0 0 0 0 0 0 0 0 0 0 0 23 0 0 0 0 0 0 0 0 0 0 0 0 0 -52 0 0 0 0 0 0 -780 0 0 0 0 0 0 0 0 0 0 0 0 0 0 0 0 0 0 0 0 0 0 0 0 0 0 0 0 0 0 0 0 0 0 5 0 0 70 0 0 0 0 0 0 0 0 0 0 0 0 50 0 19 -3 0 0 0 0 0 0 0 0 0 0 0 0 0 0 0 0 0 0 0 0 0 0 0 0 0 0 0 0
0 -31 0 0 0 0 0 6 0 -4 0 0 8 0 0 0 0 -6 0 0 0 0 3 0 0 0 0 8 0 -11 0 0 0 11 2 0 18 0 0 0 0 0 0 0 -15 0 0 0 0 8 0 0 -60 0 0 0 64 2 6 -8 0 0 0 0 0 -12 0 222 0 0 0 0 -2 20 27 -7 0 0 -84 27 0 0 0 0 0 0 -76 0 -21 216 -3 0 0 0 0 0 0 4 0 0 0 0 0 0 -6 0 1 0 -11 0 -11 1 0 0 82 0 0 0 0 0 0 0 0 0 0 -5 0 386 -28 14 0 0 -1 0 -1 0 2 9 0 5 0 0 0 0 -28 61 0 -38 0 0 0 -1 0 0 0 -2 5 -10 0 0
0 0 0 0 0 0 0 0 0 0 0 0 0 0 0 0 0 5 0 0 0 0 -2 0 0 0 0 0 0 0 0 0 0 0 0 0 0 0 0 0 0 0 0 0 -30 0 0 0 0 0 0 0 0 0 0 0 0 4 0 0 0 0 0 0 0 0 0 -15 0 0 0 0 0 0 0 0 0 0 27 -663 0 0 0 0 0 0 0 0 -81 0 0 0 0 0 0 0 0 0 0 0 0 0 0 0 0 0 1 0 0 0 25 0 0 0 -69 0 0 0 0 0 0 0 0 0 0 0 0 0 0 0 0 0 0 0 0 0 0 0 0 0 0 0 0 0 -164 0 0 0 0 0 0 0 0 0 0 -5 0 0 63 0
0 0 0 0 0 0 0 0 0 0 0 0 0 0 0 0 0 0 0 0 0 0 0 0 0 4 0 0 0 0 0 0 0 0 0 0 0 0 0 18 0 0 28 0 0 0 0 0 0 0 0 0 0 0 0 0 0 0 0 0 0 0 0 0 0 0 0 0 0 0 0 0 0 0 0 0 0 0 0 0 -112 332 0 0 0 0 0 0 0 0 0 0 0 0 0 0 0 0 0 0 0 0 0 0 0 0 0 0 0 0 0 0 0 0 0 0 0 0 26 0 0 0 15 0 0 0 12 0 0 0 0 0 0 0 0 0 0 0 0 0 0 0 0 0 0 0 0 0 0 0 0 0 0 0 0 0 0 0 0 0
0 0 0 0 0 0 0 0 0 0 0 0 0 0 0 0 0 0 0 0 0 0 0 0 0 5 0 0 0 0 0 0 0 0 0 0 0 0 0 19 0 0 31 0 0 0 0 0 0 0 0 0 0 0 0 0 0 0 0 0 0 0 0 0 0 0 0 0 0 0 0 0 0 0 0 0 0 0 0 0 332 -53 0 0 0 0 0 0 0 0 0 0 0 0 0 0 0 0 0 0 0 0 0 0 0 0 0 0 0 0 0 0 0 0 0 0 0 0 29 0 0 0 17 0 0 0 13 0 0 0 0 0 0 0 0 0 0 0 0 0 0 0 0 0 0 0 0 0 0 0 0 0 0 0 0 0 0 0 0 0
0 0 0 0 0 0 0 0 0 0 0 0 0 0 0 0 0 0 0 0 0 0 0 0 0 0 0 0 0 0 0 0 0 0 0 0 0 0 0 0 0 0 0 0 0 0 0 0 0 0 0 0 0 0 0 0 0 0 0 0 0 0 0 0 0 0 0 0 0 0 0 0 0 0 0 0 0 0 0 0 0 0 293 0 0 0 0 0 0 0 0 0 0 0 0 0 0 0 0 0 0 0 0 0 0 0 0 0 0 0 0 0 0 0 0 0 0 0 0 0 0 0 0 0 0 0 0 0 0 0 0 0 0 0 0 0 0 0 0 0 0 0 0 0 0 0 0 0 0 0 0 0 0 0 0 0 0 0 0 0
0 0 0 0 0 0 0 0 0 0 0 0 0 0 0 0 0 0 0 0 0 0 0 0 0 0 0 0 0 0 0 0 0 0 0 0 0 0 0 0 0 0 0 0 0 0 0 0 0 0 0 0 0 0 0 0 0 0 0 0 0 0 0 0 0 0 0 0 0 0 0 0 0 0 0 0 0 0 0 0 0 0 0 -481 0 0 0 0 0 0 0 145 0 0 0 0 0 0 0 0 0 0 0 0 0 0 0 0 0 0 0 0 0 0 0 0 0 0 0 0 0 0 0 0 0 0 0 0 0 0 0 0 0 0 0 0 0 0 0 0 0 0 0 0 0 0 0 0 0 0 0 0 0 0 0 0 0 0 0 0
0 0 0 0 0 0 0 0 0 0 0 0 0 0 0 0 0 0 0 0 0 0 0 0 0 0 0 0 0 0 0 0 0 0 0 0 0 0 0 0 0 0 0 0 0 36 0 0 0 0 0 0 0 0 0 0 0 0 0 0 0 0 -18 0 0 0 0 0 0 0 0 0 0 0 0 0 0 0 0 0 0 0 0 0 -890 0 0 0 0 0 0 0 0 0 0 0 0 0 0 0 0 0 0 0 0 -24 0 0 0 0 0 0 0 0 0 0 0 0 0 0 0 0 0 -14 0 0 0 0 0 0 0 0 0 0 0 0 0 0 0 0 0 0 0 0 0 0 0 0 0 0 0 0 0 0 0 0 0 0 0 0
0 0 0 0 0 0 0 0 -220 0 0 0 0 0 0 0 0 0 0 0 0 0 0 0 0 0 0 0 0 0 0 0 0 0 0 0 0 0 0 0 0 0 0 0 0 0 0 0 0 0 0 0 0 0 0 0 0 0 0 0 0 0 0 0 0 0 0 0 0 0 0 0 0 0 0 0 0 0 0 0 0 0 0 0 0 -158 0 0 0 0 0 0 0 0 0 0 0 0 0 0 0 0 0 0 0 0 0 0 0 0 0 0 0 0 0 0 0 0 0 0 0 0 0 0 0 0 0 0 0 0 0 0 0 0 0 0 0 0 0 0 -716 0 29 0 0 0 0 0 0 0 0 0 0 0 0 0 0 0 0 0
0 39 0 0 0 0 0 38 0 2 0 -31 0 0 0 0 0 -13 0 0 0 0 7 0 0 0 0 -1 0 3 0 0 0 48 0 8 -48 0 0 0 0 0 0 0 0 0 0 0 0 -77 0 0 0 -3 0 0 -161 0 1 1 0 0 0 80 0 3 0 45 0 0 1 0 0 265 -71 2 0 0 -76 0 0 0 0 0 0 0 110 0 240 0 1 0 0 0 0 0 0 1 0 0 0 0 0 0 2 0 -43 0 -34 0 0 0 0 0 -320 0 0 0 0 -16 0 0 0 0 0 35 0 0 74 -146 0 0 1 0 43 0 0 0 238 -116 0 0 0 10 0 0 0 -273 0 0 0 5 0 0 0 0 36 3 0 0
0 0 0 0 0 0 0 0 0 0 0 0 0 0 0 0 -90 0 0 -90 0 0 0 0 0 0 0 0 0 0 0 0 0 0 0 0 0 0 0 0 0 0 0 0 0 0 0 0 0 0 0 0 0 0 0 0 0 0 0 0 0 0 0 0 0 0 0 0 0 0 0 0 0 0 0 0 0 0 0 0 0 0 0 0 0 0 0 -257 0 0 0 0 0 0 73 0 0 0 0 0 0 0 0 88 0 0 0 0 0 0 0 0 -2 0 0 -35 0 0 0 0 0 0 0 0 0 0 0 0 0 0 0 2 0 306 0 0 0 0 0 0 0 0 0 0 0 0 0 0 0 0 0 0 0 0 0 0 0 0 0 0
0 100 0 0 0 0 0 -28 0 15 0 0 4 0 0 0 0 -3 0 0 0 0 2 0 0 0 0 -22 0 37 0 0 0 -34 -3 0 -55 0 0 0 0 0 0 0 50 0 0 0 0 -22 0 0 -26 0 0 0 -197 -4 3 -3 0 0 0 0 0 39 0 13 0 0 1 0 0 -59 -82 24 0 0 -21 -81 0 0 0 0 0 0 240 0 -159 96 12 0 0 0 0 0 0 2 0 0 0 0 0 0 21 0 0 0 24 0 36 -2 0 0 -254 0 0 0 0 0 0 0 0 0 0 18 0 171 91 -41 0 0 0 0 5 0 -5 4 0 -12 0 0 0 0 90 27 0 121 0 0 0 6 0 0 0 10 -15 34 0 0
0 0 0 0 0 0 0 17 0 0 0 0 12 0 0 0 0 39 0 0 0 0 -18 0 0 0 0 0 0 0 0 0 0 0 0 0 0 0 0 0 0 0 0 0 0 0 0 0 0 0 0 0 -63 0 4 0 0 0 0 2 0 0 0 0 0 0 0 -126 0 0 0 0 -175 0 0 0 0 0 216 0 0 0 0 0 0 0 0 0 96 181 0 0 0 0 0 -89 0 0 0 0 0 0 0 0 0 0 0 0 18 0 0 0 0 0 0 0 0 0 0 0 0 0 0 0 0 0 0 -136 0 0 0 0 1 0 0 0 0 -45 0 0 0 0 0 0 0 -28 0 0 299 0 0 0 0 0 0 0 0 0 0 0
0 0 0 0 0 0 0 0 0 -5 0 0 0 0 0 0 0 0 0 0 0 0 1 0 0 0 0 21 0 -12 0 0 -51 0 2 0 0 0 0 -19 0 0 0 0 0 0 0 0 0 -5 0 0 0 0 0 0 0 0 0 0 0 0 0 0 0 27 0 3 0 0 0 0 0 3 0 241 0 0 -3 0 0 0 0 0 0 0 1 0 12 0 -52 0 0 0 0 0 0 0 0 0 0 0 0 0 -7 0 0 0 0 0 0 1 0 0 -15 0 0 0 0 0 21 0 0 0 0 -5 30 0 0 -9 0 0 0 0 0 0 2 0 0 0 0 0 0 0 0 0 0 38 0 0 0 0 0 0 0 0 6 -30 0 0
0 0 0 0 0 0 0 0 0 0 0 0 0 0 0 0 0 0 0 0 0 0 0 0 0 0 0 0 0 0 0 0 0 0 0 0 0 0 0 0 0 0 0 0 0 0 0 0 0 0 0 0 0 0 0 0 0 0 0 0 0 0 0 0 0 0 0 0 0 0 0 0 0 0 0 0 0 0 0 0 0 0 0 145 0 0 0 0 0 0 0 333 0 0 0 0 0 0 0 0 0 0 0 0 0 0 0 0 0 0 0 0 0 0 0 0 0 0 0 0 0 0 0 0 0 0 0 0 0 0 0 0 0 0 0 0 0 0 0 0 0 0 0 0 0 0 0 0 0 0 0 0 0 0 0 0 0 0 0 0
0 0 0 0 0 0 0 0 0 0 0 0 0 0 0 0 0 0 0 0 0 0 0 0 0 0 0 0 0 0 0 0 0 0 0 0 0 0 0 0 0 0 0 0 0 0 0 0 0 0 0 0 0 0 0 0 0 0 0 0 0 0 0 0 0 0 0 0 0 0 0 0 0 0 0 0 0 0 0 0 0 0 0 0 0 0 0 0 0 0 0 0 776 0 0 0 0 0 0 0 0 0 0 0 0 0 0 0 0 0 0 0 0 0 0 0 0 0 0 0 0 0 0 0 0 0 0 0 0 0 0 0 0 0 0 0 0 0 0 0 0 0 0 0 0 0 0 0 0 0 0 0 0 0 0 0 0 0 0 0
0 0 0 0 0 0 0 0 0 0 0 0 0 0 0 0 0 0 0 0 0 0 0 0 0 0 0 0 0 0 0 0 0 0 0 0 0 0 0 0 0 0 0 0 0 0 0 0 0 0 0 0 0 0 0 0 0 0 0 0 0 0 0 0 0 0 0 0 0 0 0 0 0 0 0 0 0 0 0 0 0 0 0 0 0 0 0 0 0 0 0 0 0 19 0 0 0 0 0 0 0 0 0 0 0 0 0 0 0 0 0 0 0 0 0 0 0 0 0 0 0 0 0 0 0 0 0 0 0 0 0 0 0 0 0 0 0 0 0 0 0 0 0 0 0 0 0 0 0 0 0 0 0 0 0 0 0 0 0 0
0 0 0 0 0 0 0 0 0 0 0 0 0 0 0 0 -383 0 0 0 0 0 0 0 0 0 0 0 0 0 0 0 0 0 0 0 0 0 0 0 0 0 0 0 0 0 0 0 0 0 0 0 0 0 0 0 0 0 0 0 0 0 0 0 0 0 0 0 0 0 0 0 0 0 0 0 0 0 0 0 0 0 0 0 0 0 0 73 0 0 0 0 0 0 -295 0 0 0 0 0 0 0 0 58 0 0 0 0 0 0 0 0 0 0 0 0 0 0 0 0 0 0 0 0 0 0 0 0 0 0 0 0 0 203 0 0 0 0 0 0 0 0 0 0 0 0 0 0 0 0 0 0 0 0 0 0 0 0 0 0
0 0 0 0 0 0 0 0 0 0 0 0 0 0 0 0 0 0 0 0 0 0 0 0 0 0 0 0 0 0 0 0 0 0 0 0 0 0 0 0 0 0 0 0 0 0 0 0 0 0 0 0 25 0 0 0 0 0 0 0 0 0 0 0 0 0 0 0 0 0 0 0 0 0 0 0 0 0 0 0 0 0 0 0 0 0 0 0 0 -89 0 0 0 0 0 357 0 0 0 0 0 0 0 0 0 0 0 0 0 0 0 0 0 0 0 0 0 0 0 0 0 0 0 0 0 0 0 54 0 0 0 0 0 0 0 0 0 0 0 0 0 0 0 0 0 0 0 0 57 0 0 0 0 0 0 0 0 0 0 0
0 0 0 0 0 0 0 0 0 0 0 0 0 0 0 0 0 0 0 0 0 0 0 0 0 1 0 0 0 0 0 0 0 0 0 0 0 0 0 4 0 0 -2 0 0 0 0 0 0 0 0 0 0 0 0 0 0 0 0 0 0 0 0 0 0 0 0 0 0 0 0 0 0 0 0 0 0 0 0 0 0 0 0 0 0 0 0 0 0 0 0 0 0 0 0 0 -230 0 0 0 0 0 0 0 0 0 0 0 0 0 0 0 0 0 0 0 0 0 -2 0 0 0 3 0 0 0 3 0 0 0 0 0 0 0 0 0 0 0 0 0 0 0 0 0 0 0 0 0 0 0 0 0 0 0 0 0 0 0 0 0
0 0 0 0 0 0 0 -3 0 0 0 0 9 0 0 0 0 1 0 0 0 0 0 0 0 0 0 5 0 0 0 0 2 0 1 0 0 0 0 1 0 0 0 0 0 0 0 0 0 0 0 0 -1 0 0 0 0 0 160 261 0 0 0 0 0 0 0 -2 0 0 0 0 -2 1 0 0 0 0 4 0 0 0 0 0 0 0 1 0 2 0 0 0 0 0 0 0 0 288 0 0 0 0 0 0 0 0 0 0 -3 0 0 1 0 0 0 0 0 0 0 0 0 0 0 0 0 0 0 0 0 0 0 0 41 0 0 0 1 10 0 0 0 0 0 0 0 61 0 1 0 0 0 0 0 0 0 0 1 1 0 0
0 0 0 0 0 0 0 0 0 0 0 0 0 0 0 0 0 0 0 1 0 0 0 1 0 0 0 0 0 0 0 0 0 0 0 0 0 0 0 0 0 0 0 0 0 0 0 0 0 0 0 0 0 0 0 0 0 0 0 0 0 0 0 0 0 0 0 0 0 0 1 0 0 0 0 0 0 0 0 0 0 0 0 0 0 0 0 0 0 0 0 0 0 0 0 0 0 0 531 0 0 0 0 0 0 0 0 0 0 0 0 0 0 0 0 0 0 0 0 0 0 -177 0 0 0 0 0 0 0 0 55 1 0 0 0 0 0 0 0 0 0 0 0 0 0 0 0 0 0 0 0 0 0 0 0 0 0 0 0 0
0 0 0 0 0 0 0 0 0 0 0 0 0 0 0 0 0 0 0 0 0 0 0 0 0 0 0 0 0 0 0 0 0 0 0 0 0 0 0 0 -188 0 0 0 0 0 0 0 0 0 0 0 0 0 0 0 0 0 0 0 0 0 0 0 0 0 0 0 0 0 0 0 0 0 0 0 0 0 0 0 0 0 0 0 0 0 0 0 0 0 0 0 0 0 0 0 0 0 0 -655 0 0 0 0 0 0 0 0 0 0 0 0 0 0 0 0 0 0 0 0 0 0 0 0 0 0 0 0 0 0 0 0 0 0 0 0 0 0 0 0 0 0 0 0 0 0 0 0 0 0 0 0 0 0 0 0 0 0 0 0
0 0 0 0 0 0 0 0 0 0 0 0 0 0 0 0 0 -139 0 0 0 0 -297 0 0 0 0 0 0 0 0 0 0 0 0 0 0 0 0 0 0 0 0 -110 0 0 0 0 0 0 0 0 0 0 0 0 0 0 0 0 0 0 0 0 0 0 0 0 0 0 0 0 0 0 0 0 0 0 0 0 0 0 0 0 0 0 0 0 0 0 0 0 0 0 0 0 0 0 0 0 -611 0 0 0 0 0 0 0 0 0 0 0 0 0 0 0 0 0 0 0 0 0 0 0 0 0 0 0 0 0 0 0 0 0 0 0 0 0 0 0 0 0 0 0 0 0 -44 0 0 0 0 0 0 0 0 0 0 0 0 347
0 0 -20 0 0 0 0 0 0 0 0 0 0 0 0 0 0 0 0 0 0 0 0 21 0 0 0 0 0 0 0 0 81 0 27 0 0 0 -561 -76 0 0 0 0 0 0 0 0 0 0 0 0 0 0 0 21 35 0 0 0 36 0 0 0 0 0 0 0 0 0 81 0 0 0 0 0 0 0 0 0 0 0 0 0 0 0 0 0 0 0 0 0 0 0 0 0 0 0 0 0 0 133 0 0 0 0 0 0 0 15 0 0 0 0 0 0 0 0 0 0 -31 0 0 0 0 0 114 0 76 0 0 0 0 0 0 3 0 0 0 0 0 0 0 0 0 0 0 0 0 0 0 0 0 20 0 0 0 0 0 0
0 0 0 0 0 0 0 0 0 0 0 0 0 0 0 0 0 0 0 0 0 0 0 0 0 0 0 0 0 0 0 0 0 0 0 0 0 0 0 0 0 0 0 0 0 0 0 0 0 0 0 0 0 0 0 0 1 0 0 0 0 0 0 0 0 0 0 0 0 0 0 0 0 0 0 0 -22 0 0 0 0 0 0 0 0 0 0 0 0 0 0 0 0 0 0 0 0 0 0 0 0 0 602 0 0 0 0 0 0 0 0 0 -213 0 0 25 0 0 0 0 0 0 0 0 0 0 0 0 0 0 0 181 0 0 0 0 0 0 0 0 0 0 0 0 0 0 0 0 0 0 0 12 0 0 0 0 0 0 0 0
0 0 0 0 0 0 0 0 0 0 0 0 0 0 0 0 -72 0 0 9 0 0 0 0 0 0 0 0 0 0 0 0 0 0 0 0 0 0 0 0 0 0 0 0 0 0 0 0 0 0 0 0 0 0 0 0 0 0 0 0 0 0 0 0 0 0 0 0 0 0 0 0 0 0 0 0 0 0 0 0 0 0 0 0 0 0 0 88 0 0 0 0 0 0 58 0 0 0 0 0 0 0 0 615 0 0 0 0 0 0 0 0 1 0 0 4 0 0 0 0 0 0 0 0 0 0 0 0 0 0 0 0 0 -16 0 0 0 0 0 0 0 0 0 0 0 0 0 0 0 0 0 0 0 0 0 0 0 0 0 0
0 0 0 0 0 0 0 0 0 98 0 0 0 0 0 0 0 -1 0 0 0 0 1 0 0 0 0 15 0 369 0 0 0 0 -26 0 0 0 0 0 0 0 0 0 0 0 0 0 0 -9 0 0 0 0 0 0 2 0 0 0 0 0 0 0 0 0 0 4 0 0 5 0 0 6 0 -14 0 0 -6 0 0 0 0 0 0 0 2 0 21 0 -7 0 0 0 0 0 0 0 0 0 0 0 0 0 -563 0 0 0 0 0 0 -15 0 0 -27 0 0 0 0 0 0 0 0 0 0 114 0 0 4 -17 0 0 0 0 0 0 9 0 0 0 0 0 0 0 0 0 0 67 0 0 0 0 0 0 0 0 -103 0 0 0
0 0 0 0 0 0 0 0 0 0 0 0 0 0 0 0 0 0 0 0 0 0 0 0 0 0 0 0 0 0 0 0 0 0 0 0 0 0 0 0 0 0 0 0 0 5 0 0 0 0 0 0 0 0 0 0 0 0 0 0 0 0 0 0 0 0 0 0 0 0 0 0 0 0 0 0 0 0 0 0 0 0 0 0 -24 0 0 0 0 0 0 0 0 0 0 0 0 0 0 0 0 0 0 0 0 -604 0 0 0 0 0 0 0 0 0 0 0 0 0 0 0 0 0 0 0 0 0 0 0 0 0 0 0 0 0 0 0 0 0 0 0 0 0 0 0 0 0 0 0 0 0 0 0 0 0 0 0 0 0 0
-29 0 0 0 0 0 0 0 0 0 0 112 0 0 0 -12 0 1 0 0 0 0 0 0 0 0 -36 0 0 0 0 0 0 0 -16 -27 0 0 0 0 0 0 0 1 0 0 0 4 0 -19 -15 0 0 30 0 0 2 0 0 0 0 0 0 0 0 0 0 0 0 260 3 0 0 -142 0 0 0 0 1 1 0 0 0 0 0 0 -43 0 0 0 0 0 0 0 0 0 0 0 0 0 0 0 0 0 0 0 -431 0 0 0 0 29 0 0 0 0 0 0 0 -14 0 0 0 0 0 -20 0 0 3 -36 0 0 0 0 0 0 0 0 0 0 0 0 0 -32 0 0 0 0 0 0 0 0 0 0 0 1 -22 0 0 1
0 0 0 0 0 0 0 0 0 0 -557 0 0 0 0 0 0 0 0 0 0 0 0 0 0 0 0 0 0 0 0 0 0 0 0 0 0 0 0 0 0 0 148 0 19 0 0 0 0 0 0 0 0 0 0 0 0 42 0 0 0 0 0 0 0 0 0 0 0 0 0 0 0 0 0 0 0 0 0 0 0 0 0 0 0 0 0 0 0 0 0 0 0 0 0 0 0 0 0 0 0 0 0 0 0 0 0 111 0 0 0 0 0 0 0 0 0 0 -156 0 0 0 0 0 0 1 0 0 0 0 0 0 0 0 0 0 0 0 0 0 0 0 0 0 0 0 0 0 0 0 0 0 0 0 0 -78 1 0 0 0
0 -15 0 0 -47 0 0 250 0 0 0 -33 85 0 0 0 0 -2 11 0 0 0 1 0 0 0 0 0 0 0 0 0 0 359 0 9 9 0 0 0 0 0 0 0 0 0 0 0 0 -11 0 0 65 0 0 0 31 0 -5 9 0 0 0 0 0 0 0 7 0 0 0 0 86 18 13 0 0 0 -11 0 0 0 0 0 0 0 -34 0 24 18 0 0 0 0 0 0 0 -3 0 0 0 0 0 0 0 0 0 0 103 0 0 0 0 0 -33 0 0 0 0 0 0 0 0 0 0 0 0 0 -14 -20 0 0 2 0 5 0 0 72 0 -12 0 0 0 -119 0 -54 0 -30 0 0 0 0 0 0 0 0 0 0 0 0
0 0 -632 0 0 0 0 0 0 0 0 0 0 0 0 0 0 0 0 0 0 0 0 -38 0 0 0 0 0 0 0 0 59 0 0 0 0 0 29 -55 0 0 0 0 0 0 0 0 0 0 0 0 0 0 0 5 -2 0 0 0 -66 0 0 0 0 0 39 0 0 0 6 0 0 0 0 0 0 0 0 0 0 0 0 0 0 0 0 0 0 0 0 0 0 0 0 0 0 0 0 0 0 15 0 0 0 0 0 0 0 -177 0 0 0 0 0 0 0 0 0 0 -22 0 0 0 0 0 82 0 -5 0 0 0 0 0 0 -5 0 0 0 0 0 0 0 0 0 0 0 0 0 0 0 0 0 -36 0 0 0 0 0 0
0 0 0 0 0 0 0 0 0 0 0 0 0 0 0 0 0 -2 0 0 0 0 1 0 0 0 0 0 0 0 0 0 0 0 0 0 0 0 0 0 0 0 0 0 14 0 0 0 0 0 0 0 0 0 0 0 0 -1 0 0 0 0 0 0 0 0 0 7 0 0 0 0 0 0 0 0 0 0 -11 25 0 0 0 0 0 0 0 0 36 0 0 0 0 0 0 0 0 0 0 0 0 0 0 0 0 0 0 0 0 0 -618 0 0 0 31 0 0 0 0 0 0 0 0 0 0 1 0 0 0 0 0 0 0 0 0 0 0 0 0 0 0 0 0 0 73 0 0 0 0 0 0 0 0 0 0 3 1 0 -27 0
194 0 0 0 0 0 0 0 0 -69 0 -78 0 0 0 201 0 1 0 0 0 0 0 0 0 0 0 -1 0 -28 0 0 0 0 255 20 0 0 0 0 0 0 0 0 1 0 0 0 0 2 0 0 0 0 0 0 -16 0 1 1 0 0 0 0 0 0 0 0 0 0 -42 0 0 0 0 2 0 0 1 0 0 0 0 0 0 0 0 0 -2 0 1 0 0 0 0 0 0 1 0 0 0 0 0 0 -15 0 29 0 0 0 0 -472 0 0 4 0 0 0 0 0 0 0 0 0 0 27 0 0 -36 2 0 0 1 0 0 0 5 0 0 0 0 0 0 24 0 0 0 -7 0 0 0 0 0 0 0 0 -68 0 0 0
0 0 0 0 0 0 0 0 0 0 0 0 0 0 0 0 0 0 0 -1 0 0 0 11 0 0 0 0 0 0 0 0 0 0 0 0 0 0 0 0 0 0 0 0 0 0 0 0 0 0 0 0 0 0 0 0 -13 0 0 0 0 0 0 0 0 0 0 0 0 0 34 0 0 0 0 0 -95 5 0 0 0 0 0 0 0 0 0 -2 0 0 0 0 0 0 0 0 0 0 0 0 0 0 -213 1 0 0 0 0 0 0 0 0 -188 0 0 9 0 0 0 0 0 0 0 0 0 0 0 0 -32 0 1 81 0 1 0 0 0 0 0 0 0 0 0 0 0 0 0 0 0 0 0 50 0 0 0 0 0 0 0 0
0 0 0 0 0 0 0 0 0 0 0 0 0 0 0 0 0 0 0 0 0 0 0 0 0 0 0 0 0 0 0 0 0 0 0 0 0 0 0 0 0 0 0 0 0 0 0 0 0 0 0 0 0 0 0 0 0 0 0 0 0 0 0 0 0 0 0 0 0 0 0 0 0 0 0 0 0 0 0 0 0 0 0 0 0 0 0 0 0 0 0 0 0 0 0 0 0 0 0 0 0 0 0 0 0 0 0 0 0 0 0 0 0 -111 0 0 0 0 0 0 0 0 0 0 0 0 0 0 0 0 0 0 0 0 0 0 0 0 0 0 0 0 0 0 0 0 0 0 0 0 0 0 0 0 0 0 0 0 0 0
0 -133 0 0 0 0 0 37 0 -19 0 0 0 0 0 0 0 15 0 0 0 0 -6 0 0 0 0 31 0 -49 0 0 0 46 6 0 75 0 0 0 0 0 0 0 43 0 0 0 0 30 0 0 0 0 0 0 265 -4 0 0 0 0 0 0 0 -51 0 -47 0 0 0 0 0 80 111 -31 0 0 82 -69 0 0 0 0 0 0 -320 0 -254 0 -15 0 0 0 0 0 0 0 0 0 0 0 0 0 -27 0 0 0 -33 0 31 4 0 0 -25 0 0 0 0 0 0 0 0 0 0 -22 0 0 -121 56 0 0 0 0 -6 0 8 0 0 18 0 0 0 0 77 0 0 -161 0 0 0 -6 0 0 0 8 22 -45 0 0
0 0 0 0 0 0 0 0 0 0 0 0 0 0 0 0 0 0 0 -24 0 0 0 150 0 0 0 0 0 0 0 0 0 0 0 0 0 0 0 0 0 0 0 0 0 0 0 0 0 0 0 0 0 0 0 0 -216 0 0 0 0 0 0 0 0 0 0 0 0 0 500 0 0 0 0 0 11 70 0 0 0 0 0 0 0 0 0 -35 0 0 0 0 0 0 0 0 0 0 0 0 0 0 25 4 0 0 0 0 0 0 0 0 9 0 0 -125 0 0 0 0 0 0 0 0 0 0 0 0 -475 0 7 -7 0 12 0 0 0 0 0 0 0 0 0 0 0 0 0 0 0 0 0 -5 0 0 0 0 0 0 0 0
0 0 0 0 0 0 0 0 0 0 0 0 0 0 0 0 0 0 0 0 0 0 0 0 0 0 0 0 0 0 0 0 0 0 0 0 0 0 0 0 0 0 0 0 0 0 0 0 0 0 0 0 0 0 0 0 0 0 0 0 0 0 0 0 0 0 0 0 0 0 0 0 0 0 0 0 0 0 0 0 0 0 0 0 0 0 0 0 0 0 0 0 0 0 0 0 0 0 0 0 0 0 0 0 0 0 0 0 0 0 0 0 0 0 0 0 854 0 0 0 0 0 0 0 0 0 0 0 0 0 0 0 0 0 0 0 0 0 0 0 0 0 0 0 0 0 0 0 0 0 0 0 0 0 0 0 0 0 0 0
0 0 0 0 0 0 0 0 0 0 0 0 0 0 242 0 0 0 0 0 0 0 0 0 111 0 0 0 -17 0 0 0 0 0 0 0 0 0 0 0 0 0 0 0 0 0 0 0 0 0 0 0 0 0 0 0 0 0 0 0 0 0 0 0 -157 0 0 0 0 0 0 0 0 0 0 0 0 0 0 0 0 0 0 0 0 0 0 0 0 0 0 0 0 0 0 0 0 0 0 0 0 0 0 0 0 0 0 0 0 0 0 0 0 0 0 0 0 -637 0 0 0 0 0 0 0 0 0 0 0 0 0 0 0 0 0 0 0 0 0 0 0 -125 0 0 0 0 0 0 0 0 0 0 0 0 0 0 0 0 0 0
0 0 0 0 0 0 0 0 0 0 138 0 0 0 0 0 0 0 0 0 0 0 0 0 0 66 0 0 0 0 0 0 0 0 0 0 0 0 0 284 0 0 110 0 0 0 0 0 0 0 0 0 0 0 0 0 0 0 0 0 0 0 0 0 0 0 0 0 0 0 0 0 0 0 0 0 0 0 0 0 26 29 0 0 0 0 0 0 0 0 0 0 0 0 0 0 -2 0 0 0 0 0 0 0 0 0 0 -156 0 0 0 0 0 0 0 0 0 0 341 0 0 0 243 0 0 0 193 0 0 0 0 0 0 0 0 0 0 0 0 0 0 0 0 0 0 0 0 0 0 0 0 0 0 0 0 0 0 0 0 0
0 0 0 0 0 0 0 0 0 0 0 -10 0 0 0 0 0 0 0 0 0 0 0 0 0 0 0 0 0 0 0 0 0 0 0 3 -21 0 0 0 0 0 0 0 0 0 0 0 0 0 0 0 0 -359 0 0 0 0 0 0 0 0 0 -205 0 0 0 0 0 0 0 0 0 0 -31 0 0 0 0 0 0 0 0 0 0 0 -16 0 0 0 0 0 0 0 0 0 0 0 0 0 0 0 0 0 0 0 -14 0 0 0 0 0 0 0 0 0 0 0 0 13 0 0 0 0 0 11 0 0 0 -1 0 0 0 0 0 0 0 0 0 0 0 0 0 4 0 0 0 0 0 0 0 0 0 0 0 0 12 0 0 0
0 0 33 0 0 0 0 0 0 0 0 0 0 0 0 0 0 0 0 0 0 0 0 -32 0 0 0 52 0 0 0 0 -42 0 3 0 0 -58 -45 -1 0 0 0 0 0 0 0 0 0 0 0 0 0 0 0 -31 2 0 0 0 -55 0 0 0 0 15 0 0 0 0 14 0 0 0 0 41 0 0 0 0 0 0 0 0 0 0 0 0 0 0 21 0 0 0 0 0 0 0 0 0 0 -31 0 0 0 0 0 0 0 -22 0 0 0 0 0 0 0 0 0 0 168 0 0 0 0 0 3 0 4 0 0 0 0 0 0 -4 0 0 0 0 0 0 0 0 0 0 0 0 0 0 0 0 0 -29 0 0 0 -16 0 0
0 0 0 0 0 0 0 0 0 0 0 0 0 0 0 0 0 0 0 0 0 0 0 0 0 0 0 0 0 0 0 0 0 0 0 0 0 0 0 0 0 0 0 0 0 0 0 0 0 0 0 0 0 0 0 0 0 0 0 0 0 0 0 0 0 0 0 0 0 0 0 0 0 0 0 0 0 0 0 0 0 0 0 0 0 0 0 0 0 0 0 0 0 0 0 0 0 0 -177 0 0 0 0 0 0 0 0 0 0 0 0 0 0 0 0 0 0 0 0 0 0 213 0 0 0 0 0 0 0 0 -7 0 0 0 0 0 0 0 0 0 0 0 0 0 0 0 0 0 0 0 0 0 0 0 0 0 0 0 0 0
0 0 0 0 0 0 0 0 0 0 0 0 0 0 0 0 0 0 0 0 0 0 0 0 0 167 0 0 0 0 0 0 0 0 0 0 0 0 0 75 0 0 259 0 0 0 0 0 0 0 0 0 0 0 0 0 0 0 0 0 0 0 0 0 0 0 0 0 0 0 0 12 0 0 0 0 0 0 0 0 15 17 0 0 0 0 0 0 0 0 0 0 0 0 0 0 3 0 0 0 0 0 0 0 0 0 0 0 0 0 0 0 0 0 0 0 0 0 243 0 0 0 -199 0 0 0 51 0 0 0 0 0 0 0 0 0 0 0 0 0 0 0 0 0 0 0 0 0 0 0 0 0 0 0 0 0 0 0 0 0
0 0 0 0 0 0 0 0 0 0 0 0 0 0 0 0 0 0 0 0 0 0 0 0 0 0 0 0 0 0 0 0 0 0 0 0 0 0 0 0 0 0 0 0 0 -77 0 0 0 0 0 0 0 0 0 0 0 0 0 0 0 0 -297 0 0 0 0 0 0 0 0 0 0 0 0 0 0 0 0 0 0 0 0 0 -14 0 0 0 0 0 0 0 0 0 0 0 0 0 0 0 0 0 0 0 0 0 0 0 0 0 0 0 0 0 0 0 0 0 0 0 0 0 0 406 0 0 0 0 0 0 0 0 0 0 0 0 0 0 0 0 0 0 0 0 0 0 0 0 0 0 0 0 0 0 0 0 0 0 0 0
0 0 0 0 0 0 0 0 0 0 0 0 0 0 0 0 0 0 0 0 0 0 0 0 0 0 0 0 0 0 0 0 0 0 0 0 0 0 0 0 0 0 0 0 0 0 0 0 0 0 0 0 0 0 0 0 0 0 0 0 0 0 0 0 0 0 0 0 0 0 0 0 0 0 0 0 0 0 0 0 0 0 0 0 0 0 0 0 0 0 0 0 0 0 0 0 0 0 0 0 0 0 0 0 0 0 0 0 0 0 0 0 0 0 0 0 0 0 0 0 0 0 0 0 -327 0 0 0 0 0 0 0 0 0 0 0 0 0 0 0 0 0 0 0 0 0 0 0 0 0 0 0 0 0 0 0 0 0 0 0
23 0 0 0 0 0 0 0 0 -298 1 -85 0 0 0 10 0 0 0 0 0 0 1 0 0 0 -21 12 0 204 0 0 0 0 94 22 0 0 0 0 0 0 0 1 1 0 0 2 0 8 -9 0 0 -22 0 0 -6 1 0 0 0 0 0 0 0 0 0 4 0 156 -15 0 0 113 0 -11 0 0 -5 0 0 0 0 0 0 0 35 0 18 0 -5 0 0 0 0 0 0 0 0 0 0 0 0 0 114 0 -20 1 0 0 1 27 0 0 -22 0 0 0 0 11 0 0 0 0 0 -167 0 0 -13 15 0 0 0 0 0 0 -29 0 0 0 0 0 0 26 1 0 0 56 0 0 0 0 0 0 0 0 -234 0 0 1
0 0 -118 0 0 0 0 0 0 0 0 0 0 0 0 0 0 0 0 0 0 0 0 117 0 14 0 74 0 0 0 0 -5 0 -10 0 0 0 165 -170 0 0 205 0 0 0 0 0 0 0 0 0 0 0 0 115 -5 0 -1 -1 201 0 0 0 0 22 0 0 0 0 -48 0 0 0 0 59 0 0 0 0 12 13 0 0 0 0 0 0 0 0 30 0 0 0 0 0 3 0 0 0 0 114 0 0 0 0 0 0 0 82 0 0 0 0 0 0 0 0 193 0 3 0 51 0 0 0 155 0 -11 0 0 0 0 0 0 17 0 0 0 0 0 0 0 0 0 0 0 0 0 0 0 0 0 109 0 0 0 -24 0 0
0 0 0 0 0 0 0 0 0 0 0 0 0 0 0 0 0 70 0 0 0 0 -32 0 0 0 0 0 0 0 0 0 0 0 0 0 0 0 0 0 0 0 0 0 0 0 0 0 0 0 0 0 38 0 0 0 0 0 0 0 0 0 0 0 0 0 0 -227 0 0 0 0 0 0 0 0 0 0 386 0 0 0 0 0 0 0 0 0 171 -136 0 0 0 0 0 54 0 0 0 0 0 0 0 0 0 0 0 0 0 0 0 0 0 0 0 0 0 0 0 0 0 0 0 0 0 0 0 37 0 0 0 0 0 0 0 0 0 0 0 0 0 0 0 0 0 -37 0 0 -179 0 0 0 0 0 0 0 0 0 0 0
16 29 8 0 0 0 0 16 0 17 0 -6 0 0 0 17 0 -5 0 186 0 0 3 118 0 0 0 1 0 7 0 0 -8 20 90 2 -15 0 132 8 0 0 0 0 1 0 0 0 0 -39 0 0 0 0 0 -7 75 0 0 0 12 0 0 0 0 0 0 18 0 0 259 0 0 3 -23 0 2 50 -28 0 0 0 0 0 0 0 74 0 91 0 0 0 0 0 0 0 0 0 0 0 0 76 0 0 4 0 3 0 -14 -5 0 -36 -32 0 -121 -475 0 0 0 0 4 0 0 0 0 -13 -11 0 114 -74 5 28 0 0 17 -1 0 0 -154 -44 0 0 0 2 0 0 0 -106 0 0 0 -3 0 -11 0 0 9 0 0 0
0 -82 0 0 0 0 0 23 0 -12 0 -26 0 0 0 0 0 3 0 0 0 0 -1 0 0 0 0 19 0 -30 0 0 0 29 4 7 46 0 0 0 0 0 0 0 0 0 0 0 0 84 0 0 0 3 0 0 164 0 0 0 0 0 0 0 0 -31 0 -7 0 0 0 0 0 219 69 -19 0 0 14 0 0 0 0 0 0 0 -146 0 -41 0 -9 0 0 0 0 0 0 0 0 0 0 0 0 0 -17 0 -36 0 -20 0 0 2 0 0 56 0 0 0 0 -1 0 0 0 0 0 15 0 0 -74 101 0 0 0 0 -3 0 5 0 0 11 0 0 0 8 0 0 0 -99 0 0 0 -4 0 0 0 0 44 -27 0 0
0 0 0 0 0 0 0 0 0 0 0 0 0 0 0 0 0 0 0 -2 0 0 0 -1 0 0 0 0 0 0 0 0 0 0 0 0 0 0 0 0 0 0 0 0 0 0 0 0 0 0 0 0 0 0 0 0 2 0 0 0 0 0 0 0 0 0 0 0 0 0 -4 0 0 0 0 0 0 19 0 0 0 0 0 0 0 0 0 0 0 0 0 0 0 0 0 0 0 0 55 0 0 0 0 0 0 0 0 0 0 0 0 0 1 0 0 7 0 0 0 0 0 -7 0 0 0 0 0 0 5 0 -736 0 0 0 0 0 0 0 0 0 0 0 0 0 0 0 0 0 0 0 0 0 0 0 0 0 0 0 0 0
0 0 0 0 0 0 0 0 0 0 0 0 0 0 0 0 0 0 0 2 0 0 0 -8 0 0 0 0 0 0 0 0 0 0 0 0 0 0 0 0 0 0 0 0 0 0 0 0 0 0 0 0 0 0 0 0 12 0 0 0 0 0 0 0 0 0 0 0 0 0 -28 0 0 0 0 0 81 -3 0 0 0 0 0 0 0 0 0 2 0 0 0 0 0 0 0 0 0 0 1 0 0 0 181 0 0 0 0 0 0 0 0 0 81 0 0 -7 0 0 0 0 0 0 0 0 0 0 0 0 28 0 0 -161 0 0 0 0 0 0 0 0 0 0 0 0 0 0 0 0 0 0 0 -42 0 0 0 0 0 0 0 0
0 0 0 0 0 0 0 2 0 0 0 0 -3 0 0 0 0 0 0 0 0 0 1 0 0 0 0 2 0 0 0 0 1 0 1 0 0 0 0 1 0 0 0 0 0 0 0 0 0 0 0 0 1 0 0 0 0 0 62 -40 0 0 0 0 0 0 0 1 0 0 0 0 1 1 0 0 0 0 -1 0 0 0 0 0 0 0 1 0 0 1 0 0 0 0 0 0 0 41 0 0 0 0 0 0 0 0 0 0 2 0 0 1 0 0 0 0 0 0 0 0 0 0 0 0 0 0 0 0 0 0 0 0 586 0 0 0 1 -3 0 0 0 0 0 0 0 -20 0 1 0 0 0 0 0 0 0 0 1 1 0 0
0 0 0 0 0 0 0 0 0 0 0 0 0 0 0 0 -253 0 0 30 0 0 0 0 0 0 0 0 0 0 0 0 0 0 0 0 0 0 0 0 0 0 0 0 0 0 0 0 0 0 0 0 0 0 0 0 0 0 0 0 0 0 0 0 0 0 0 0 0 0 0 0 0 0 0 0 0 0 0 0 0 0 0 0 0 0 0 306 0 0 0 0 0 0 203 0 0 0 0 0 0 0 0 -16 0 0 0 0 0 0 0 0 1 0 0 12 0 0 0 0 0 0 0 0 0 0 0 0 0 0 0 0 0 563 0 0 0 0 0 0 0 0 0 0 0 0 0 0 0 0 0 0 0 0 0 0 0 0 0 0
0 19 0 0 0 0 0 -4 0 0 0 0 0 0 0 0 0 0 0 0 0 0 1 0 0 0 0 0 0 0 0 0 0 -6 0 0 -10 0 0 0 0 0 0 0 0 0 0 0 0 -2 0 0 0 0 0 0 -35 0 0 0 0 0 0 0 0 -134 0 1 0 0 0 0 0 -11 -14 0 0 0 -1 0 0 0 0 0 0 0 43 0 5 0 0 0 0 0 0 0 0 0 0 0 0 0 0 0 0 0 0 0 5 0 0 0 0 0 -6 0 0 0 0 0 0 0 0 0 0 0 0 0 17 -3 0 0 0 0 640 0 0 0 0 250 0 0 0 0 0 0 0 -5 0 0 0 1 0 0 0 0 0 -118 0 0
0 0 8 0 0 0 0 0 0 0 0 0 0 0 0 0 0 0 0 0 0 0 0 -13 0 0 0 0 0 0 0 0 12 0 0 0 0 0 6 -11 0 0 0 0 0 0 0 0 0 0 0 0 0 0 0 -7 0 0 0 0 13 0 0 0 0 0 0 0 0 0 2 0 0 0 0 0 0 0 0 0 0 0 0 0 0 0 0 0 0 0 0 0 0 0 0 0 0 0 0 0 0 3 0 0 0 0 0 0 0 -5 0 0 0 0 0 0 0 0 0 0 -4 0 0 0 0 0 17 0 -1 0 0 0 0 0 0 886 0 0 0 0 0 0 0 0 0 0 0 0 0 0 0 0 0 -229 0 0 0 0 0 0
0 0 0 0 0 0 0 0 0 -25 0 0 0 0 0 0 0 1 0 0 0 0 0 0 0 0 0 -3 0 17 0 0 0 0 7 0 0 0 0 0 0 0 0 0 0 0 0 0 0 3 0 0 0 0 0 0 0 0 1 1 0 0 0 0 0 0 0 -1 0 0 -1 0 0 -1 0 4 0 0 2 0 0 0 0 0 0 0 0 0 -5 0 2 0 0 0 0 0 0 1 0 0 0 0 0 0 9 0 0 0 0 0 0 5 0 0 8 0 0 0 0 0 0 0 0 0 0 -29 0 0 0 5 0 0 1 0 0 0 242 0 0 0 0 0 0 0 0 0 0 -17 0 0 0 0 0 0 0 0 27 0 0 0
0 0 0 0 0 0 0 66 0 0 0 0 -216 0 0 0 0 2 0 0 0 0 0 0 0 0 0 0 0 0 0 0 0 0 0 0 0 0 0 0 0 0 0 0 0 0 0 0 0 0 0 0 -165 0 0 0 0 0 15 -21 0 0 0 0 0 0 0 -5 0 0 0 0 -219 0 0 0 0 0 9 0 0 0 0 0 0 0 0 0 4 -45 0 0 0 0 0 0 0 10 0 0 0 0 0 0 0 0 0 0 72 0 0 0 0 0 0 0 0 0 0 0 0 0 0 0 0 0 0 0 0 0 0 0 -3 0 0 0 0 201 0 0 0 0 0 0 0 140 0 0 0 0 0 0 0 0 0 0 0 0 0 0
0 101 0 0 0 0 0 0 0 0 0 0 0 0 0 0 0 0 0 0 0 0 0 0 0 0 0 0 0 0 0 0 0 0 0 0 -55 0 0 0 0 0 0 0 0 0 0 0 0 0 0 0 0 0 0 0 340 0 0 0 0 0 0 0 0 0 0 0 0 0 0 0 0 -72 -83 0 0 0 0 0 0 0 0 0 0 0 238 0 0 0 0 0 0 0 0 0 0 0 0 0 0 0 0 0 0 0 0 0 0 0 0 0 0 0 0 0 0 0 0 0 0 0 0 0 0 0 0 0 -154 0 0 0 0 0 0 0 0 0 541 0 0 0 0 0 0 0 0 0 0 0 0 -8 0 0 0 0 0 0 0 0
0 -49 0 0 0 0 0 14 0 0 0 0 0 0 0 0 0 1 0 0 0 0 0 0 0 0 0 0 0 0 0 0 0 17 0 0 28 0 0 0 0 0 0 0 0 0 0 0 0 6 0 0 0 0 0 0 98 0 0 0 0 0 0 0 0 367 0 -2 0 0 0 0 0 33 41 0 0 0 5 0 0 0 0 0 0 0 -116 0 -12 0 0 0 0 0 0 0 0 0 0 0 0 0 0 0 0 0 0 0 -12 0 0 0 0 0 18 0 0 0 0 0 0 0 0 0 0 0 0 0 -44 11 0 0 0 0 250 0 0 0 0 54 0 0 0 0 0 0 0 16 0 0 0 -2 0 0 0 0 0 323 0 0
0 0 0 0 0 0 0 0 215 0 0 0 0 0 0 0 0 0 0 0 0 0 0 0 0 0 0 0 0 0 0 0 0 0 0 0 0 0 0 0 0 0 0 0 0 0 0 0 0 0 0 0 0 0 0 0 0 0 0 0 0 0 0 0 0 0 0 0 0 0 0 0 0 0 0 0 0 0 0 0 0 0 0 0 0 -716 0 0 0 0 0 0 0 0 0 0 0 0 0 0 0 0 0 0 0 0 0 0 0 0 0 0 0 0 0 0 0 0 0 0 0 0 0 0 0 0 0 0 0 0 0 0 0 0 0 0 0 0 0 0 -193 0 -28 0 0 0 0 0 0 0 0 0 0 0 0 0 0 0 0 0
0 0 0 0 0 0 0 0 0 0 0 0 0 0 -579 0 0 0 0 0 0 0 0 0 22 0 0 0 127 0 0 0 0 0 0 0 0 0 0 0 0 0 0 0 0 0 0 0 0 0 0 0 0 0 0 0 0 0 0 0 0 0 0 0 -31 0 0 0 0 0 0 0 0 0 0 0 0 0 0 0 0 0 0 0 0 0 0 0 0 0 0 0 0 0 0 0 0 0 0 0 0 0 0 0 0 0 0 0 0 0 0 0 0 0 0 0 0 -125 0 0 0 0 0 0 0 0 0 0 0 0 0 0 0 0 0 0 0 0 0 0 0 121 0 0 0 0 0 0 0 0 0 0 0 0 0 0 0 0 0 0
0 0 0 0 0 0 0 0 -9 0 0 0 0 0 0 0 0 0 0 0 0 0 0 0 0 0 0 0 0 0 0 0 0 0 0 0 0 0 0 0 0 0 0 0 0 0 0 0 0 0 0 0 0 0 0 0 0 0 0 0 0 0 0 0 0 0 0 0 0 0 0 0 0 0 0 0 0 0 0 0 0 0 0 0 0 29 0 0 0 0 0 0 0 0 0 0 0 0 0 0 0 0 0 0 0 0 0 0 0 0 0 0 0 0 0 0 0 0 0 0 0 0 0 0 0 0 0 0 0 0 0 0 0 0 0 0 0 0 0 0 -28 0 -116 0 0 0 0 0 0 0 0 0 0 0 0 0 0 0 0 0
-23 0 0 0 66 0 0 130 0 0 0 206 0 0 0 -10 0 0 -54 0 0 0 0 0 0 0 0 0 0 0 0 0 0 -190 -13 -50 0 0 0 0 0 0 0 0 0 0 0 0 -22 5 0 0 0 -6 0 0 1 0 0 0 0 0 0 0 0 0 0 0 0 0 3 0 0 31 0 0 0 0 0 0 0 0 0 0 0 0 10 0 0 0 0 0 0 0 0 0 0 0 0 0 0 0 0 0 0 0 -32 0 -119 0 0 24 0 0 0 0 0 0 0 4 0 0 0 0 0 26 0 0 2 8 0 0 0 0 0 0 0 0 0 0 0 0 0 90 0 0 0 0 0 0 0 0 0 0 0 0 28 0 0 0
0 0 0 0 0 0 0 0 0 0 0 0 0 0 0 0 0 -5 0 0 0 0 3 0 0 0 0 0 0 0 0 0 0 0 0 0 0 0 0 0 0 0 0 0 34 0 0 0 0 0 0 0 0 0 0 0 0 -3 0 0 0 0 0 0 0 0 0 17 0 0 0 0 0 0 0 0 0 0 -28 -164 0 0 0 0 0 0 0 0 90 0 0 0 0 0 0 0 0 0 0 0 0 0 0 0 0 0 0 0 0 0 73 0 0 0 77 0 0 0 0 0 0 0 0 0 0 1 0 0 0 0 0 0 0 0 0 0 0 0 0 0 0 0 0 0 -673 0 0 0 0 0 0 0 0 0 0 7 1 0 68 0
0 0 0 0 0 0 0 -50 0 0 0 0 127 0 0 0 0 11 0 0 0 0 -5 0 0 0 0 0 0 0 0 0 0 0 0 0 0 0 0 0 0 0 0 0 0 0 0 0 0 0 0 0 -20 0 0 0 0 0 92 -133 0 0 0 0 0 0 0 -35 0 0 0 0 -34 0 0 0 0 0 61 0 0 0 0 0 0 0 0 0 27 -28 0 0 0 0 0 0 0 61 0 0 0 0 0 0 0 0 0 0 -54 0 0 0 0 0 0 0 0 0 0 0 0 0 0 0 0 0 0 -37 0 0 0 0 -20 0 0 0 0 140 0 0 0 0 0 0 0 753 0 0 0 0 0 0 0 0 0 0 0 0 0 0
0 0 0 0 0 0 0 0 0 0 0 0 0 0 0 0 0 -7 0 0 0 0 -16 0 0 0 0 0 0 0 0 0 0 0 0 0 0 0 0 0 0 0 0 34 0 0 0 0 0 0 0 -3 0 0 0 0 0 0 0 0 0 0 0 0 0 0 0 0 0 0 0 0 0 0 0 0 0 0 0 0 0 0 0 0 0 0 0 0 0 0 0 0 0 0 0 0 0 0 0 0 -44 0 0 0 0 0 0 0 0 0 0 0 0 0 0 0 0 0 0 0 0 0 0 0 0 0 0 0 0 0 0 0 0 0 0 0 0 0 0 0 0 0 0 0 0 0 -910 0 0 0 0 0 0 0 0 0 0 0 0 -104
0 -120 0 0 0 0 0 33 0 48 0 0 0 0 0 0 0 -6 0 0 0 0 4 0 0 0 0 -73 0 120 0 0 0 42 -12 0 67 0 0 0 0 0 0 0 0 0 0 0 0 -52 0 0 0 0 0 0 240 0 2 2 0 0 0 0 0 -46 0 23 0 0 3 0 0 118 100 76 0 0 -38 0 0 0 0 0 0 0 -273 0 121 0 38 0 0 0 0 0 0 1 0 0 0 0 0 0 67 0 0 0 -30 0 0 -7 0 0 -161 0 0 0 0 0 0 0 0 0 0 56 0 0 -106 -99 0 0 1 0 -5 0 -17 0 0 16 0 0 0 0 0 0 0 483 0 0 0 -6 0 0 0 0 -50 -40 0 0
0 0 0 0 0 0 0 0 0 0 0 0 0 0 0 0 0 0 0 0 0 0 0 0 0 0 0 0 0 0 0 0 0 0 0 0 0 0 0 0 0 0 0 0 0 0 0 0 0 0 0 0 -81 0 0 0 0 0 0 0 0 0 0 0 0 0 0 0 0 0 0 0 0 0 0 0 0 0 0 0 0 0 0 0 0 0 0 0 0 299 0 0 0 0 0 57 0 0 0 0 0 0 0 0 0 0 0 0 0 0 0 0 0 0 0 0 0 0 0 0 0 0 0 0 0 0 0 -179 0 0 0 0 0 0 0 0 0 0 0 0 0 0 0 0 0 0 0 0 777 0 0 0 0 0 0 0 0 0 0 0
0 0 0 0 0 0 0 0 0 0 0 0 0 0 0 0 0 0 0 0 0 0 0 0 0 0 0 0 0 0 0 0 0 0 0 0 0 0 0 0 0 0 0 0 0 0 0 0 0 0 0 0 0 0 0 0 0 0 0 0 0 0 0 0 0 0 0 0 0 0 0 0 0 0 0 0 0 0 0 0 0 0 0 0 0 0 0 0 0 0 0 0 0 0 0 0 0 0 0 0 0 0 0 0 0 0 0 0 0 0 0 0 0 0 0 0 0 0 0 0 0 0 0 0 0 0 0 0 0 0 0 0 0 0 0 0 0 0 0 0 0 0 0 0 0 0 0 0 0 475 0 0 0 0 0 0 0 0 0 0
0 0 0 0 0 0 0 0 0 0 0 0 0 0 0 0 0 0 0 0 0 0 0 0 0 0 0 0 0 0 0 0 0 0 0 0 0 0 0 0 0 0 0 0 0 0 0 0 0 0 0 0 0 0 0 0 0 0 0 0 0 0 0 0 0 0 0 0 0 0 0 0 0 0 0 0 0 0 0 0 0 0 0 0 0 0 0 0 0 0 0 0 0 0 0 0 0 0 0 0 0 0 0 0 0 0 0 0 0 0 0 0 0 0 0 0 0 0 0 0 0 0 0 0 0 0 0 0 0 0 0 0 0 0 0 0 0 0 0 0 0 0 0 0 0 0 0 0 0 0 985 0 0 0 0 0 0 0 0 0
0 2 0 0 0 0 0 1 0 0 0 0 0 0 0 0 0 0 0 0 0 0 1 0 0 0 0 0 0 0 0 0 0 2 0 0 0 0 0 0 0 0 0 0 0 0 0 0 0 -2 0 0 0 0 0 0 8 0 0 0 0 0 0 0 0 0 0 1 0 0 0 0 0 1 -1 0 -183 0 -1 0 0 0 0 0 0 0 5 0 6 0 0 0 0 0 0 0 0 0 0 0 0 0 12 0 0 0 0 0 0 0 0 0 50 0 -6 -5 0 0 0 0 0 0 0 0 0 0 0 0 -3 -4 0 -42 0 0 1 0 0 0 -8 -2 0 0 0 0 0 0 0 -6 0 0 0 292 0 0 0 0 0 0 0 0
0 0 0 0 0 0 0 0 0 0 0 0 0 0 0 0 0 0 0 0 0 0 0 0 0 0 0 0 0 0 0 0 0 0 0 0 0 0 0 0 0 0 0 0 0 0 0 0 0 0 0 0 0 0 0 0 0 0 0 0 0 0 0 0 0 0 0 0 0 0 0 0 0 0 0 0 0 0 0 0 0 0 0 0 0 0 0 0 0 0 0 0 0 0 0 0 0 0 0 0 0 0 0 0 0 0 0 0 0 0 0 0 0 0 0 0 0 0 0 0 0 0 0 0 0 0 0 0 0 0 0 0 0 0 0 0 0 0 0 0 0 0 0 0 0 0 0 0 0 0 0 0 -218 0 0 0 0 0 0 0
0 0 53 0 0 0 0 0 0 0 0 0 0 0 0 0 0 0 0 0 0 0 0 -87 0 0 0 0 0 0 0 0 78 0 0 0 0 0 38 -73 0 0 0 0 0 0 0 0 0 0 0 0 0 0 0 -50 -5 0 0 0 82 0 0 0 0 0 0 0 0 0 13 0 0 0 0 0 0 0 0 0 0 0 0 0 0 0 0 0 0 0 0 0 0 0 0 0 0 0 0 0 0 20 0 0 0 0 0 0 0 -36 0 0 0 0 0 0 0 0 0 0 -29 0 0 0 0 0 109 0 -11 0 0 0 0 0 0 -229 0 0 0 0 0 0 0 0 0 0 0 0 0 0 0 0 0 -601 0 0 0 0 0 0
0 0 0 0 0 0 0 0 0 0 0 0 0 0 0 0 0 0 0 0 0 0 0 0 0 0 0 0 0 0 0 0 0 0 0 0 0 0 0 0 0 0 0 0 0 0 0 0 0 0 0 0 0 0 0 0 0 0 0 0 0 0 0 0 0 0 0 0 0 0 0 0 0 0 0 0 0 0 0 0 0 0 0 0 0 0 0 0 0 0 0 0 0 0 0 0 0 0 0 0 0 0 0 0 0 0 0 0 0 0 0 0 0 0 0 0 0 0 0 0 0 0 0 0 0 0 0 0 0 0 0 0 0 0 0 0 0 0 0 0 0 0 0 0 0 0 0 0 0 0 0 0 0 0 -78 0 0 0 0 0
0 0 0 0 0 0 0 0 0 0 -89 0 0 0 0 0 0 0 0 0 0 0 1 0 0 0 0 0 0 0 0 0 0 0 0 0 0 0 0 0 0 0 0 0 -90 0 0 0 0 0 0 0 0 0 0 0 0 -237 0 0 0 0 0 0 0 0 0 2 0 0 0 0 0 0 0 0 0 0 -2 -5 0 0 0 0 0 0 0 0 10 0 0 0 0 0 0 0 0 0 0 0 0 0 0 0 0 0 1 -78 0 0 3 0 0 0 8 0 0 0 0 0 0 0 0 0 0 0 0 0 0 0 0 0 0 0 0 0 0 0 0 0 0 0 0 0 7 0 0 0 0 0 0 0 0 0 0 53 0 0 0 0
25 0 0 0 0 0 0 0 0 274 1 -93 0 0 0 11 0 1 0 0 0 0 0 0 0 0 -24 -10 0 -185 0 0 0 0 -60 24 0 0 0 0 0 0 0 1 1 0 0 3 0 24 -10 0 0 -24 0 0 4 1 1 1 0 0 0 0 0 0 0 -2 0 170 10 0 0 115 0 11 0 0 5 0 0 0 0 0 0 0 36 0 -15 0 6 0 0 0 0 0 0 1 0 0 0 0 0 0 -103 0 -22 1 0 0 1 -68 0 0 22 0 0 0 0 12 0 0 0 0 0 -234 0 0 9 44 0 0 1 0 0 0 27 0 0 0 0 0 0 28 1 0 0 -50 0 0 0 0 0 0 0 0 -209 0 0 1
0 0 0 0 0 0 0 0 0 0 0 0 0 0 0 0 0 -1 0 0 0 0 1 0 0 0 0 -77 0 0 0 0 44 0 0 0 0 0 0 17 0 0 0 0 0 0 0 0 0 -14 0 0 0 0 0 0 0 0 2 2 0 0 0 0 0 17 0 7 0 0 0 0 0 9 0 -60 0 0 -10 0 0 0 0 0 0 0 3 0 34 0 -30 0 0 0 0 0 0 1 0 0 0 0 0 0 0 0 0 0 0 0 0 0 0 0 -45 0 0 0 0 0 -16 0 0 0 0 0 -24 0 0 -27 0 0 1 0 -118 0 0 0 0 323 0 0 0 0 0 0 0 -40 0 0 0 0 0 0 0 0 0 223 0 0
0 0 0 0 0 0 0 0 0 0 0 0 0 0 0 0 0 0 0 0 0 0 0 0 0 0 0 0 0 0 0 0 0 0 0 0 0 0 0 0 0 0 0 0 0 0 0 0 0 0 0 0 0 0 0 0 0 0 0 0 0 0 0 0 0 0 0 0 0 0 0 0 0 0 0 0 0 0 0 63 0 0 0 0 0 0 0 0 0 0 0 0 0 0 0 0 0 0 0 0 0 0 0 0 0 0 0 0 0 0 -27 0 0 0 0 0 0 0 0 0 0 0 0 0 0 0 0 0 0 0 0 0 0 0 0 0 0 0 0 0 0 0 0 0 68 0 0 0 0 0 0 0 0 0 0 0 0 0 787 0
0 0 0 0 0 0 0 0 0 0 0 0 0 0 0 0 0 62 0 0 0 0 131 0 0 0 0 0 0 0 -4 0 0 0 0 0 0 0 0 0 0 0 0 -20 0 0 0 10 0 0 -10 0 0 0 0 0 0 0 0 0 0 0 0 0 0 0 0 0 0 0 0 0 0 0 0 0 0 0 0 0 0 0 0 0 0 0 0 0 0 0 0 0 0 0 0 0 0 0 0 0 347 0 0 0 0 0 1 0 0 0 0 0 0 0 0 0 0 0 0 0 0 0 0 0 0 1 0 0 0 0 0 0 0 0 0 0 0 0 0 0 0 0 0 0 0 0 -104 0 0 0 0 0 0 0 0 0 1 0 0 433

