Q_obj 
-777 0 0 0 0 0 0 0 0 0 -439 2 0 -45 0 0 0 0 -172 0 0 0 0 0 0 0 0 0 -2 0 0 0 0 -15 0 0 0 0 0 0 0 0 9 0 0 0 0 0 0 0 0 0 0 0 -21 0 13 5 3 -7 0 0 0 0 217 0 0 0 0 0 0 0 0 0 0 0 0 0 0 8 0 0 5 0 0 0 0 -19 0 0 0 0 0 0 0 0 0 0 0 0 7 0 0 0 0 0 0 0 0 23
0 954 0 0 0 0 0 0 0 0 0 0 0 0 0 0 0 0 0 0 0 0 0 0 0 0 0 0 0 0 0 0 0 0 0 0 0 0 0 0 0 0 0 0 0 0 0 0 0 0 0 0 0 0 0 0 0 0 0 0 0 0 0 0 0 0 0 0 0 0 0 0 0 0 0 0 0 0 0 0 0 -29 0 0 0 0 0 0 0 0 0 0 0 0 0 0 0 0 0 0 0 0 0 0 0 0 0 223 0 0
0 0 95 0 0 0 0 0 0 0 0 0 0 0 0 0 0 0 0 0 0 0 0 0 0 0 0 0 -34 0 0 0 0 0 0 0 0 0 0 0 0 65 0 0 0 0 0 0 0 0 -9 0 0 0 13 6 -7 -68 0 -28 265 0 0 0 0 0 0 0 0 0 0 17 0 0 0 0 0 -381 0 0 0 -10 76 0 0 5 0 0 0 0 0 0 0 0 0 0 0 0 0 0 0 0 0 0 0 14 0 -1 0 0
0 0 0 232 0 0 0 0 0 0 0 0 0 0 -206 0 0 0 0 0 0 0 0 0 0 0 0 0 0 0 0 0 0 0 0 0 0 0 0 0 0 0 0 0 0 0 0 0 0 0 0 0 0 0 0 0 0 0 0 0 0 0 0 0 0 0 0 0 0 0 0 0 0 0 0 0 0 0 0 0 0 0 0 0 0 0 0 0 0 0 0 0 0 0 0 0 0 0 0 0 0 0 0 0 0 0 0 0 0 0
0 0 0 0 124 0 0 0 0 0 0 0 0 1 0 0 0 0 0 0 0 0 0 0 0 0 3 0 0 0 0 0 0 0 0 0 0 0 0 0 0 0 0 0 0 0 0 0 0 0 0 0 0 3 1 0 0 0 0 1 0 0 0 0 0 0 0 0 0 0 0 0 0 0 0 0 0 0 0 0 0 0 0 0 0 0 0 0 0 0 0 0 0 0 0 0 0 0 0 0 0 0 0 0 0 0 0 0 0 0
0 0 0 0 0 -417 1 0 0 0 0 0 0 0 0 218 0 76 0 0 0 0 0 0 0 0 0 299 0 0 0 0 0 0 0 0 0 0 0 0 0 0 0 0 27 0 1 0 0 0 4 0 0 0 0 5 0 0 0 0 0 0 0 0 0 0 1 0 0 0 0 0 0 0 0 76 0 0 0 0 0 0 0 0 0 0 0 0 0 1 1 0 0 1 0 0 0 0 0 0 -37 0 0 0 0 0 0 0 0 0
0 0 0 0 0 1 -919 0 0 0 1 0 13 0 0 0 1 1 0 0 0 0 0 -215 0 0 0 0 0 0 0 0 0 0 0 0 0 4 0 -16 0 0 0 0 1 0 1 0 -1 0 0 1 0 0 0 -1 0 0 0 0 0 0 0 0 0 0 1 0 0 0 0 0 0 0 0 1 0 0 0 0 0 0 0 0 0 0 0 0 0 1 2 0 0 3 0 2 0 0 0 0 1 0 0 0 0 1 15 0 15 0
0 0 0 0 0 0 0 355 0 0 0 0 0 0 0 0 0 0 0 0 0 0 0 0 0 0 0 0 0 0 0 0 0 0 0 0 0 0 0 0 0 0 0 0 0 0 0 0 0 0 0 0 0 0 0 0 0 0 0 0 0 0 0 0 0 0 0 0 0 0 0 0 0 0 0 0 0 0 0 0 0 0 0 0 0 0 0 0 0 0 0 0 0 0 0 0 0 0 0 0 0 0 0 0 0 0 0 0 0 0
0 0 0 0 0 0 0 0 479 0 0 0 0 0 0 0 0 0 0 0 0 0 0 0 137 0 0 0 0 0 0 0 0 0 0 0 0 0 0 0 0 0 0 0 0 0 0 0 0 0 0 0 0 0 0 0 0 0 0 0 0 0 0 0 0 0 0 0 0 0 0 0 0 0 0 0 -159 0 0 0 0 0 0 0 0 0 0 0 0 0 0 0 0 0 0 0 0 0 0 0 0 0 0 0 0 0 0 0 0 0
0 0 0 0 0 0 0 0 0 -223 0 0 0 0 0 0 0 0 0 0 0 0 0 0 0 0 0 0 0 0 0 0 0 0 0 0 0 0 0 0 0 0 0 0 0 0 0 0 0 0 0 0 0 0 0 0 0 0 0 0 0 0 0 0 0 0 0 0 0 0 0 0 0 0 0 0 0 0 0 0 0 0 0 0 0 0 0 0 0 0 0 0 0 0 0 0 0 0 0 0 0 0 0 0 0 0 0 0 0 0
-439 0 0 0 0 0 1 0 0 0 -134 -2 0 91 0 0 0 0 341 0 0 0 0 0 0 0 0 0 6 0 0 0 0 31 0 0 0 0 0 0 0 0 -17 0 0 0 1 0 0 0 1 0 0 0 42 1 -23 -9 -5 16 0 0 0 0 -427 0 1 0 0 0 0 0 0 0 0 0 0 0 0 -14 0 0 -9 0 0 0 0 39 0 1 1 0 0 1 0 0 0 0 0 0 0 0 0 0 0 0 0 0 0 -44
2 0 0 0 0 0 0 0 0 0 -2 682 0 -1 0 0 0 0 1 0 0 0 0 0 0 0 0 0 0 0 0 0 0 0 0 0 0 0 0 0 0 0 1 0 0 0 0 0 0 0 0 0 0 0 0 0 1 1 1 0 0 0 0 0 -2 0 0 0 0 0 0 0 0 0 0 0 0 0 0 1 0 0 1 0 0 0 0 0 0 0 0 0 0 0 0 0 0 0 0 0 1 0 0 0 0 0 0 0 0 1
0 0 0 0 0 0 13 0 0 0 0 0 -138 0 0 0 0 0 0 0 0 0 0 -44 0 0 0 0 0 0 0 0 0 0 0 0 0 34 0 -3 0 0 0 0 0 0 0 0 0 0 0 0 0 0 0 0 0 0 0 0 0 0 0 0 0 0 0 0 0 0 0 0 0 0 0 0 0 0 0 0 0 0 0 0 0 0 0 0 0 0 0 0 0 0 0 0 0 0 0 0 0 0 0 0 0 0 0 0 21 0
-45 0 0 0 1 0 0 0 0 0 91 -1 0 399 0 0 0 0 184 0 0 0 0 0 0 0 17 0 0 0 0 0 0 251 0 0 0 0 0 0 0 0 0 0 0 0 0 0 0 0 0 0 0 -54 154 0 -87 0 6 91 0 0 0 0 0 0 0 0 0 0 0 0 0 0 0 0 0 0 0 -160 0 0 0 0 0 0 0 18 0 0 0 0 0 0 0 0 0 0 0 0 -1 0 0 0 0 0 0 0 0 50
0 0 0 -206 0 0 0 0 0 0 0 0 0 0 538 0 0 0 0 0 0 0 0 0 0 0 0 0 0 0 0 0 0 0 0 0 0 0 0 0 0 0 0 0 0 0 0 0 0 0 0 0 0 0 0 0 0 0 0 0 0 0 0 0 0 0 0 0 0 0 0 0 0 0 0 0 0 0 0 0 0 0 0 0 0 0 0 0 0 0 0 0 0 0 0 0 0 0 0 0 0 0 0 0 0 0 0 0 0 0
0 0 0 0 0 218 0 0 0 0 0 0 0 0 0 -503 0 0 0 0 0 0 0 0 0 0 0 -396 0 0 0 0 0 0 0 0 0 0 0 0 0 0 0 0 -57 0 0 0 0 0 0 0 0 0 0 0 0 0 0 0 0 0 0 0 0 0 0 0 0 0 0 0 0 0 0 -161 0 0 0 0 0 0 0 0 0 0 0 0 0 0 0 0 0 0 0 0 0 0 0 0 0 0 0 0 0 0 0 0 0 0
0 0 0 0 0 0 1 0 0 0 0 0 0 0 0 0 -680 0 0 0 0 0 0 0 0 0 0 0 0 0 0 0 0 0 0 0 0 0 0 0 0 0 0 0 0 0 1 0 0 0 1 0 0 0 0 1 0 0 0 0 0 0 0 0 0 0 1 0 0 0 0 0 0 0 0 0 0 0 0 0 0 0 0 0 0 0 0 0 0 1 1 0 0 1 0 -54 0 0 0 0 0 0 0 0 0 0 13 0 -1 0
0 0 0 0 0 76 1 0 0 0 0 0 0 0 0 0 0 -467 0 0 0 0 0 0 0 0 0 0 0 0 0 0 0 0 0 0 0 0 0 0 0 0 0 0 32 0 1 0 0 0 3 0 0 0 0 5 0 0 0 0 0 0 0 0 0 0 1 0 0 0 0 0 0 0 0 90 0 0 0 0 0 0 0 0 0 0 0 0 0 1 1 0 0 1 0 0 0 0 0 0 -33 0 0 0 0 0 0 0 0 0
-172 0 0 0 0 0 0 0 0 0 341 1 0 184 0 0 0 0 570 0 0 0 0 0 0 0 0 0 11 0 0 0 0 63 0 0 0 0 0 0 0 0 -35 0 0 0 0 0 0 0 0 0 0 0 85 0 -48 -19 -10 32 0 0 0 0 265 0 0 0 0 0 0 0 0 0 0 0 0 0 0 -30 0 0 -19 0 0 0 0 78 0 0 0 0 0 0 0 0 0 0 0 0 -4 0 0 0 0 0 0 0 0 -90
0 0 0 0 0 0 0 0 0 0 0 0 0 0 0 0 0 0 0 121 -48 0 0 0 0 0 0 0 0 0 0 0 0 0 0 0 0 0 0 0 0 1 0 0 0 0 0 -44 0 0 0 0 0 0 2 0 4 0 0 0 0 -6 0 0 0 0 0 0 0 0 0 0 -3 0 0 0 0 2 0 0 0 1 0 0 0 16 0 0 0 0 0 0 0 0 0 0 0 0 0 0 0 0 -2 15 0 49 0 1 0 0
0 0 0 0 0 0 0 0 0 0 0 0 0 0 0 0 0 0 0 -48 -542 0 0 0 0 0 0 0 0 0 0 0 0 0 0 0 0 0 0 0 0 3 0 0 0 0 0 0 0 0 0 0 0 0 -9 0 -16 0 0 0 0 37 0 0 0 0 0 -6 0 0 0 0 0 0 0 0 0 0 0 0 0 14 0 0 0 0 0 0 0 0 0 0 0 0 0 0 0 0 0 0 0 0 0 0 0 0 0 2 0 0
0 0 0 0 0 0 0 0 0 0 0 0 0 0 0 0 0 0 0 0 0 319 0 0 0 0 0 0 0 0 0 0 0 0 0 0 0 0 0 0 0 0 0 0 0 0 0 0 0 0 0 0 0 0 0 0 0 0 0 0 0 0 0 0 0 0 0 0 0 0 0 0 0 0 0 0 0 0 0 0 0 0 0 0 0 0 0 0 0 0 0 0 0 0 0 0 0 0 0 0 0 0 0 0 0 0 0 0 0 0
0 0 0 0 0 0 0 0 0 0 0 0 0 0 0 0 0 0 0 0 0 0 276 2 0 0 0 0 0 0 0 0 0 0 -13 0 0 0 30 1 0 0 0 0 0 0 -226 0 -17 0 1 0 0 0 0 1 0 0 0 0 0 0 12 0 0 0 33 0 0 0 0 0 -19 0 0 0 0 0 0 0 0 0 0 -162 0 -10 0 0 0 -7 176 0 0 49 0 0 58 0 0 0 0 0 30 0 0 4 -1 0 4 0
0 0 0 0 0 0 -215 0 0 0 0 0 -44 0 0 0 0 0 0 0 0 0 2 -226 0 0 0 0 0 0 0 0 0 0 0 0 0 -12 0 27 0 0 0 0 0 0 0 0 5 0 3 0 0 0 0 5 0 0 0 0 0 0 0 0 0 0 -2 0 0 0 0 0 0 0 0 0 0 0 0 0 0 0 0 0 0 3 0 0 0 -2 -5 0 0 -7 0 -3 1 0 0 0 0 0 0 0 0 0 -49 0 -52 0
0 0 0 0 0 0 0 0 137 0 0 0 0 0 0 0 0 0 0 0 0 0 0 0 -456 0 0 0 0 0 0 0 0 0 0 0 0 0 0 0 0 0 0 0 0 0 0 0 0 0 0 0 0 0 0 0 0 0 0 0 0 0 0 0 0 0 0 0 0 0 0 0 0 0 0 0 -537 0 0 0 0 0 0 0 0 0 0 0 0 0 0 0 0 0 0 0 0 0 0 0 0 0 0 0 0 0 0 0 0 0
0 0 0 0 0 0 0 0 0 0 0 0 0 0 0 0 0 0 0 0 0 0 0 0 0 253 0 0 0 0 0 0 0 0 0 0 0 0 0 0 0 0 0 0 0 0 0 0 0 0 0 0 0 0 0 0 0 0 0 0 0 0 0 0 0 0 0 0 0 0 0 0 0 0 0 0 0 0 0 0 0 0 0 0 0 0 0 0 0 0 0 0 0 0 0 0 0 0 0 0 0 0 0 0 0 0 0 0 0 0
0 0 0 0 3 0 0 0 0 0 0 0 0 17 0 0 0 0 0 0 0 0 0 0 0 0 289 0 0 0 0 0 0 -76 0 0 0 0 0 0 0 0 0 0 0 0 0 0 0 0 0 0 0 232 8 0 -3 0 0 5 0 0 0 0 0 0 0 0 0 0 0 0 0 0 0 0 0 0 0 -2 0 0 0 0 0 0 0 0 0 0 0 0 0 0 0 0 0 0 0 0 0 0 0 0 0 0 0 0 0 -8
0 0 0 0 0 299 0 0 0 0 0 0 0 0 0 -396 0 0 0 0 0 0 0 0 0 0 0 379 0 0 0 0 0 0 0 0 0 0 0 0 0 0 0 0 -78 0 0 0 0 0 0 0 0 0 0 0 0 0 0 0 0 0 0 0 0 0 0 0 0 0 0 0 0 0 0 -222 0 0 0 0 0 0 0 0 0 0 0 0 0 0 0 0 0 0 0 0 0 0 0 0 0 0 0 0 0 0 0 0 0 0
-2 0 -34 0 0 0 0 0 0 0 6 0 0 0 0 0 0 0 11 0 0 0 0 0 0 0 0 0 130 0 0 0 0 0 0 0 0 0 0 0 56 34 -41 0 0 0 0 0 0 0 3 0 0 0 -17 -1 11 78 0 40 158 0 0 0 0 0 0 0 0 0 0 -4 0 36 0 0 0 -227 0 0 0 -5 82 0 0 3 0 -150 0 0 0 0 0 0 0 0 0 0 0 0 0 0 0 0 0 9 0 0 0 0
0 0 0 0 0 0 0 0 0 0 0 0 0 0 0 0 0 0 0 0 0 0 0 0 0 0 0 0 0 295 0 0 0 0 0 0 0 0 0 0 0 0 0 0 0 0 0 0 0 0 0 0 0 0 0 0 0 0 0 0 0 0 0 0 0 -46 0 0 0 0 0 0 0 0 0 0 0 0 0 0 0 0 0 0 0 0 0 0 0 0 0 0 0 0 0 0 0 0 0 0 0 0 0 0 0 0 0 0 0 0
0 0 0 0 0 0 0 0 0 0 0 0 0 0 0 0 0 0 0 0 0 0 0 0 0 0 0 0 0 0 453 0 0 0 0 0 0 0 0 0 0 0 0 0 0 0 0 0 0 0 0 0 0 0 0 0 0 0 0 0 0 0 0 0 0 0 0 0 0 0 0 0 0 0 0 0 0 0 0 0 0 0 0 0 0 0 0 0 0 0 0 0 0 0 0 0 0 0 0 0 0 0 0 0 0 0 0 0 0 0
0 0 0 0 0 0 0 0 0 0 0 0 0 0 0 0 0 0 0 0 0 0 0 0 0 0 0 0 0 0 0 -792 0 0 0 0 0 0 0 0 0 0 0 0 0 0 0 0 0 0 0 0 0 0 0 0 0 0 0 0 0 0 0 0 0 0 0 0 0 0 0 0 0 0 0 0 0 0 0 0 0 0 0 0 0 0 0 0 0 0 0 0 0 0 0 0 0 0 0 0 0 0 0 0 0 0 0 0 0 0
0 0 0 0 0 0 0 0 0 0 0 0 0 0 0 0 0 0 0 0 0 0 0 0 0 0 0 0 0 0 0 0 538 0 0 0 0 0 0 0 0 0 0 0 0 0 0 0 0 0 0 0 0 0 0 0 0 0 0 0 0 0 0 0 0 0 0 0 0 0 0 0 0 0 0 0 0 0 0 0 0 0 0 0 0 0 0 0 0 0 0 0 0 0 0 0 0 0 0 0 0 0 0 0 0 0 0 0 0 0
-15 0 0 0 0 0 0 0 0 0 31 0 0 251 0 0 0 0 63 0 0 0 0 0 0 0 -76 0 0 0 0 0 0 -561 0 0 0 0 0 0 0 0 0 0 0 0 0 0 0 0 0 0 0 250 108 0 -60 0 -14 64 0 0 0 0 0 0 0 0 0 0 0 0 0 0 0 0 0 0 0 -41 0 0 0 0 0 0 0 6 0 0 0 0 0 0 0 0 0 0 0 0 0 0 0 0 0 0 0 0 0 -124
0 0 0 0 0 0 0 0 0 0 0 0 0 0 0 0 0 0 0 0 0 0 -13 0 0 0 0 0 0 0 0 0 0 0 -546 0 0 0 -127 0 0 0 0 0 0 0 9 0 114 0 0 0 0 0 0 0 0 0 0 0 0 0 45 0 0 0 -20 0 0 0 0 0 9 0 0 0 0 0 0 0 0 0 0 46 0 0 0 0 0 0 104 0 0 0 0 0 130 0 0 0 0 0 -13 0 0 0 0 0 0 0
0 0 0 0 0 0 0 0 0 0 0 0 0 0 0 0 0 0 0 0 0 0 0 0 0 0 0 0 0 0 0 0 0 0 0 -603 0 0 0 0 0 0 0 0 0 0 0 0 0 0 0 0 0 0 0 0 0 0 0 0 0 0 0 0 0 0 0 0 0 0 0 0 0 0 0 0 0 0 0 0 0 0 0 0 0 0 0 0 0 0 0 0 0 0 0 0 0 0 0 0 0 0 0 0 0 0 0 0 0 0
0 0 0 0 0 0 0 0 0 0 0 0 0 0 0 0 0 0 0 0 0 0 0 0 0 0 0 0 0 0 0 0 0 0 0 0 692 0 0 0 0 0 0 0 0 0 0 0 0 0 0 0 0 0 0 0 0 0 0 0 0 0 0 0 0 0 0 0 0 0 0 0 0 0 0 0 0 0 0 0 0 0 0 0 0 0 0 0 0 0 0 0 0 0 0 0 0 0 0 0 0 0 0 0 0 0 0 0 0 0
0 0 0 0 0 0 4 0 0 0 0 0 34 0 0 0 0 0 0 0 0 0 0 -12 0 0 0 0 0 0 0 0 0 0 0 0 0 -247 0 0 0 0 0 0 0 0 0 0 0 0 0 0 0 0 0 0 0 0 0 0 0 0 0 0 0 0 0 0 0 0 0 0 0 0 0 0 0 0 0 0 0 0 0 0 0 0 0 0 0 0 0 0 0 0 0 0 0 0 0 0 0 0 0 0 0 0 0 0 6 0
0 0 0 0 0 0 0 0 0 0 0 0 0 0 0 0 0 0 0 0 0 0 30 0 0 0 0 0 0 0 0 0 0 0 -127 0 0 0 -697 0 0 0 0 0 0 0 -19 0 -64 0 0 0 0 0 0 0 0 0 0 0 0 0 -25 0 0 0 106 0 0 0 0 0 16 0 0 0 0 0 0 0 0 0 0 79 0 0 0 0 0 0 -51 0 0 0 0 0 173 0 0 0 0 0 -23 0 0 0 0 0 0 0
0 0 0 0 0 0 -16 0 0 0 0 0 -3 0 0 0 0 0 0 0 0 0 1 27 0 0 0 0 0 0 0 0 0 0 0 0 0 0 0 -556 0 0 0 0 0 0 0 0 1 0 1 0 0 0 0 1 0 0 0 0 0 0 0 0 0 0 0 0 0 0 0 0 0 0 0 0 0 0 0 0 0 0 0 0 0 1 0 0 0 0 0 0 0 0 0 0 1 0 0 0 0 0 0 0 0 0 -3 0 -4 0
0 0 0 0 0 0 0 0 0 0 0 0 0 0 0 0 0 0 0 0 0 0 0 0 0 0 0 0 56 0 0 0 0 0 0 0 0 0 0 0 -187 0 0 0 0 0 0 0 0 0 0 0 0 0 -63 0 36 -102 0 142 0 0 0 0 0 0 0 0 0 0 0 0 0 -601 0 0 0 0 0 0 0 0 0 0 0 0 0 0 0 0 0 0 0 0 0 0 0 0 0 0 0 0 0 0 0 0 0 0 0 0
0 0 65 0 0 0 0 0 0 0 0 0 0 0 0 0 0 0 0 1 3 0 0 0 0 0 0 0 34 0 0 0 0 0 0 0 0 0 0 0 0 -384 0 0 0 0 0 0 0 0 -4 0 0 0 -1 3 2 26 0 4 -35 0 0 0 0 0 0 91 0 0 0 9 0 0 0 0 0 51 0 0 0 -47 -10 0 0 0 0 0 0 0 0 0 0 0 0 0 0 0 0 0 0 0 0 0 0 -1 0 -6 0 0
9 0 0 0 0 0 0 0 0 0 -17 1 0 0 0 0 0 0 -35 0 0 0 0 0 0 0 0 0 -41 0 0 0 0 0 0 0 0 0 0 0 0 0 -225 0 0 0 0 0 0 0 0 0 0 0 -25 0 15 77 0 58 0 0 0 0 0 0 0 0 0 0 0 0 0 0 0 0 0 0 0 0 0 0 78 0 0 0 0 491 0 0 0 0 0 0 0 0 0 0 0 0 1 0 0 0 0 0 0 0 0 0
0 0 0 0 0 0 0 0 0 0 0 0 0 0 0 0 0 0 0 0 0 0 0 0 0 0 0 0 0 0 0 0 0 0 0 0 0 0 0 0 0 0 0 852 0 0 0 0 0 0 0 0 0 0 0 0 0 0 0 0 0 0 0 0 0 0 0 0 0 0 0 0 0 0 0 0 0 0 0 0 0 0 0 0 0 0 0 0 0 0 0 0 0 0 0 0 0 0 0 0 0 0 0 0 0 0 0 0 0 0
0 0 0 0 0 27 1 0 0 0 0 0 0 0 0 -57 0 32 0 0 0 0 0 0 0 0 0 -78 0 0 0 0 0 0 0 0 0 0 0 0 0 0 0 0 -469 0 1 0 0 0 2 0 0 0 0 3 0 0 0 0 0 0 0 0 0 0 1 0 0 0 0 0 0 0 0 32 0 0 0 0 0 0 0 0 0 0 0 0 0 1 1 0 0 1 0 0 0 0 0 0 -15 0 0 0 0 0 0 0 0 0
0 0 0 0 0 0 0 0 0 0 0 0 0 0 0 0 0 0 0 0 0 0 0 0 0 0 0 0 0 0 0 0 0 0 0 0 0 0 0 0 0 0 0 0 0 865 0 0 0 0 0 0 0 0 0 0 0 0 0 0 0 0 0 0 0 0 0 0 0 0 0 0 0 0 0 0 0 0 0 0 0 0 0 0 0 0 0 0 0 0 0 0 0 0 0 0 0 0 0 0 0 0 0 0 0 0 0 0 0 0
0 0 0 0 0 1 1 0 0 0 1 0 0 0 0 0 1 1 0 0 0 0 -226 0 0 0 0 0 0 0 0 0 0 0 9 0 0 0 -19 0 0 0 0 0 1 0 81 0 12 0 0 1 0 0 0 0 0 0 0 0 0 0 -7 0 0 0 -21 0 0 0 0 0 13 0 0 1 0 0 0 0 0 0 0 107 0 8 0 0 0 5 -115 0 0 -31 0 1 -37 0 0 0 1 0 -19 0 0 -2 1 0 -2 0
0 0 0 0 0 0 0 0 0 0 0 0 0 0 0 0 0 0 0 -44 0 0 0 0 0 0 0 0 0 0 0 0 0 0 0 0 0 0 0 0 0 0 0 0 0 0 0 148 0 0 0 0 0 0 12 0 21 0 0 0 0 -45 0 0 0 0 0 0 0 0 0 0 0 0 0 0 0 1 0 0 0 0 0 0 0 7 0 0 0 0 0 0 0 0 0 0 0 0 0 0 0 0 0 -9 0 20 0 0 0 0
0 0 0 0 0 0 -1 0 0 0 0 0 0 0 0 0 0 0 0 0 0 0 -17 5 0 0 0 0 0 0 0 0 0 0 114 0 0 0 -64 1 0 0 0 0 0 0 12 0 -444 0 1 0 0 0 0 1 0 0 0 0 0 0 -56 0 0 0 -229 0 0 0 0 0 0 0 0 0 0 0 0 0 0 0 0 0 0 -34 0 0 0 -23 76 0 0 153 0 0 88 0 0 0 0 0 0 0 0 12 -3 0 10 0
0 0 0 0 0 0 0 0 0 0 0 0 0 0 0 0 0 0 0 0 0 0 0 0 0 0 0 0 0 0 0 0 0 0 0 0 0 0 0 0 0 0 0 0 0 0 0 0 0 628 0 0 0 0 0 0 0 0 0 0 0 0 0 0 0 0 0 0 0 0 0 0 0 0 0 0 0 0 0 0 0 0 0 0 0 0 0 0 0 0 0 0 0 0 0 0 0 0 0 0 0 0 0 0 0 0 0 0 0 0
0 0 -9 0 0 4 0 0 0 0 1 0 0 0 0 0 1 3 0 0 0 0 1 3 0 0 0 0 3 0 0 0 0 0 0 0 0 0 0 1 0 -4 0 0 2 0 0 0 1 0 -333 -27 0 0 -9 -100 -15 5 80 3 -12 -9 0 -8 0 0 0 0 0 0 0 -136 0 0 0 4 0 33 0 0 0 1 -5 0 6 0 0 0 0 0 0 0 0 0 0 1 1 0 0 0 4 0 0 0 0 -1 6 1 7 -9
0 0 0 0 0 0 1 0 0 0 0 0 0 0 0 0 0 0 0 0 0 0 0 0 0 0 0 0 0 0 0 0 0 0 0 0 0 0 0 0 0 0 0 0 0 0 1 0 0 0 -27 -869 0 0 0 -44 0 0 0 0 0 0 0 0 0 0 1 0 0 0 0 0 0 0 0 0 0 0 0 0 0 0 0 0 0 0 0 0 0 1 1 0 0 1 0 0 0 0 0 0 0 0 0 0 0 0 -1 0 -1 0
0 0 0 0 0 0 0 0 0 0 0 0 0 0 0 0 0 0 0 0 0 0 0 0 0 0 0 0 0 0 0 0 0 0 0 0 0 0 0 0 0 0 0 0 0 0 0 0 0 0 0 0 -4 0 0 0 0 0 0 0 0 0 0 0 0 0 0 0 0 0 0 0 0 0 0 0 0 0 0 0 0 0 0 0 0 0 0 0 0 0 0 0 0 0 0 0 0 0 -437 0 0 0 0 0 0 0 0 0 0 0
0 0 0 0 3 0 0 0 0 0 0 0 0 -54 0 0 0 0 0 0 0 0 0 0 0 0 232 0 0 0 0 0 0 250 0 0 0 0 0 0 0 0 0 0 0 0 0 0 0 0 0 0 0 -401 -23 0 14 0 4 -13 0 0 0 0 0 0 0 0 0 0 0 0 0 0 0 0 0 0 0 9 0 0 0 0 0 0 0 0 0 0 0 0 0 0 0 0 0 0 0 0 0 0 0 0 0 0 0 0 0 27
-21 0 13 0 1 0 0 0 0 0 42 0 0 154 0 0 0 0 85 2 -9 0 0 0 0 0 8 0 -17 0 0 0 0 108 0 0 0 0 0 0 -63 -1 -25 0 0 0 0 12 0 0 -9 0 0 -23 104 7 -56 50 26 53 9 -29 0 -47 0 0 0 0 0 0 0 -5 2 -39 0 0 0 -5 0 -25 0 1 24 0 3 -4 0 -84 0 0 0 0 0 0 0 0 0 0 0 0 0 0 1 -3 0 -12 0 1 0 19
0 0 6 0 0 5 -1 0 0 0 1 0 0 0 0 0 1 5 0 0 0 0 1 5 0 0 0 0 -1 0 0 0 0 0 0 0 0 0 0 1 0 3 0 0 3 0 0 0 1 0 -100 -44 0 0 7 -433 10 -3 -48 -1 8 6 0 6 0 0 0 0 0 0 0 85 0 0 0 6 0 -19 0 0 0 0 4 0 -3 1 0 0 0 0 0 0 0 0 0 1 1 0 0 0 6 0 0 0 0 1 9 0 11 6
13 0 -7 0 0 0 0 0 0 0 -23 1 0 -87 0 0 0 0 -48 4 -16 0 0 0 0 0 -3 0 11 0 0 0 0 -60 0 0 0 0 0 0 36 2 15 0 0 0 0 21 0 0 -15 0 0 14 -56 10 36 -28 40 -29 3 -51 0 -84 0 0 0 0 0 0 0 -13 2 23 0 0 0 8 0 15 0 1 -13 0 5 -7 0 48 0 0 0 0 0 0 0 0 0 0 0 0 1 0 2 -6 0 -22 0 1 0 -16
5 0 -68 0 0 0 0 0 0 0 -9 1 0 0 0 0 0 0 -19 0 0 0 0 0 0 0 0 0 78 0 0 0 0 0 0 0 0 0 0 0 -102 26 77 0 0 0 0 0 0 0 5 0 0 0 50 -3 -28 -37 0 -111 67 0 0 0 0 0 0 0 0 0 0 -8 0 -64 0 0 0 -96 0 0 0 -3 -46 0 0 2 0 276 0 0 0 0 0 0 0 0 0 0 0 0 1 0 0 0 0 4 0 0 0 0
3 0 0 0 0 0 0 0 0 0 -5 1 0 6 0 0 0 0 -10 0 0 0 0 0 0 0 0 0 0 0 0 0 0 -14 0 0 0 0 0 0 0 0 0 0 0 0 0 0 0 0 80 0 0 4 26 -48 40 0 -247 2 -26 25 0 21 0 0 0 0 0 0 0 64 0 0 0 0 0 -18 0 0 0 0 0 0 -24 0 0 0 0 0 0 0 0 0 0 0 0 0 0 0 1 0 0 0 0 0 0 0 0 105
-7 0 -28 0 1 0 0 0 0 0 16 0 0 91 0 0 0 0 32 0 0 0 0 0 0 0 5 0 40 0 0 0 0 64 0 0 0 0 0 0 142 4 58 0 0 0 0 0 0 0 3 0 0 -13 53 -1 -29 -111 2 49 -11 0 0 0 0 0 0 0 0 0 0 -3 0 89 0 0 0 17 0 -15 0 0 -51 0 0 0 0 210 0 0 0 0 0 0 0 0 0 0 0 0 0 0 0 0 0 0 0 0 0 13
0 0 265 0 0 0 0 0 0 0 0 0 0 0 0 0 0 0 0 0 0 0 0 0 0 0 0 0 158 0 0 0 0 0 0 0 0 0 0 0 0 -35 0 0 0 0 0 0 0 0 -12 0 0 0 9 8 3 67 -26 -11 50 3 0 3 0 0 0 0 0 0 0 39 1 0 340 0 0 -161 0 0 0 6 30 0 145 0 0 0 0 0 0 0 0 0 0 0 0 0 0 0 0 0 1 0 -92 -1 0 1 0 4
0 0 0 0 0 0 0 0 0 0 0 0 0 0 0 0 0 0 0 -6 37 0 0 0 0 0 0 0 0 0 0 0 0 0 0 0 0 0 0 0 0 0 0 0 0 0 0 -45 0 0 -9 0 0 0 -29 6 -51 0 25 0 3 87 0 -50 0 0 0 1 0 0 0 -7 -4 0 0 0 0 4 0 0 0 0 0 0 3 17 0 0 0 0 0 0 0 0 0 0 0 0 0 0 0 0 -2 16 0 51 0 0 0 -2
0 0 0 0 0 0 0 0 0 0 0 0 0 0 0 0 0 0 0 0 0 0 12 0 0 0 0 0 0 0 0 0 0 0 45 0 0 0 -25 0 0 0 0 0 0 0 -7 0 -56 0 0 0 0 0 0 0 0 0 0 0 0 0 58 0 0 0 31 0 0 0 0 0 0 0 0 0 0 0 0 0 0 0 0 0 0 0 0 0 0 0 -49 0 0 0 0 0 -11 0 0 0 0 0 0 0 0 0 0 0 0 0
0 0 0 0 0 0 0 0 0 0 0 0 0 0 0 0 0 0 0 0 0 0 0 0 0 0 0 0 0 0 0 0 0 0 0 0 0 0 0 0 0 0 0 0 0 0 0 0 0 0 -8 0 0 0 -47 6 -84 0 21 0 3 -50 0 208 0 0 0 0 0 0 0 -6 0 0 0 0 0 2 0 0 0 0 0 0 3 0 0 0 0 0 0 0 0 0 0 0 0 0 0 0 0 0 0 0 0 0 0 0 0 -2
217 0 0 0 0 0 0 0 0 0 -427 -2 0 0 0 0 0 0 265 0 0 0 0 0 0 0 0 0 0 0 0 0 0 0 0 0 0 0 0 0 0 0 0 0 0 0 0 0 0 0 0 0 0 0 0 0 0 0 0 0 0 0 0 0 -58 0 0 0 0 0 0 0 0 0 0 0 0 0 0 0 0 0 0 0 0 0 0 0 0 0 0 0 0 0 0 0 0 0 0 0 7 0 0 0 0 0 0 0 0 0
0 0 0 0 0 0 0 0 0 0 0 0 0 0 0 0 0 0 0 0 0 0 0 0 0 0 0 0 0 -46 0 0 0 0 0 0 0 0 0 0 0 0 0 0 0 0 0 0 0 0 0 0 0 0 0 0 0 0 0 0 0 0 0 0 0 77 0 0 0 0 0 0 0 0 0 0 0 0 0 0 0 0 0 0 0 0 0 0 0 0 0 0 0 0 0 0 0 0 0 0 0 0 0 0 0 0 0 0 0 0
0 0 0 0 0 1 1 0 0 0 1 0 0 0 0 0 1 1 0 0 0 0 33 -2 0 0 0 0 0 0 0 0 0 0 -20 0 0 0 106 0 0 0 0 0 1 0 -21 0 -229 0 0 1 0 0 0 0 0 0 0 0 0 0 31 0 0 0 -642 0 0 0 0 0 22 0 0 1 0 0 0 0 0 0 0 113 0 19 0 0 0 13 -33 0 0 -82 0 1 228 0 0 0 1 0 -33 0 0 -6 2 0 -5 0
0 0 0 0 0 0 0 0 0 0 0 0 0 0 0 0 0 0 0 0 -6 0 0 0 0 0 0 0 0 0 0 0 0 0 0 0 0 0 0 0 0 91 0 0 0 0 0 0 0 0 0 0 0 0 0 0 0 0 0 0 0 1 0 0 0 0 0 307 0 0 0 0 0 0 0 0 0 0 0 0 0 566 0 0 0 0 0 0 0 0 0 0 0 0 0 0 0 0 0 0 0 0 0 0 0 0 0 74 0 0
0 0 0 0 0 0 0 0 0 0 0 0 0 0 0 0 0 0 0 0 0 0 0 0 0 0 0 0 0 0 0 0 0 0 0 0 0 0 0 0 0 0 0 0 0 0 0 0 0 0 0 0 0 0 0 0 0 0 0 0 0 0 0 0 0 0 0 0 -145 0 0 0 0 0 0 0 0 0 0 0 0 0 0 0 0 0 0 0 0 0 0 0 0 0 0 0 0 0 0 0 0 0 0 0 0 0 0 0 0 0
0 0 0 0 0 0 0 0 0 0 0 0 0 0 0 0 0 0 0 0 0 0 0 0 0 0 0 0 0 0 0 0 0 0 0 0 0 0 0 0 0 0 0 0 0 0 0 0 0 0 0 0 0 0 0 0 0 0 0 0 0 0 0 0 0 0 0 0 0 -104 0 0 0 0 0 0 0 0 0 0 0 0 0 0 0 0 0 0 0 0 0 0 0 0 0 0 0 0 0 0 0 0 0 0 0 0 0 0 0 0
0 0 0 0 0 0 0 0 0 0 0 0 0 0 0 0 0 0 0 0 0 0 0 0 0 0 0 0 0 0 0 0 0 0 0 0 0 0 0 0 0 0 0 0 0 0 0 0 0 0 0 0 0 0 0 0 0 0 0 0 0 0 0 0 0 0 0 0 0 0 -598 0 0 0 0 0 0 0 0 0 0 0 0 0 0 0 0 0 0 0 0 0 0 0 0 0 0 0 0 0 0 0 0 0 0 0 0 0 0 0
0 0 17 0 0 0 0 0 0 0 0 0 0 0 0 0 0 0 0 0 0 0 0 0 0 0 0 0 -4 0 0 0 0 0 0 0 0 0 0 0 0 9 0 0 0 0 0 0 0 0 -136 0 0 0 -5 85 -13 -8 64 -3 39 -7 0 -6 0 0 0 0 0 0 0 -144 0 0 0 0 0 -44 0 0 0 -1 10 0 5 1 0 0 0 0 0 0 0 0 0 0 0 0 0 0 0 0 0 0 0 2 0 0 0 -7
0 0 0 0 0 0 0 0 0 0 0 0 0 0 0 0 0 0 0 -3 0 0 -19 0 0 0 0 0 0 0 0 0 0 0 9 0 0 0 16 0 0 0 0 0 0 0 13 0 0 0 0 0 0 0 2 0 2 0 0 0 1 -4 0 0 0 0 22 0 0 0 0 0 162 0 0 0 0 0 0 0 0 0 0 -94 0 -6 0 0 0 0 -6 0 0 0 0 0 58 0 0 0 0 0 7 0 0 -19 0 0 0 0
0 0 0 0 0 0 0 0 0 0 0 0 0 0 0 0 0 0 0 0 0 0 0 0 0 0 0 0 36 0 0 0 0 0 0 0 0 0 0 0 -601 0 0 0 0 0 0 0 0 0 0 0 0 0 -39 0 23 -64 0 89 0 0 0 0 0 0 0 0 0 0 0 0 0 389 0 0 0 0 0 0 0 0 0 0 0 0 0 0 0 0 0 0 0 0 0 0 0 0 0 0 0 0 0 0 0 0 0 0 0 0
0 0 0 0 0 0 0 0 0 0 0 0 0 0 0 0 0 0 0 0 0 0 0 0 0 0 0 0 0 0 0 0 0 0 0 0 0 0 0 0 0 0 0 0 0 0 0 0 0 0 0 0 0 0 0 0 0 0 0 0 340 0 0 0 0 0 0 0 0 0 0 0 0 0 -261 0 0 235 0 0 0 0 0 0 -538 0 0 0 0 0 0 0 0 0 0 0 0 0 0 0 0 0 0 0 113 0 0 0 0 0
0 0 0 0 0 76 1 0 0 0 0 0 0 0 0 -161 0 90 0 0 0 0 0 0 0 0 0 -222 0 0 0 0 0 0 0 0 0 0 0 0 0 0 0 0 32 0 1 0 0 0 4 0 0 0 0 6 0 0 0 0 0 0 0 0 0 0 1 0 0 0 0 0 0 0 0 -390 0 0 0 0 0 0 0 0 0 0 0 0 0 1 1 0 0 1 0 0 0 0 0 0 -44 0 0 0 0 0 0 0 0 0
0 0 0 0 0 0 0 0 -159 0 0 0 0 0 0 0 0 0 0 0 0 0 0 0 -537 0 0 0 0 0 0 0 0 0 0 0 0 0 0 0 0 0 0 0 0 0 0 0 0 0 0 0 0 0 0 0 0 0 0 0 0 0 0 0 0 0 0 0 0 0 0 0 0 0 0 0 -290 0 0 0 0 0 0 0 0 0 0 0 0 0 0 0 0 0 0 0 0 0 0 0 0 0 0 0 0 0 0 0 0 0
0 0 -381 0 0 0 0 0 0 0 0 0 0 0 0 0 0 0 0 2 0 0 0 0 0 0 0 0 -227 0 0 0 0 0 0 0 0 0 0 0 0 51 0 0 0 0 0 1 0 0 33 0 0 0 -5 -19 8 -96 -18 17 -161 4 0 2 0 0 0 0 0 0 0 -44 0 0 235 0 0 172 0 0 0 -8 -42 0 100 1 0 0 0 0 0 0 0 0 0 0 0 0 0 0 0 0 0 1 -64 2 0 -1 0 3
0 0 0 0 0 0 0 0 0 0 0 0 0 0 0 0 0 0 0 0 0 0 0 0 0 0 0 0 0 0 0 0 0 0 0 0 0 0 0 0 0 0 0 0 0 0 0 0 0 0 0 0 0 0 0 0 0 0 0 0 0 0 0 0 0 0 0 0 0 0 0 0 0 0 0 0 0 0 -518 0 0 0 0 0 0 0 0 0 0 0 0 0 0 0 0 0 0 0 0 0 0 0 0 0 0 0 0 0 0 0
8 0 0 0 0 0 0 0 0 0 -14 1 0 -160 0 0 0 0 -30 0 0 0 0 0 0 0 -2 0 0 0 0 0 0 -41 0 0 0 0 0 0 0 0 0 0 0 0 0 0 0 0 0 0 0 9 -25 0 15 0 0 -15 0 0 0 0 0 0 0 0 0 0 0 0 0 0 0 0 0 0 0 -545 0 0 0 0 0 0 0 -2 0 0 0 0 0 0 0 0 0 0 0 0 1 0 0 0 0 0 0 0 0 -8
0 0 0 0 0 0 0 0 0 0 0 0 0 0 0 0 0 0 0 0 0 0 0 0 0 0 0 0 0 0 0 0 0 0 0 0 0 0 0 0 0 0 0 0 0 0 0 0 0 0 0 0 0 0 0 0 0 0 0 0 0 0 0 0 0 0 0 0 0 0 0 0 0 0 0 0 0 0 0 0 -235 0 0 0 0 0 0 0 0 0 0 0 0 0 0 0 0 0 0 0 0 0 0 0 0 0 0 0 0 0
0 -29 -10 0 0 0 0 0 0 0 0 0 0 0 0 0 0 0 0 1 14 0 0 0 0 0 0 0 -5 0 0 0 0 0 0 0 0 0 0 0 0 -47 0 0 0 0 0 0 0 0 1 0 0 0 1 0 1 -3 0 0 6 0 0 0 0 0 0 566 0 0 0 -1 0 0 0 0 0 -8 0 0 0 -668 2 0 0 1 0 0 0 0 0 0 0 0 0 0 0 0 0 0 0 0 0 0 0 1 0 -76 0 0
5 0 76 0 0 0 0 0 0 0 -9 1 0 0 0 0 0 0 -19 0 0 0 0 0 0 0 0 0 82 0 0 0 0 0 0 0 0 0 0 0 0 -10 78 0 0 0 0 0 0 0 -5 0 0 0 24 4 -13 -46 0 -51 30 0 0 0 0 0 0 0 0 0 0 10 0 0 0 0 0 -42 0 0 0 2 -93 0 0 1 0 279 0 0 0 0 0 0 0 0 0 0 0 0 1 0 0 0 0 2 0 1 0 0
0 0 0 0 0 0 0 0 0 0 0 0 0 0 0 0 0 0 0 0 0 0 -162 0 0 0 0 0 0 0 0 0 0 0 46 0 0 0 79 0 0 0 0 0 0 0 107 0 0 0 0 0 0 0 0 0 0 0 0 0 0 0 0 0 0 0 113 0 0 0 0 0 -94 0 0 0 0 0 0 0 0 0 0 -253 0 0 0 0 0 0 -52 0 0 0 0 0 294 0 0 0 0 0 145 0 0 0 0 0 0 0
0 0 0 0 0 0 0 0 0 0 0 0 0 0 0 0 0 0 0 0 0 0 0 0 0 0 0 0 0 0 0 0 0 0 0 0 0 0 0 0 0 0 0 0 0 0 0 0 0 0 6 0 0 0 3 -3 5 0 -24 0 145 3 0 3 0 0 0 0 0 0 0 5 0 0 -538 0 0 100 0 0 0 0 0 0 -156 0 0 0 0 0 0 0 0 0 0 0 0 0 0 0 0 0 0 0 148 0 0 0 0 3
0 0 5 0 0 0 0 0 0 0 0 0 0 0 0 0 0 0 0 16 0 0 -10 3 0 0 0 0 3 0 0 0 0 0 0 0 0 0 0 1 0 0 0 0 0 0 8 7 -34 0 0 0 0 0 -4 1 -7 2 0 0 0 17 0 0 0 0 19 0 0 0 0 1 -6 0 0 0 0 1 0 0 0 1 1 0 0 -686 0 0 0 24 49 0 0 61 0 0 -7 0 0 0 0 0 -4 4 0 344 0 1 6 0
0 0 0 0 0 0 0 0 0 0 0 0 0 0 0 0 0 0 0 0 0 0 0 0 0 0 0 0 0 0 0 0 0 0 0 0 0 0 0 0 0 0 0 0 0 0 0 0 0 0 0 0 0 0 0 0 0 0 0 0 0 0 0 0 0 0 0 0 0 0 0 0 0 0 0 0 0 0 0 0 0 0 0 0 0 0 -151 0 0 0 0 0 0 0 0 0 0 0 0 0 0 0 0 0 0 0 0 0 0 0
-19 0 0 0 0 0 0 0 0 0 39 0 0 18 0 0 0 0 78 0 0 0 0 0 0 0 0 0 -150 0 0 0 0 6 0 0 0 0 0 0 0 0 491 0 0 0 0 0 0 0 0 0 0 0 -84 0 48 276 0 210 0 0 0 0 0 0 0 0 0 0 0 0 0 0 0 0 0 0 0 -2 0 0 279 0 0 0 0 -291 0 0 0 0 0 0 0 0 0 0 0 0 0 0 0 0 0 0 0 0 0 -8
0 0 0 0 0 0 0 0 0 0 0 0 0 0 0 0 0 0 0 0 0 0 0 0 0 0 0 0 0 0 0 0 0 0 0 0 0 0 0 0 0 0 0 0 0 0 0 0 0 0 0 0 0 0 0 0 0 0 0 0 0 0 0 0 0 0 0 0 0 0 0 0 0 0 0 0 0 0 0 0 0 0 0 0 0 0 0 0 340 0 0 0 0 0 0 0 0 0 0 0 0 0 0 0 0 0 0 0 0 0
0 0 0 0 0 1 1 0 0 0 1 0 0 0 0 0 1 1 0 0 0 0 -7 -2 0 0 0 0 0 0 0 0 0 0 0 0 0 0 0 0 0 0 0 0 1 0 5 0 -23 0 0 1 0 0 0 0 0 0 0 0 0 0 0 0 0 0 13 0 0 0 0 0 0 0 0 1 0 0 0 0 0 0 0 0 0 24 0 0 0 -517 33 0 0 -105 0 1 -4 0 0 0 1 0 0 0 0 -7 3 0 -6 0
0 0 0 0 0 1 2 0 0 0 1 0 0 0 0 0 1 1 0 0 0 0 176 -5 0 0 0 0 0 0 0 0 0 0 104 0 0 0 -51 0 0 0 0 0 1 0 -115 0 76 0 0 1 0 0 0 0 0 0 0 0 0 0 -49 0 0 0 -33 0 0 0 0 0 -6 0 0 1 0 0 0 0 0 0 0 -52 0 49 0 0 0 33 -288 0 0 -213 0 1 36 0 0 0 1 0 10 0 0 -15 5 0 -13 0
0 0 0 0 0 0 0 0 0 0 0 0 0 0 0 0 0 0 0 0 0 0 0 0 0 0 0 0 0 0 0 0 0 0 0 0 0 0 0 0 0 0 0 0 0 0 0 0 0 0 0 0 0 0 0 0 0 0 0 0 0 0 0 0 0 0 0 0 0 0 0 0 0 0 0 0 0 0 0 0 0 0 0 0 0 0 0 0 0 0 0 -854 0 0 0 0 0 0 0 0 0 0 0 0 0 0 0 0 0 0
0 0 0 0 0 0 0 0 0 0 0 0 0 0 0 0 0 0 0 0 0 0 0 0 0 0 0 0 0 0 0 0 0 0 0 0 0 0 0 0 0 0 0 0 0 0 0 0 0 0 0 0 0 0 0 0 0 0 0 0 0 0 0 0 0 0 0 0 0 0 0 0 0 0 0 0 0 0 0 0 0 0 0 0 0 0 0 0 0 0 0 0 -728 0 0 0 0 0 0 0 0 0 0 0 0 0 0 0 0 0
0 0 0 0 0 1 3 0 0 0 1 0 0 0 0 0 1 1 0 0 0 0 49 -7 0 0 0 0 0 0 0 0 0 0 0 0 0 0 0 0 0 0 0 0 1 0 -31 0 153 0 0 1 0 0 0 0 0 0 0 0 0 0 0 0 0 0 -82 0 0 0 0 0 0 0 0 1 0 0 0 0 0 0 0 0 0 61 0 0 0 -105 -213 0 0 -332 0 1 32 0 0 0 1 0 0 0 0 -19 6 0 -16 0
0 0 0 0 0 0 0 0 0 0 0 0 0 0 0 0 0 0 0 0 0 0 0 0 0 0 0 0 0 0 0 0 0 0 0 0 0 0 0 0 0 0 0 0 0 0 0 0 0 0 0 0 0 0 0 0 0 0 0 0 0 0 0 0 0 0 0 0 0 0 0 0 0 0 0 0 0 0 0 0 0 0 0 0 0 0 0 0 0 0 0 0 0 0 -778 0 0 0 0 0 0 0 0 0 0 0 0 0 0 0
0 0 0 0 0 0 2 0 0 0 0 0 0 0 0 0 -54 0 0 0 0 0 0 -3 0 0 0 0 0 0 0 0 0 0 0 0 0 0 0 0 0 0 0 0 0 0 1 0 0 0 1 0 0 0 0 1 0 0 0 0 0 0 0 0 0 0 1 0 0 0 0 0 0 0 0 0 0 0 0 0 0 0 0 0 0 0 0 0 0 1 1 0 0 1 0 -931 0 0 0 0 0 0 0 0 0 0 60 0 -9 0
0 0 0 0 0 0 0 0 0 0 0 0 0 0 0 0 0 0 0 0 0 0 58 1 0 0 0 0 0 0 0 0 0 0 130 0 0 0 173 1 0 0 0 0 0 0 -37 0 88 0 1 0 0 0 0 1 0 0 0 0 0 0 -11 0 0 0 228 0 0 0 0 0 58 0 0 0 0 0 0 0 0 0 0 294 0 -7 0 0 0 -4 36 0 0 32 0 0 -131 0 0 0 0 0 -87 0 0 3 0 0 2 0
0 0 0 0 0 0 0 0 0 0 0 0 0 0 0 0 0 0 0 0 0 0 0 0 0 0 0 0 0 0 0 0 0 0 0 0 0 0 0 0 0 0 0 0 0 0 0 0 0 0 0 0 0 0 0 0 0 0 0 0 0 0 0 0 0 0 0 0 0 0 0 0 0 0 0 0 0 0 0 0 0 0 0 0 0 0 0 0 0 0 0 0 0 0 0 0 0 -579 0 0 0 0 0 0 0 0 0 0 0 0
0 0 0 0 0 0 0 0 0 0 0 0 0 0 0 0 0 0 0 0 0 0 0 0 0 0 0 0 0 0 0 0 0 0 0 0 0 0 0 0 0 0 0 0 0 0 0 0 0 0 0 0 -437 0 0 0 0 0 0 0 0 0 0 0 0 0 0 0 0 0 0 0 0 0 0 0 0 0 0 0 0 0 0 0 0 0 0 0 0 0 0 0 0 0 0 0 0 0 -174 0 0 0 0 0 0 0 0 0 0 0
0 0 0 0 0 0 0 0 0 0 0 0 0 0 0 0 0 0 0 0 0 0 0 0 0 0 0 0 0 0 0 0 0 0 0 0 0 0 0 0 0 0 0 0 0 0 0 0 0 0 0 0 0 0 0 0 0 0 0 0 0 0 0 0 0 0 0 0 0 0 0 0 0 0 0 0 0 0 0 0 0 0 0 0 0 0 0 0 0 0 0 0 0 0 0 0 0 0 0 533 0 0 0 0 0 0 0 0 0 0
7 0 0 0 0 -37 1 0 0 0 0 1 0 -1 0 0 0 -33 -4 0 0 0 0 0 0 0 0 0 0 0 0 0 0 0 0 0 0 0 0 0 0 0 1 0 -15 0 1 0 0 0 4 0 0 0 0 6 1 1 1 0 0 0 0 0 7 0 1 0 0 0 0 0 0 0 0 -44 0 0 0 1 0 0 1 0 0 0 0 0 0 1 1 0 0 1 0 0 0 0 0 0 -174 0 0 0 0 0 0 0 0 1
0 0 0 0 0 0 0 0 0 0 0 0 0 0 0 0 0 0 0 0 0 0 0 0 0 0 0 0 0 0 0 0 0 0 0 0 0 0 0 0 0 0 0 0 0 0 0 0 0 0 0 0 0 0 0 0 0 0 0 0 0 0 0 0 0 0 0 0 0 0 0 0 0 0 0 0 0 0 0 0 0 0 0 0 0 0 0 0 0 0 0 0 0 0 0 0 0 0 0 0 0 674 0 0 0 0 0 0 0 0
0 0 0 0 0 0 0 0 0 0 0 0 0 0 0 0 0 0 0 -2 0 0 30 0 0 0 0 0 0 0 0 0 0 0 -13 0 0 0 -23 0 0 0 0 0 0 0 -19 0 0 0 0 0 0 0 1 0 2 0 0 0 1 -2 0 0 0 0 -33 0 0 0 0 0 7 0 0 0 0 0 0 0 0 0 0 145 0 -4 0 0 0 0 10 0 0 0 0 0 -87 0 0 0 0 0 157 0 0 -12 0 0 0 0
0 0 0 0 0 0 0 0 0 0 0 0 0 0 0 0 0 0 0 15 0 0 0 0 0 0 0 0 0 0 0 0 0 0 0 0 0 0 0 0 0 0 0 0 0 0 0 -9 0 0 0 0 0 0 -3 0 -6 0 0 0 0 16 0 0 0 0 0 0 0 0 0 0 0 0 0 0 0 1 0 0 0 0 0 0 0 4 0 0 0 0 0 0 0 0 0 0 0 0 0 0 0 0 0 -54 0 10 0 0 0 0
0 0 0 0 0 0 0 0 0 0 0 0 0 0 0 0 0 0 0 0 0 0 0 0 0 0 0 0 0 0 0 0 0 0 0 0 0 0 0 0 0 0 0 0 0 0 0 0 0 0 0 0 0 0 0 0 0 0 0 0 -92 0 0 0 0 0 0 0 0 0 0 0 0 0 113 0 0 -64 0 0 0 0 0 0 148 0 0 0 0 0 0 0 0 0 0 0 0 0 0 0 0 0 0 0 799 0 0 0 0 0
0 0 14 0 0 0 1 0 0 0 0 0 0 0 0 0 0 0 0 49 0 0 4 0 0 0 0 0 9 0 0 0 0 0 0 0 0 0 0 0 0 -1 0 0 0 0 -2 20 12 0 -1 0 0 0 -12 1 -22 4 0 0 -1 51 0 0 0 0 -6 0 0 0 0 2 -19 0 0 0 0 2 0 0 0 1 2 0 0 344 0 0 0 -7 -15 0 0 -19 0 0 3 0 0 0 0 0 -12 10 0 245 0 1 -1 0
0 0 0 0 0 0 15 0 0 0 0 0 0 0 0 0 13 0 0 0 0 0 -1 -49 0 0 0 0 0 0 0 0 0 0 0 0 0 0 0 -3 0 0 0 0 0 0 1 0 -3 0 6 -1 0 0 0 9 0 0 0 0 0 0 0 0 0 0 2 0 0 0 0 0 0 0 0 0 0 0 0 0 0 0 0 0 0 0 0 0 0 3 5 0 0 6 0 60 0 0 0 0 0 0 0 0 0 0 -208 0 -114 0
0 223 -1 0 0 0 0 0 0 0 0 0 0 0 0 0 0 0 0 1 2 0 0 0 0 0 0 0 0 0 0 0 0 0 0 0 0 0 0 0 0 -6 0 0 0 0 0 0 0 0 1 0 0 0 1 0 1 0 0 0 1 0 0 0 0 0 0 74 0 0 0 0 0 0 0 0 0 -1 0 0 0 -76 1 0 0 1 0 0 0 0 0 0 0 0 0 0 0 0 0 0 0 0 0 0 0 1 0 -95 0 0
0 0 0 0 0 0 15 0 0 0 0 0 21 0 0 0 -1 0 0 0 0 0 4 -52 0 0 0 0 0 0 0 0 0 0 0 0 0 6 0 -4 0 0 0 0 0 0 -2 0 10 0 7 -1 0 0 0 11 0 0 0 0 0 0 0 0 0 0 -5 0 0 0 0 0 0 0 0 0 0 0 0 0 0 0 0 0 0 6 0 0 0 -6 -13 0 0 -16 0 -9 2 0 0 0 0 0 0 0 0 -1 -114 0 -259 0
23 0 0 0 0 0 0 0 0 0 -44 1 0 50 0 0 0 0 -90 0 0 0 0 0 0 0 -8 0 0 0 0 0 0 -124 0 0 0 0 0 0 0 0 0 0 0 0 0 0 0 0 -9 0 0 27 19 6 -16 0 105 13 4 -2 0 -2 0 0 0 0 0 0 0 -7 0 0 0 0 0 3 0 -8 0 0 0 0 3 0 0 -8 0 0 0 0 0 0 0 0 0 0 0 0 1 0 0 0 0 0 0 0 0 632

