Q_obj 
-1000 0 0 0 0 0 0 0 0 0 0 0 0 0 0 0 0 0 0 0 0 0 0 0 0 0 0 0 0 0 0 0 0 0 0 0 0 0 0 0 0 0 0 0 0 0 0 0 0 0 0 0 0 0 0 0 0 0 0 0
0 1000 0 0 0 0 0 0 0 0 0 0 0 0 0 0 0 0 0 0 0 0 0 0 0 0 0 0 0 0 0 0 0 0 0 0 0 0 0 0 0 0 0 0 0 0 0 0 0 0 0 0 0 0 0 0 0 0 0 0
0 0 -445 -1 -271 5 0 61 -14 0 0 -100 0 -1 3 -6 -4 -96 -84 4 79 84 -31 0 2 0 76 7 0 0 49 0 0 0 0 0 0 12 0 89 105 213 1 -15 0 0 -37 -39 -5 56 -13 -5 -46 27 0 0 23 0 55 22
0 0 -1 -221 -2 0 0 0 0 0 0 0 0 -17 280 0 -102 17 2 0 -127 0 -38 15 0 -13 -17 -1 0 0 1 0 0 0 -80 0 0 0 -18 -17 -2 -3 128 -548 0 1 -1 0 -126 -10 0 1 -97 0 -27 0 1 0 -1 0
0 0 -271 -2 -365 -4 0 50 -12 0 0 72 -12 0 3 -11 -6 -85 -99 3 -77 69 32 3 -1 0 113 1 0 4 -63 0 0 4 0 0 0 -11 0 105 122 128 2 16 0 0 38 -17 -7 65 4 6 -54 42 0 0 -21 0 64 -26
0 0 5 0 -4 -127 0 0 0 0 0 -1 0 -5 1 0 0 12 299 0 10 0 -30 -9 35 0 11 0 0 0 -18 0 0 0 0 0 0 0 0 1 0 1 1 0 0 0 -248 0 0 0 0 -108 1 0 0 -121 145 0 467 0
0 0 0 0 0 0 -429 0 0 0 -4 0 0 0 2 0 0 -18 0 0 0 0 0 0 -27 0 23 2 0 0 0 0 26 0 0 -318 0 0 0 -39 0 0 -4 0 21 0 0 0 0 0 0 -8 0 0 0 0 0 0 0 0
0 0 61 0 50 0 0 -479 -9 0 0 19 -45 0 0 -13 0 20 12 3 0 56 0 0 0 0 -11 111 0 0 1 0 0 0 0 0 0 0 0 -12 -14 -21 0 0 0 0 0 -78 0 -7 0 0 7 53 0 0 0 0 -7 0
0 0 -14 0 -12 0 0 -9 -326 0 0 -4 -9 0 0 2 -11 -1 -2 -57 0 14 0 0 0 0 3 23 0 0 0 0 0 0 0 0 0 0 0 4 4 6 0 0 0 0 -9 7 10 2 0 0 -1 -4 0 0 -16 0 2 0
0 0 0 0 0 0 0 0 0 -363 0 0 0 0 0 0 0 0 0 0 0 0 0 0 0 0 0 0 0 0 0 0 0 0 0 0 0 0 0 0 0 0 0 0 0 0 0 0 0 0 0 0 0 0 0 0 0 0 0 0
0 0 0 0 0 0 -4 0 0 0 -145 0 0 0 -27 0 0 -3 0 0 0 0 0 0 -28 0 5 1 0 0 0 0 0 0 0 3 0 0 0 -7 0 0 60 0 10 0 0 0 0 0 0 -9 0 0 0 0 0 0 0 0
0 0 -100 0 72 -1 0 19 -4 0 0 -532 34 0 1 13 -2 -30 -36 2 -28 26 12 1 0 0 42 16 0 -8 -23 0 0 -9 0 0 0 -4 0 39 46 48 1 6 0 0 14 -51 -2 24 31 2 -20 -46 0 0 -7 0 24 8
0 0 0 0 -12 0 0 -45 -9 0 0 34 148 0 0 -13 0 9 0 3 0 53 0 0 0 0 0 125 0 11 0 0 0 12 0 0 0 0 0 0 0 0 0 0 0 0 0 81 0 0 -244 0 0 51 0 0 0 0 0 -150
0 0 -1 -17 0 -5 0 0 0 0 0 0 0 -569 23 0 -44 8 2 -2 -2 0 7 18 -1 0 -13 0 0 0 5 0 0 0 0 0 0 0 0 -11 -1 -2 11 0 0 0 30 0 -98 -6 0 6 -62 0 0 0 15 0 0 0
0 0 3 280 3 1 2 0 0 0 -27 1 0 23 -445 0 130 -18 -2 0 -83 0 -26 -18 14 -8 20 2 0 0 0 0 -43 0 -53 -1 0 0 -11 26 3 5 45 -360 -4 1 2 0 159 14 0 4 123 0 -18 0 0 0 2 0
0 0 -6 0 -11 0 0 -13 2 0 0 13 -13 0 0 -541 0 -2 -1 0 0 -6 0 0 0 0 2 -20 0 -2 0 0 0 -2 0 0 0 0 0 2 2 3 0 0 0 0 0 -42 0 1 -14 0 0 -69 0 0 0 3 1 -8
0 0 -4 -102 -6 0 0 0 -11 0 0 -2 0 -44 130 0 -171 20 6 -48 0 0 0 80 0 0 -19 -1 0 0 1 0 0 0 0 0 0 0 0 -20 -6 -10 60 0 0 0 305 0 -283 -12 0 0 -90 0 0 0 527 0 -3 0
0 0 -96 17 -85 12 -18 20 -1 0 -3 -30 9 8 -18 -2 20 -199 61 1 247 8 -103 -13 -125 0 -177 7 0 1 66 0 22 1 0 12 0 -53 0 314 -74 -79 -12 -50 17 0 -118 -11 24 -106 56 -54 -40 11 0 0 69 0 -38 -104
0 0 -84 2 -99 299 0 12 -2 0 0 -36 0 2 -2 -1 6 61 -210 1 0 17 0 0 -79 0 -62 -4 0 0 6 0 0 0 0 0 0 0 0 -64 159 -112 -1 0 0 0 0 -7 7 -39 0 247 35 6 0 116 0 0 18 0
0 0 4 0 3 0 0 3 -57 0 0 2 3 -2 0 0 -48 1 1 -550 0 -3 0 -3 0 0 0 -5 0 0 1 0 0 0 0 0 0 0 0 0 0 -1 0 0 0 0 -38 -1 40 0 0 0 1 2 0 0 -67 0 0 0
0 0 79 -127 -77 10 0 0 0 0 0 -28 0 -2 -83 0 0 247 0 0 241 0 510 -3 4 0 228 -17 0 0 -396 0 0 0 74 0 0 0 0 13 0 0 -38 -109 0 0 -94 0 0 1 0 -10 0 0 0 0 55 0 0 0
0 0 84 0 69 0 0 56 14 0 0 26 53 0 0 -6 0 8 17 -3 0 -386 0 0 0 0 -16 -128 0 0 2 0 0 0 0 0 0 0 0 -17 -19 -29 0 0 0 0 0 -36 0 -10 0 0 9 25 0 0 0 0 -10 0
0 0 -31 -38 32 -30 0 0 0 0 0 12 0 7 -26 0 0 -103 0 0 510 0 -15 13 -10 0 -95 8 0 0 168 0 0 0 23 0 0 0 0 -5 0 1 -12 -122 0 0 309 0 0 0 0 34 1 0 0 0 -179 0 0 0
0 0 0 15 3 -9 0 0 0 0 0 1 0 18 -18 0 80 -13 0 -3 -3 0 13 -562 -3 0 5 1 0 0 8 0 0 0 0 0 0 0 0 9 2 2 -8 0 0 0 32 0 44 6 0 11 51 0 0 0 21 0 1 0
0 0 2 0 -1 35 -27 0 0 0 -28 0 0 -1 14 0 0 -125 -79 0 4 0 -10 -3 -406 0 160 9 0 0 -6 0 178 0 0 18 0 0 0 -273 0 1 -29 0 142 0 -87 0 0 0 0 -99 1 0 0 33 51 0 -124 0
0 0 0 -13 0 0 0 0 0 0 0 0 0 0 -8 0 0 0 0 0 0 0 0 0 0 -229 0 0 0 0 0 0 0 0 -35 0 0 0 225 0 0 0 -4 0 0 -5 0 0 0 0 0 0 0 0 344 0 0 0 0 0
0 0 76 -17 113 11 23 -11 3 0 5 42 0 -13 20 2 -19 -177 -62 0 228 -16 -95 5 160 0 -134 13 0 0 51 0 -25 0 0 -14 0 -49 0 -376 77 82 15 -46 -20 0 -109 8 -24 111 58 39 42 -5 0 0 64 0 40 -92
0 0 7 -1 1 0 2 111 23 0 1 16 125 0 2 -20 -1 7 -4 -5 -17 -128 8 1 9 0 13 -104 0 5 -4 0 -1 5 0 0 0 4 0 -21 6 6 1 4 -1 0 9 -52 -1 8 -104 4 3 78 0 0 -4 0 3 -54
0 0 0 0 0 0 0 0 0 0 0 0 0 0 0 0 0 0 0 0 0 0 0 0 0 0 0 0 -422 0 0 0 0 0 0 0 0 0 0 0 0 0 0 0 0 0 0 0 0 0 0 0 0 0 0 0 0 0 0 0
0 0 0 0 4 0 0 0 0 0 0 -8 11 0 0 -2 0 1 0 0 0 0 0 0 0 0 0 5 0 -263 0 0 0 11 0 0 0 0 0 0 0 0 0 0 0 0 0 7 0 0 9 0 0 9 0 0 0 48 0 6
0 0 49 1 -63 -18 0 1 0 0 0 -23 0 5 0 0 1 66 6 1 -396 2 168 8 -6 0 51 -4 0 0 -359 0 0 0 0 0 0 -56 0 -2 -6 15 0 81 0 0 190 0 1 -3 67 20 3 1 0 0 -110 0 -3 -107
0 0 0 0 0 0 0 0 0 0 0 0 0 0 0 0 0 0 0 0 0 0 0 0 0 0 0 0 0 0 0 -190 0 0 0 0 0 0 0 0 0 0 0 0 0 575 0 0 0 0 0 0 0 0 9 0 0 0 0 0
0 0 0 0 0 0 26 0 0 0 0 0 0 0 -43 0 0 22 0 0 0 0 0 0 178 0 -25 -1 0 0 0 0 162 0 0 -16 0 0 0 45 0 0 95 0 -58 0 0 0 0 0 0 57 0 0 0 0 0 0 0 0
0 0 0 0 4 0 0 0 0 0 0 -9 12 0 0 -2 0 1 0 0 0 0 0 0 0 0 0 5 0 11 0 0 0 -261 0 0 0 0 0 0 0 0 0 0 0 0 0 7 0 0 9 0 0 10 0 0 0 52 0 6
0 0 0 -80 0 0 0 0 0 0 0 0 0 0 -53 0 0 0 0 0 74 0 23 0 0 -35 0 0 0 0 0 0 0 0 -166 0 0 0 -47 0 0 0 -24 317 0 2 0 0 0 0 0 0 0 0 -72 0 0 0 0 0
0 0 0 0 0 0 -318 0 0 0 3 0 0 0 -1 0 0 12 0 0 0 0 0 0 18 0 -14 0 0 0 0 0 -16 0 0 -735 0 0 0 25 0 0 3 0 -12 0 0 0 0 0 0 6 0 0 0 0 0 0 0 0
0 0 0 0 0 0 0 0 0 0 0 0 0 0 0 0 0 0 0 0 0 0 0 0 0 0 0 0 0 0 0 0 0 0 0 0 -50 0 0 0 0 0 0 0 0 0 0 0 0 0 0 0 0 0 0 0 0 0 0 0
0 0 12 0 -11 0 0 0 0 0 0 -4 0 0 0 0 0 -53 0 0 0 0 0 0 0 0 -49 4 0 0 -56 0 0 0 0 0 0 -435 0 -2 0 0 0 0 0 0 0 0 0 0 235 0 0 0 0 0 0 0 0 -379
0 0 0 -18 0 0 0 0 0 0 0 0 0 0 -11 0 0 0 0 0 0 0 0 0 0 225 0 0 0 0 0 0 0 0 -47 0 0 0 867 0 0 0 -5 0 0 1 0 0 0 0 0 0 0 0 -47 0 0 0 0 0
0 0 89 -17 105 1 -39 -12 4 0 -7 39 0 -11 26 2 -20 314 -64 0 13 -17 -5 9 -273 0 -376 -21 0 0 -2 0 45 0 0 25 0 -2 0 315 79 85 3 -2 36 0 -5 9 -25 114 4 -88 43 -5 0 0 4 0 41 -4
0 0 105 -2 122 0 0 -14 4 0 0 46 0 -1 3 2 -6 -74 159 0 0 -19 0 2 0 0 77 6 0 0 -6 0 0 0 0 0 0 0 0 79 -234 139 2 0 0 0 0 10 -8 49 0 0 -41 -6 0 0 0 0 -101 0
0 0 213 -3 128 1 0 -21 6 0 0 48 0 -2 5 3 -10 -79 -112 -1 0 -29 1 2 1 0 82 6 0 0 15 0 0 0 0 0 0 0 0 85 139 -305 2 0 0 0 0 15 -12 53 0 0 -45 -9 0 0 0 0 72 0
0 0 1 128 2 1 -4 0 0 0 60 1 0 11 45 0 60 -12 -1 0 -38 0 -12 -8 -29 -4 15 1 0 0 0 0 95 0 -24 3 0 0 -5 3 2 2 -522 -164 10 1 1 0 73 7 0 -9 57 0 -8 0 0 0 1 0
0 0 -15 -548 16 0 0 0 0 0 0 6 0 0 -360 0 0 -50 0 0 -109 0 -122 0 0 0 -46 4 0 0 81 0 0 0 317 0 0 0 0 -2 0 0 -164 -40 0 0 0 0 0 0 0 0 0 0 0 0 0 0 0 0
0 0 0 0 0 0 21 0 0 0 10 0 0 0 -4 0 0 17 0 0 0 0 0 0 142 0 -20 -1 0 0 0 0 -58 0 0 -12 0 0 0 36 0 0 10 0 -67 0 0 0 0 0 0 46 0 0 0 0 0 0 0 0
0 0 0 1 0 0 0 0 0 0 0 0 0 0 1 0 0 0 0 0 0 0 0 0 0 -5 0 0 0 0 0 575 0 0 2 0 0 0 1 0 0 0 1 0 0 -377 0 0 0 0 0 0 0 0 -17 0 0 0 0 0
0 0 -37 -1 38 -248 0 0 -9 0 0 14 0 30 2 0 305 -118 0 -38 -94 0 309 32 -87 0 -109 9 0 0 190 0 0 0 0 0 0 0 0 -5 0 0 1 0 0 0 115 0 -248 0 0 272 0 0 0 0 54 0 0 0
0 0 -39 0 -17 0 0 -78 7 0 0 -51 81 0 0 -42 0 -11 -7 -1 0 -36 0 0 0 0 8 -52 0 7 0 0 0 7 0 0 0 0 0 9 10 15 0 0 0 0 0 -406 0 6 39 0 -4 162 0 0 0 -7 5 24
0 0 -5 -126 -7 0 0 0 10 0 0 -2 0 -98 159 0 -283 24 7 40 0 0 0 44 0 0 -24 -1 0 0 1 0 0 0 0 0 0 0 0 -25 -8 -12 73 0 0 0 -248 0 -288 -15 0 0 -111 0 0 0 -428 0 -4 0
0 0 56 -10 65 0 0 -7 2 0 0 24 0 -6 14 1 -12 -106 -39 0 1 -10 0 6 0 0 111 8 0 0 -3 0 0 0 0 0 0 0 0 114 49 53 7 0 0 0 0 6 -15 -794 0 1 27 -3 0 0 0 0 26 0
0 0 -13 0 4 0 0 0 0 0 0 31 -244 0 0 -14 0 56 0 0 0 0 0 0 0 0 58 -104 0 9 67 0 0 9 0 0 0 235 0 4 0 0 0 0 0 0 0 39 0 0 132 0 0 54 0 0 0 0 0 305
0 0 -5 1 6 -108 -8 0 0 0 -9 2 0 6 4 0 0 -54 247 0 -10 0 34 11 -99 0 39 4 0 0 20 0 57 0 0 6 0 0 0 -88 0 0 -9 0 46 0 272 0 0 1 0 -127 0 0 0 -100 -158 0 387 0
0 0 -46 -97 -54 1 0 7 -1 0 0 -20 0 -62 123 0 -90 -40 35 1 0 9 1 51 1 0 42 3 0 0 3 0 0 0 0 0 0 0 0 43 -41 -45 57 0 0 0 0 -4 -111 27 0 0 -12 3 0 0 0 0 -21 0
0 0 27 0 42 0 0 53 -4 0 0 -46 51 0 0 -69 0 11 6 2 0 25 0 0 0 0 -5 78 0 9 1 0 0 10 0 0 0 0 0 -5 -6 -9 0 0 0 0 0 162 0 -3 54 0 3 -298 0 0 0 -9 -3 34
0 0 0 -27 0 0 0 0 0 0 0 0 0 0 -18 0 0 0 0 0 0 0 0 0 0 344 0 0 0 0 0 9 0 0 -72 0 0 0 -47 0 0 0 -8 0 0 -17 0 0 0 0 0 0 0 0 825 0 0 0 0 0
0 0 0 0 0 -121 0 0 0 0 0 0 0 0 0 0 0 0 116 0 0 0 0 0 33 0 0 0 0 0 0 0 0 0 0 0 0 0 0 0 0 0 0 0 0 0 0 0 0 0 0 -100 0 0 0 275 0 0 182 0
0 0 23 1 -21 145 0 0 -16 0 0 -7 0 15 0 0 527 69 0 -67 55 0 -179 21 51 0 64 -4 0 0 -110 0 0 0 0 0 0 0 0 4 0 0 0 0 0 0 54 0 -428 0 0 -158 0 0 0 0 180 0 0 0
0 0 0 0 0 0 0 0 0 0 0 0 0 0 0 3 0 0 0 0 0 0 0 0 0 0 0 0 0 48 0 0 0 52 0 0 0 0 0 0 0 0 0 0 0 0 0 -7 0 0 0 0 0 -9 0 0 0 -300 0 0
0 0 55 -1 64 467 0 -7 2 0 0 24 0 0 2 1 -3 -38 18 0 0 -10 0 1 -124 0 40 3 0 0 -3 0 0 0 0 0 0 0 0 41 -101 72 1 0 0 0 0 5 -4 26 0 387 -21 -3 0 182 0 0 -194 0
0 0 22 0 -26 0 0 0 0 0 0 8 -150 0 0 -8 0 -104 0 0 0 0 0 0 0 0 -92 -54 0 6 -107 0 0 6 0 0 0 -379 0 -4 0 0 0 0 0 0 0 24 0 0 305 0 0 34 0 0 0 0 0 -174

