Q_obj 
-403 0 0 0 0 0 -349 106 0 33 -61 0 0 1 -468 0 0 56 0 0 0 64 0 6 19 0 245 0 33 0 -29 0 -9 0 0 0 0 4 0 0 0 0 24 0 0 0 114 1 0 0 0 0 0 0 0 0 0 -17 0 -335
0 -688 0 0 0 0 0 0 0 0 0 -22 0 0 0 0 0 0 0 0 0 0 0 0 0 70 0 0 0 0 0 0 0 466 0 0 58 0 0 0 0 0 0 0 0 0 0 0 0 0 0 -89 0 0 0 -102 0 0 5 0
0 0 652 0 0 18 0 0 0 0 0 0 0 -15 0 0 0 7 0 245 0 0 141 0 0 -39 66 0 0 0 0 -41 0 0 0 0 83 0 -22 -7 42 5 0 0 0 3 -144 0 -16 -36 0 0 0 -59 0 20 -36 0 0 0
0 0 0 -869 0 0 0 0 0 0 0 0 0 0 0 0 0 0 0 0 0 0 0 0 0 0 0 0 0 0 0 0 0 0 0 0 0 0 0 0 0 0 0 0 0 0 0 0 0 0 0 0 0 0 0 0 0 0 0 0
0 0 0 0 479 0 9 3 0 -4 0 0 0 1 1 0 0 0 0 0 1 1 0 0 -2 0 0 0 0 0 -1 0 1 0 1 0 0 42 -9 0 0 0 1 5 0 0 0 1 0 0 1 0 0 0 0 0 6 3 0 -8
0 0 18 0 0 -482 0 0 0 0 0 0 0 18 0 0 0 -50 0 0 0 0 19 0 0 174 12 0 0 0 0 0 0 0 0 0 41 0 -177 444 78 -227 0 0 0 26 0 0 -96 32 0 0 0 72 0 140 -284 0 -6 0
-349 0 0 0 9 0 192 15 0 23 39 0 0 1 -200 0 0 13 0 0 -1 36 0 4 13 0 54 0 0 0 -2 0 -30 0 0 0 0 -202 0 0 0 0 4 -24 0 0 25 -8 0 0 0 0 0 0 54 0 1 1 0 -48
106 0 0 0 3 0 15 230 0 7 20 0 0 -23 23 0 0 -5 0 0 -188 12 0 2 4 0 -25 0 16 0 -268 0 33 0 -621 0 0 -52 0 0 0 0 8 19 0 0 -11 -2 0 3 0 0 0 5 15 0 1 -154 0 32
0 0 0 0 0 0 0 0 -281 0 0 0 0 0 0 0 0 0 0 0 0 0 0 0 0 0 0 0 0 0 0 0 0 0 0 0 0 0 0 0 0 0 0 0 0 0 0 0 0 0 0 0 0 0 0 0 0 0 0 0
33 0 0 0 -4 0 23 7 0 344 16 -5 0 2 -52 0 0 6 121 0 1 2 0 -38 467 -8 26 0 0 0 -2 0 2 0 1 0 -6 108 0 0 0 0 -185 11 0 0 13 4 0 0 0 -23 0 0 0 13 0 6 0 -21
-61 0 0 0 0 0 39 20 0 16 -164 0 0 1 43 0 0 -28 0 0 0 -3 0 3 9 -5 -20 0 -8 0 -5 0 -9 0 0 0 -4 -23 9 1 2 0 -76 0 0 24 -11 1 -42 -104 0 0 0 65 386 -6 14 5 1 -78
0 -22 0 0 0 0 0 0 0 -5 0 777 0 0 0 0 0 0 -40 0 0 0 0 0 11 29 0 0 0 0 0 0 0 7 0 0 24 0 0 0 0 0 0 0 0 0 0 0 0 0 0 -21 0 0 0 -42 0 0 2 0
0 0 0 0 0 0 0 0 0 0 0 0 81 0 0 0 0 0 0 0 0 0 0 0 0 0 0 0 0 0 0 0 0 0 0 0 0 0 0 0 0 0 0 0 0 0 0 0 0 0 0 0 0 0 0 0 0 0 0 0
1 0 -15 0 1 18 1 -23 0 2 1 0 0 -53 0 0 0 -9 0 0 0 -53 -16 1 2 -21 3 0 0 0 7 0 -61 0 0 0 58 1 -21 -7 -13 5 0 -1 0 16 1 0 -17 80 0 0 0 122 0 18 -33 -171 0 -7
-468 0 0 0 1 0 -200 23 0 -52 43 0 0 0 147 0 0 -50 0 0 0 -14 0 -8 -29 -3 -167 0 -49 0 -6 0 -56 0 0 0 -2 8 5 1 1 0 -27 0 0 13 -79 0 -22 -55 0 0 0 35 -197 -3 8 27 1 -136
0 0 0 0 0 0 0 0 0 0 0 0 0 0 0 170 3 0 0 0 0 0 0 0 0 0 0 0 0 0 0 0 0 0 0 0 0 0 0 0 0 0 0 0 0 0 0 0 0 0 54 0 0 0 0 0 0 0 0 0
0 0 0 0 0 0 0 0 0 0 0 0 0 0 0 3 63 0 0 0 0 0 0 0 0 0 0 0 0 0 0 0 0 0 0 0 0 0 0 0 0 0 0 0 0 0 0 0 0 0 2 0 0 0 0 0 0 0 0 0
56 0 7 0 0 -50 13 -5 0 6 -28 0 0 -9 -50 0 0 -91 0 -3 0 2 -22 1 4 -82 -11 0 6 0 2 -26 7 0 0 0 -19 4 61 23 -51 -11 2 0 0 293 -23 1 -217 -44 0 0 0 -20 -51 -66 98 -3 4 28
0 0 0 0 0 0 0 0 0 121 0 -40 0 0 0 0 0 0 254 0 0 0 0 20 -217 -57 0 0 0 0 0 0 0 0 0 0 -47 0 0 0 0 0 0 0 0 0 0 0 0 0 0 -161 0 0 0 85 0 0 -3 0
0 0 245 0 0 0 0 0 0 0 0 0 0 0 0 0 0 -3 0 249 0 0 -231 0 0 0 -14 0 0 0 0 -46 0 0 0 0 0 0 0 0 0 0 0 0 0 0 34 0 0 0 0 0 0 0 0 0 0 0 0 0
0 0 0 0 1 0 -1 -188 0 1 0 0 0 0 0 0 0 0 0 0 319 0 0 1 1 0 0 0 0 0 -677 0 0 0 244 0 0 -9 0 0 0 0 0 -123 0 0 0 0 0 1 0 0 0 1 0 0 0 0 0 2
64 0 0 0 1 0 36 12 0 2 -3 0 0 -53 -14 0 0 2 0 0 0 604 0 1 1 0 8 0 36 0 48 0 -162 0 140 0 0 1 0 0 0 0 16 -1 0 0 4 0 0 7 0 0 0 11 0 0 1 -348 0 37
0 0 141 0 0 19 0 0 0 0 0 0 0 -16 0 0 0 -22 0 -231 0 0 667 0 0 -41 -58 0 0 0 0 40 0 0 0 0 88 0 -23 -8 44 5 0 0 0 3 137 0 -16 -38 0 0 0 -62 0 21 -38 0 0 0
6 0 0 0 0 0 4 2 0 -38 3 0 0 1 -8 0 0 1 20 0 1 1 0 576 76 -1 5 0 0 0 0 0 1 0 1 0 -1 18 0 0 0 0 -29 2 0 0 2 1 0 0 0 -3 0 0 0 2 0 1 0 -3
19 0 0 0 -2 0 13 4 0 467 9 11 0 2 -29 0 0 4 -217 0 1 1 0 76 -236 16 15 0 0 0 -1 0 2 0 1 0 13 62 0 0 0 0 -105 6 0 0 7 3 0 0 0 43 0 0 0 -22 0 4 2 -12
0 70 -39 0 0 174 0 0 0 -8 -5 29 0 -21 -3 0 0 -82 -57 0 0 0 -41 -1 16 446 13 0 0 0 0 0 0 -19 0 0 -118 0 -110 -77 145 41 0 0 0 52 -2 0 -155 -50 0 114 0 -83 0 -107 -177 0 6 0
245 0 66 0 0 12 54 -25 0 26 -20 0 0 3 -167 0 0 -11 0 -14 0 8 -58 5 15 13 -32 0 26 0 7 -115 30 0 0 0 0 18 -5 -5 14 3 20 0 0 -41 -55 1 5 -98 0 0 0 72 -226 9 -8 -14 0 120
0 0 0 0 0 0 0 0 0 0 0 0 0 0 0 0 0 0 0 0 0 0 0 0 0 0 0 965 0 0 0 0 0 0 0 0 0 0 0 0 0 0 0 0 0 0 0 0 0 0 0 0 0 0 0 0 0 0 0 0
33 0 0 0 0 0 0 16 0 0 -8 0 0 0 -49 0 0 6 0 0 0 36 0 0 0 0 26 0 672 0 -4 0 41 0 0 0 0 0 0 0 0 0 24 0 0 0 13 0 0 0 0 0 0 0 0 0 0 -28 0 5
0 0 0 0 0 0 0 0 0 0 0 0 0 0 0 0 0 0 0 0 0 0 0 0 0 0 0 0 0 816 0 0 0 0 0 0 0 0 0 0 0 0 0 0 0 0 0 0 0 0 0 0 0 0 0 0 0 0 0 0
-29 0 0 0 -1 0 -2 -268 0 -2 -5 0 0 7 -6 0 0 2 0 0 -677 48 0 0 -1 0 7 0 -4 0 199 0 49 0 171 0 0 23 1 0 0 0 -2 97 0 0 4 1 0 0 0 0 0 -1 -3 0 0 44 0 -78
0 0 -41 0 0 0 0 0 0 0 0 0 0 0 0 0 0 -26 0 -46 0 0 40 0 0 0 -115 0 0 0 0 -224 0 0 0 0 0 0 0 0 0 0 0 0 0 0 262 0 0 0 0 0 0 0 0 0 0 0 0 0
-9 0 0 0 1 0 -30 33 0 2 -9 0 0 -61 -56 0 0 7 0 0 0 -162 0 1 2 0 30 0 41 0 49 0 560 0 160 0 0 1 0 0 0 0 19 -2 0 0 14 0 0 8 0 0 0 12 0 0 1 -398 0 -27
0 466 0 0 0 0 0 0 0 0 0 7 0 0 0 0 0 0 0 0 0 0 0 0 0 -19 0 0 0 0 0 0 0 872 0 0 -15 0 0 0 0 0 0 0 0 0 0 0 0 0 0 25 0 0 0 29 0 0 -1 0
0 0 0 0 1 0 0 -621 0 1 0 0 0 0 0 0 0 0 0 0 244 140 0 1 1 0 0 0 0 0 171 0 160 0 60 0 0 -2 0 0 0 0 0 -34 0 0 0 0 0 1 0 0 0 1 0 0 0 0 0 -188
0 0 0 0 0 0 0 0 0 0 0 0 0 0 0 0 0 0 0 0 0 0 0 0 0 0 0 0 0 0 0 0 0 0 0 -959 0 0 0 0 0 0 0 0 0 0 0 0 0 0 0 0 0 0 0 0 0 0 0 0
0 58 83 0 0 41 0 0 0 -6 -4 24 0 58 -2 0 0 -19 -47 0 0 0 88 -1 13 -118 0 0 0 0 0 0 0 -15 0 0 288 0 40 -17 -101 10 0 0 0 31 -2 0 -34 133 0 94 0 217 0 -202 63 0 10 0
4 0 0 0 42 0 -202 -52 0 108 -23 0 0 1 8 0 0 4 0 0 -9 1 0 18 62 0 18 0 0 0 23 0 1 0 -2 0 0 -628 0 0 0 0 -23 -113 0 0 9 -38 0 0 0 0 0 0 -22 0 1 2 0 193
0 0 -22 0 -9 -177 0 0 0 0 9 0 0 -21 5 0 0 61 0 0 0 0 -23 0 0 -110 -5 0 0 0 1 0 0 0 0 0 40 0 538 80 -74 -41 1 0 0 -34 4 9 113 -31 0 0 0 -90 0 -53 -225 0 3 1
0 0 -7 0 0 444 0 0 0 0 1 0 0 -7 1 0 0 23 0 0 0 0 -8 0 0 -77 -5 0 0 0 0 0 0 0 0 0 -17 0 80 53 -34 -390 1 0 0 -11 1 0 44 -14 0 0 0 -32 0 -62 128 0 3 0
0 0 42 0 0 78 0 0 0 0 2 0 0 -13 1 0 0 -51 0 0 0 0 44 0 0 145 14 0 0 0 0 0 0 0 0 0 -101 0 -74 -34 0 18 1 0 0 266 1 0 -98 36 0 0 0 -93 0 42 -120 0 -1 0
0 0 5 0 0 -227 0 0 0 0 0 0 0 5 0 0 0 -11 0 0 0 0 5 0 0 41 3 0 0 0 0 0 0 0 0 0 10 0 -41 -390 18 -506 0 0 0 6 0 0 -22 8 0 0 0 17 0 33 -65 0 -1 0
24 0 0 0 1 0 4 8 0 -185 -76 0 0 0 -27 0 0 2 0 0 0 16 0 -29 -105 0 20 0 24 0 -2 0 19 0 0 0 0 -23 1 1 1 0 444 0 0 3 9 0 -4 -11 0 0 0 7 48 0 2 -13 1 0
0 0 0 0 5 0 -24 19 0 11 0 0 0 -1 0 0 0 0 0 0 -123 -1 0 2 6 0 0 0 0 0 97 0 -2 0 -34 0 0 -113 0 0 0 0 0 -561 0 0 0 -4 0 1 0 0 0 1 0 0 0 -5 0 23
0 0 0 0 0 0 0 0 0 0 0 0 0 0 0 0 0 0 0 0 0 0 0 0 0 0 0 0 0 0 0 0 0 0 0 0 0 0 0 0 0 0 0 0 -635 0 0 0 0 0 0 0 0 0 0 0 0 0 0 0
0 0 3 0 0 26 0 0 0 0 24 0 0 16 13 0 0 293 0 0 0 0 3 0 0 52 -41 0 0 0 0 0 0 0 0 0 31 0 -34 -11 266 6 3 0 0 326 11 0 550 16 0 0 0 72 0 52 -54 0 -2 0
114 0 -144 0 0 0 25 -11 0 13 -11 0 0 1 -79 0 0 -23 0 34 0 4 137 2 7 -2 -55 0 13 0 4 262 14 0 0 0 -2 9 4 1 1 0 9 0 0 11 64 1 -19 -48 0 0 0 30 -105 -3 7 -6 1 56
1 0 0 0 1 0 -8 -2 0 4 1 0 0 0 0 0 0 1 0 0 0 0 0 1 3 0 1 0 0 0 1 0 0 0 0 0 0 -38 9 0 0 0 0 -4 0 0 1 479 0 1 1 0 0 1 0 0 -5 -2 0 8
0 0 -16 0 0 -96 0 0 0 0 -42 0 0 -17 -22 0 0 -217 0 0 0 0 -16 0 0 -155 5 0 0 0 0 0 0 0 0 0 -34 0 113 44 -98 -22 -4 0 0 550 -19 0 -366 -40 0 0 0 -65 0 -124 181 0 6 0
0 0 -36 0 0 32 0 3 0 0 -104 0 0 80 -55 0 0 -44 0 0 1 7 -38 0 0 -50 -98 0 0 0 0 0 8 0 1 0 133 0 -31 -14 36 8 -11 1 0 16 -48 1 -40 -159 0 0 0 456 0 40 -50 21 -1 1
0 0 0 0 1 0 0 0 0 0 0 0 0 0 0 54 2 0 0 0 0 0 0 0 0 0 0 0 0 0 0 0 0 0 0 0 0 0 0 0 0 0 0 0 0 0 0 1 0 0 147 0 0 0 0 0 0 0 0 0
0 -89 0 0 0 0 0 0 0 -23 0 -21 0 0 0 0 0 0 -161 0 0 0 0 -3 43 114 0 0 0 0 0 0 0 25 0 0 94 0 0 0 0 0 0 0 0 0 0 0 0 0 0 697 0 0 0 -167 0 0 8 0
0 0 0 0 0 0 0 0 0 0 0 0 0 0 0 0 0 0 0 0 0 0 0 0 0 0 0 0 0 0 0 0 0 0 0 0 0 0 0 0 0 0 0 0 0 0 0 0 0 0 0 0 265 0 0 0 0 0 0 0
0 0 -59 0 0 72 0 5 0 0 65 0 0 122 35 0 0 -20 0 0 1 11 -62 0 0 -83 72 0 0 0 -1 0 12 0 1 0 217 0 -90 -32 -93 17 7 1 0 72 30 1 -65 456 0 0 0 267 0 65 -144 34 -3 2
0 0 0 0 0 0 54 15 0 0 386 0 0 0 -197 0 0 -51 0 0 0 0 0 0 0 0 -226 0 0 0 -3 0 0 0 0 0 0 -22 0 0 0 0 48 0 0 0 -105 0 0 0 0 0 0 0 -574 0 0 0 0 -50
0 -102 20 0 0 140 0 0 0 13 -6 -42 0 18 -3 0 0 -66 85 0 0 0 21 2 -22 -107 9 0 0 0 0 0 0 29 0 0 -202 0 -53 -62 42 33 0 0 0 52 -3 0 -124 40 0 -167 0 65 0 320 -85 0 -48 0
0 0 -36 0 6 -284 1 1 0 0 14 0 0 -33 8 0 0 98 0 0 0 1 -38 0 0 -177 -8 0 0 0 0 0 1 0 0 0 63 1 -225 128 -120 -65 2 0 0 -54 7 -5 181 -50 0 0 0 -144 0 -85 317 1 4 0
-17 0 0 0 3 0 1 -154 0 6 5 0 0 -171 27 0 0 -3 0 0 0 -348 0 1 4 0 -14 0 -28 0 44 0 -398 0 0 0 0 2 0 0 0 0 -13 -5 0 0 -6 -2 0 21 0 0 0 34 0 0 1 -417 0 -47
0 5 0 0 0 -6 0 0 0 0 1 2 0 0 1 0 0 4 -3 0 0 0 0 0 2 6 0 0 0 0 0 0 0 -1 0 0 10 0 3 3 -1 -1 1 0 0 -2 1 0 6 -1 0 8 0 -3 0 -48 4 0 -729 0
-335 0 0 0 -8 0 -48 32 0 -21 -78 0 0 -7 -136 0 0 28 0 0 2 37 0 -3 -12 0 120 0 5 0 -78 0 -27 0 -188 0 0 193 1 0 0 0 0 23 0 0 56 8 0 1 0 0 0 2 -50 0 0 -47 0 206

