Q_obj 
-1000 0 0 0 0 0 0 0 0 0 0 0 0 0 0 0 0 0 0 0 0 0 0 0 0 0 0 0 0 0 0 0 0 0 0 0 0 0 0 0 0 0 0 0 0 0 0 0 0 0 0 0 0 0 0 0 0 0 0 0 0 0 0 0 0 0 0 0 0 0 0 0 0 0 0 0 0 0 0 0 0 0 0 0 0 0 0 0 0 0 0 0 0 0 0 0 0 0 0 0 0 0 0 0 0 0 0 0 0 0
0 742 0 0 0 0 0 0 0 0 0 0 12 0 0 0 0 0 0 0 0 0 0 0 0 0 0 0 0 0 0 0 0 -4 0 0 0 0 0 0 0 0 0 0 0 0 0 0 0 0 0 0 0 0 0 0 0 0 0 -119 0 0 0 0 15 0 -155 0 0 0 0 0 0 0 0 359 0 0 0 0 0 0 0 0 0 92 0 0 0 0 0 0 0 0 164 0 0 0 0 0 0 0 0 0 0 -87 0 0 0 0
0 0 -378 0 0 3 0 0 15 0 0 0 0 0 0 0 0 0 0 0 0 0 0 0 0 5 -15 0 0 0 0 0 0 0 0 0 0 0 0 0 0 0 0 0 0 0 0 0 0 0 0 0 1 -2 0 0 0 0 0 0 0 0 0 1 0 0 0 -8 0 0 -2 0 0 0 0 0 0 9 0 0 0 0 0 0 0 0 0 0 0 0 0 8 0 0 0 0 0 0 0 0 0 0 0 -26 0 0 -5 0 0 0
0 0 0 63 0 0 0 -13 0 0 0 0 -30 0 0 0 0 0 0 2 52 -306 0 0 0 82 0 0 0 0 -7 0 0 0 0 0 0 0 0 0 0 0 0 -10 150 26 1 0 0 0 0 245 0 -7 0 -44 0 0 -16 0 5 0 0 0 1 0 -1 0 0 0 0 0 0 0 13 0 0 0 0 0 0 -1 0 0 0 1 -123 38 0 0 28 -35 0 0 2 0 0 0 0 0 0 7 0 5 0 1 0 0 99 0
0 0 0 0 -480 0 0 0 81 0 0 0 0 0 0 0 0 0 0 -24 0 0 0 0 0 0 0 0 0 0 0 0 0 0 0 0 0 0 0 0 0 0 0 0 0 145 0 0 0 0 0 0 0 479 0 0 0 0 0 0 0 0 0 0 0 0 0 0 0 0 0 0 0 0 0 0 0 0 0 0 0 0 0 43 0 0 0 0 0 0 0 0 0 0 0 0 0 0 0 0 0 0 0 0 0 0 0 0 0 0
0 0 3 0 0 -72 0 0 3 0 0 0 0 -18 0 0 0 0 0 0 0 0 0 0 0 3 108 0 0 0 0 0 0 0 4 0 0 0 -15 0 0 0 0 0 0 0 0 0 0 0 0 0 -31 0 0 0 0 0 0 0 0 0 44 0 0 0 0 47 0 0 122 0 0 0 0 0 0 -69 0 0 0 0 0 0 0 0 0 0 0 0 0 5 0 0 0 0 0 0 0 0 0 0 0 -15 0 0 39 0 0 0
0 0 0 0 0 0 405 0 0 0 0 0 0 0 0 0 0 -20 0 0 0 0 0 0 0 -15 0 0 0 0 0 0 0 0 0 0 -24 0 0 160 0 0 0 0 -6 0 0 -27 0 0 -8 0 0 0 0 3 0 0 0 0 0 0 0 0 0 0 0 0 0 0 0 494 0 0 0 0 0 0 0 0 0 0 0 0 0 0 0 0 0 0 68 11 0 0 0 0 0 0 0 0 -2 0 0 0 0 0 0 0 9 20
0 0 0 -13 0 0 0 104 0 0 0 0 0 0 0 0 0 0 0 0 0 0 0 0 0 14 0 0 0 0 0 0 -589 0 0 0 0 0 0 0 -8 0 0 0 20 0 1 0 0 0 0 -5 0 0 0 -5 0 0 342 0 2 0 0 0 1 0 0 0 0 0 0 0 0 0 -264 0 0 0 0 0 0 0 0 0 0 1 -141 0 0 0 4 -1 0 0 0 0 0 0 0 0 0 0 0 2 0 1 0 0 13 0
0 0 15 0 81 3 0 0 -915 0 0 0 0 0 0 0 32 0 0 -4 0 0 0 0 0 16 -12 0 0 0 0 0 0 0 0 0 0 0 0 0 0 0 0 0 0 26 0 0 0 0 0 0 1 83 0 0 0 0 0 0 0 0 0 -24 0 0 0 76 0 0 -2 0 0 0 0 0 0 62 0 0 0 0 0 8 0 0 0 0 0 0 0 25 0 0 0 0 0 0 0 0 0 0 0 -91 0 0 -4 0 0 0
0 0 0 0 0 0 0 0 0 -421 47 0 0 0 0 0 0 0 0 0 0 0 0 -88 0 0 0 0 0 0 0 0 0 0 0 0 0 0 0 0 0 0 0 0 0 0 0 0 0 0 0 0 0 0 0 0 0 0 0 0 0 0 0 0 0 -85 0 0 0 0 0 0 0 0 0 0 0 0 0 0 0 0 0 0 0 0 0 0 0 0 0 0 0 0 0 0 0 0 0 0 0 0 0 0 0 0 0 0 0 0
0 0 0 0 0 0 0 0 0 47 172 0 0 0 0 0 0 0 0 0 0 0 0 315 0 0 0 0 0 0 0 0 0 0 0 0 0 0 0 0 0 0 0 0 0 0 0 0 0 0 0 0 0 0 0 0 0 0 0 0 0 0 0 0 0 -18 0 0 0 0 0 0 0 0 0 0 0 0 0 0 0 0 0 0 0 0 0 0 0 0 0 0 0 0 0 0 0 0 0 0 0 0 0 0 0 0 0 0 0 0
0 0 0 0 0 0 0 0 0 0 0 821 5 0 0 0 79 0 0 0 3 0 0 0 0 0 0 0 0 0 0 0 0 0 0 0 0 0 0 0 0 0 0 0 0 0 0 0 0 0 0 0 0 0 0 0 0 0 28 0 9 0 0 -60 0 0 1 -33 0 0 0 0 -94 0 36 0 0 -22 83 0 0 0 0 0 0 0 0 0 0 0 0 0 0 0 0 0 0 0 0 0 0 0 0 0 0 0 0 160 0 0
0 12 0 -30 0 0 0 0 0 0 0 5 782 0 0 1 0 0 0 -13 223 -42 0 0 0 -6 3 0 0 0 0 0 0 0 0 0 0 0 0 0 0 0 0 82 -12 172 0 0 0 0 0 -12 0 -52 0 4 0 0 0 -6 0 0 0 0 1 0 43 -1 0 0 0 0 20 0 0 17 0 3 0 0 0 0 0 16 0 5 0 0 0 -22 -2 5 0 0 -45 0 0 0 0 0 1 44 0 0 0 -3 -1 14 -8 0
0 0 0 0 0 -18 0 0 0 0 0 0 0 597 0 0 0 0 0 0 0 0 0 0 0 0 0 0 0 0 0 0 0 1 32 0 0 0 23 0 0 0 0 0 0 0 0 0 0 0 0 0 124 0 0 0 0 0 0 0 0 0 372 0 0 0 0 0 65 0 19 0 0 0 0 2 0 0 0 0 0 0 0 0 0 -3 0 0 0 0 0 0 0 0 0 0 0 0 0 0 0 0 0 0 0 4 0 0 0 0
0 0 0 0 0 0 0 0 0 0 0 0 0 0 943 0 0 35 0 0 0 0 0 0 0 -22 0 0 0 0 0 0 0 0 0 0 0 0 0 0 0 0 0 0 0 0 0 0 0 0 0 0 0 0 0 0 0 0 0 0 0 0 0 0 0 0 0 0 0 0 0 0 0 0 0 0 0 0 0 0 0 0 0 0 0 0 0 0 0 0 0 15 0 0 0 0 0 0 0 0 0 0 0 0 0 0 0 0 24 0
0 0 0 0 0 0 0 0 0 0 0 0 1 0 0 453 0 0 0 1 0 0 4 0 0 0 17 0 0 0 0 0 0 0 0 0 0 -1 0 0 0 0 0 0 0 0 0 0 0 0 0 0 0 0 0 0 0 0 0 0 0 0 0 0 0 0 0 -9 0 0 0 0 0 0 0 0 0 16 0 0 0 0 0 1 0 0 0 0 0 2 0 0 3 581 0 0 0 0 0 0 0 0 0 0 0 0 -8 0 0 0
0 0 0 0 0 0 0 0 32 0 0 79 0 0 0 0 -118 0 0 0 0 0 0 0 0 0 0 0 0 0 0 0 0 0 0 0 0 0 0 0 0 0 0 0 0 -1 0 0 0 0 0 0 0 -4 0 0 0 0 -57 0 -18 0 0 -658 0 0 0 -101 0 0 0 0 -18 0 -74 0 0 -66 56 0 0 0 0 0 0 0 0 0 0 0 0 -1 0 0 0 0 0 0 0 0 0 0 0 4 0 0 0 0 0 0
0 0 0 0 0 0 -20 0 0 0 0 0 0 0 35 0 0 -528 0 0 0 0 0 0 0 44 0 0 0 0 0 0 0 0 0 0 8 0 0 -46 0 0 0 0 0 0 0 8 0 0 0 0 0 0 0 0 0 0 0 0 0 0 0 0 0 0 0 0 0 0 0 26 0 0 0 0 0 0 0 0 0 0 0 0 0 0 0 0 0 0 0 -28 0 0 0 0 0 0 0 0 0 0 0 0 0 0 0 0 -46 0
0 0 0 0 0 0 0 0 0 0 0 0 0 0 0 0 0 0 -734 0 0 0 0 0 0 0 0 0 0 0 0 0 0 0 0 0 0 0 0 -32 0 0 0 0 0 0 0 -191 0 0 0 0 0 0 0 0 0 0 0 0 0 0 0 0 0 0 0 0 0 0 0 0 0 0 0 0 0 0 0 0 0 0 0 0 0 0 0 0 0 0 1 0 0 0 0 0 0 0 0 0 3 0 0 0 0 0 0 0 0 0
0 0 0 2 -24 0 0 0 -4 0 0 0 -13 0 0 1 0 0 0 442 -8 2 0 0 0 1 68 0 0 0 0 0 0 1 0 0 0 0 0 0 0 0 0 -3 1 -14 0 0 0 0 0 1 0 -23 0 0 0 0 0 1 0 0 0 0 0 0 -1 -39 0 0 0 0 0 0 0 0 0 61 0 0 0 0 0 407 0 0 0 0 0 -579 1 0 0 -1 2 0 0 0 0 0 0 -1 0 0 0 1 -32 0 1 0
0 0 0 52 0 0 0 0 0 0 0 3 223 0 0 0 0 0 0 -8 544 72 0 0 0 11 0 0 0 0 0 0 0 0 0 0 0 0 0 0 0 0 0 -136 22 -289 0 0 0 0 0 22 0 88 0 -6 0 0 0 0 0 0 0 0 0 0 8 0 0 0 0 0 12 0 0 0 0 0 0 0 0 0 0 0 0 0 0 0 0 0 4 -6 0 0 -7 0 0 0 0 0 0 -73 0 0 0 0 0 8 14 0
0 0 0 -306 0 0 0 0 0 0 0 0 -42 0 0 0 0 0 0 2 72 187 0 0 0 -62 0 0 0 0 -10 0 0 0 0 0 0 0 0 0 0 0 0 -14 -127 36 0 0 0 0 0 -128 0 -10 0 38 0 0 0 0 0 0 0 0 0 0 -1 0 0 0 0 0 0 0 0 0 0 0 0 0 0 0 0 0 0 0 0 53 0 0 -23 41 0 0 2 0 0 0 0 0 1 10 0 0 0 0 0 0 -83 0
0 0 0 0 0 0 0 0 0 0 0 0 0 0 0 4 0 0 0 0 0 0 51 0 0 0 0 0 0 0 0 0 0 0 -273 0 0 -271 0 0 0 0 0 0 0 0 0 0 0 0 0 0 0 0 0 0 0 0 0 0 0 0 24 0 0 0 0 0 0 0 0 0 0 0 0 0 0 0 0 0 0 0 0 0 0 0 0 0 0 0 0 0 492 2 0 0 0 0 0 0 0 0 0 0 0 0 0 0 0 0
0 0 0 0 0 0 0 0 0 -88 315 0 0 0 0 0 0 0 0 0 0 0 0 -256 0 0 0 0 0 0 0 0 0 0 0 0 0 0 0 0 0 0 0 0 0 0 0 0 0 0 0 0 0 0 0 0 0 0 0 0 0 0 0 0 0 35 0 0 0 0 0 0 0 0 0 0 0 0 0 0 0 0 0 0 0 0 0 0 0 0 0 0 0 0 0 0 0 0 0 0 0 0 0 0 0 0 0 0 0 0
0 0 0 0 0 0 0 0 0 0 0 0 0 0 0 0 0 0 0 0 0 0 0 0 -53 0 0 0 0 0 0 0 0 0 0 0 0 0 0 0 0 0 0 0 0 0 0 0 0 0 0 0 0 0 0 0 0 0 0 0 0 0 0 0 0 0 0 0 0 0 0 0 0 0 0 0 0 0 0 0 0 0 0 0 0 0 0 0 0 0 0 0 0 0 0 0 0 0 0 0 0 0 0 0 0 0 0 0 0 0
0 0 5 82 0 3 -15 14 16 0 0 0 -6 0 -22 0 0 44 0 1 11 -62 0 0 0 -328 -16 0 0 0 -1 0 0 1 0 0 5 0 0 -27 0 0 0 -2 -183 5 0 5 0 0 -6 35 1 -4 0 -40 0 0 37 0 -171 0 0 1 0 0 0 -8 0 0 -2 13 0 0 14 0 0 10 0 0 0 5 0 0 0 -1 122 8 0 0 3 -155 0 0 1 0 0 0 0 0 0 2 0 -63 0 -1 -5 0 287 15
0 0 -15 0 0 108 0 0 -12 0 0 0 3 0 0 17 0 0 0 68 0 0 0 0 0 -16 113 0 0 0 0 0 0 0 0 0 0 0 0 0 0 0 0 0 0 1 0 0 0 0 0 0 32 2 0 0 0 0 0 0 0 0 0 0 0 0 0 72 0 0 -106 0 0 0 0 0 0 -108 0 0 0 0 0 40 0 0 0 0 0 177 0 -24 0 -38 0 0 0 0 0 0 0 0 0 95 0 0 60 0 0 0
0 0 0 0 0 0 0 0 0 0 0 0 0 0 0 0 0 0 0 0 0 0 0 0 0 0 0 -110 0 0 0 0 0 0 0 0 0 0 0 0 0 0 0 0 0 0 0 0 0 0 0 0 0 0 0 0 0 0 0 0 0 0 0 0 0 0 0 0 0 0 0 0 0 0 0 0 0 0 0 0 0 0 0 0 0 0 0 0 0 0 0 0 0 0 0 0 0 0 237 0 0 0 0 0 0 0 0 0 0 0
0 0 0 0 0 0 0 0 0 0 0 0 0 0 0 0 0 0 0 0 0 0 0 0 0 0 0 0 -542 0 0 0 0 0 0 0 0 0 0 0 0 0 0 0 0 0 0 0 0 0 0 0 0 0 0 0 0 0 0 0 0 0 0 0 0 0 0 0 0 0 0 0 0 0 0 0 0 0 0 0 0 0 0 0 0 0 0 0 0 0 0 0 0 0 0 0 0 0 0 0 0 0 0 0 0 0 0 0 0 0
0 0 0 0 0 0 0 0 0 0 0 0 0 0 0 0 0 0 0 0 0 0 0 0 0 0 0 0 0 731 0 0 0 0 0 0 0 0 0 0 0 0 0 0 0 0 0 0 0 0 0 0 0 0 0 0 0 0 0 0 0 0 0 0 0 0 0 0 0 0 0 0 0 0 0 0 0 0 0 0 0 0 0 0 0 0 0 0 0 0 0 0 0 0 0 0 0 0 0 0 0 0 0 0 0 0 0 0 0 0
0 0 0 -7 0 0 0 0 0 0 0 0 0 0 0 0 0 0 0 0 0 -10 0 0 0 -1 0 0 0 0 171 0 0 0 0 0 0 0 0 0 0 0 0 0 -3 -3 0 0 0 0 0 -3 0 2 0 1 0 0 0 0 0 0 0 0 0 0 0 0 0 0 0 0 0 0 0 0 0 0 0 0 0 0 0 0 0 0 0 51 0 0 0 1 0 0 0 0 0 0 0 0 1 0 0 0 0 0 0 0 -2 0
0 0 0 0 0 0 0 0 0 0 0 0 0 0 0 0 0 0 0 0 0 0 0 0 0 0 0 0 0 0 0 181 0 0 0 0 0 0 0 0 0 0 0 0 0 0 0 0 0 0 0 0 0 0 0 0 0 0 0 0 0 0 0 0 0 0 0 0 0 0 0 0 0 0 0 0 0 0 0 0 0 0 0 0 0 0 0 0 0 0 0 0 0 0 0 0 0 0 0 0 0 0 0 0 -354 0 0 0 0 0
0 0 0 0 0 0 0 -589 0 0 0 0 0 0 0 0 0 0 0 0 0 0 0 0 0 0 0 0 0 0 0 0 446 0 0 0 0 0 0 0 0 0 0 0 0 0 0 0 0 0 0 0 0 0 0 0 0 0 299 0 0 0 0 0 0 0 0 0 0 0 0 0 0 0 -230 0 0 0 0 0 0 0 0 0 0 0 0 0 0 0 0 0 0 0 0 0 0 0 0 0 0 0 0 0 0 0 0 0 0 0
0 -4 0 0 0 0 0 0 0 0 0 0 0 1 0 0 0 0 0 1 0 0 0 0 0 1 0 0 0 0 0 0 0 892 1 0 0 0 0 0 0 0 0 0 1 0 1 0 0 0 -7 0 0 0 0 0 0 0 0 3 1 0 1 0 235 0 4 0 0 0 0 0 0 0 1 11 0 0 0 0 19 -21 0 0 0 -26 0 0 0 0 1 1 0 0 -3 0 0 0 0 0 0 0 0 1 0 0 0 0 1 -3
0 0 0 0 0 4 0 0 0 0 0 0 0 32 0 0 0 0 0 0 0 0 -273 0 0 0 0 0 0 0 0 0 0 1 -105 0 0 -178 -4 0 0 0 0 0 0 0 0 0 0 0 0 0 -24 0 0 0 0 0 0 0 0 0 -1 0 0 0 0 0 -12 0 -3 0 0 0 0 1 0 0 0 0 0 0 0 0 0 0 0 0 0 0 0 0 324 0 0 0 0 0 0 0 0 0 0 0 0 1 0 0 0 0
0 0 0 0 0 0 0 0 0 0 0 0 0 0 0 0 0 0 0 0 0 0 0 0 0 0 0 0 0 0 0 0 0 0 0 -521 0 0 0 0 0 0 0 0 0 0 0 0 0 0 0 0 0 0 0 0 0 0 0 0 0 0 0 0 0 0 0 0 0 0 0 0 0 0 0 0 0 0 0 0 0 0 0 0 0 0 0 0 0 0 0 0 0 0 0 0 0 0 0 0 0 0 0 0 0 0 0 0 0 0
0 0 0 0 0 0 -24 0 0 0 0 0 0 0 0 0 0 8 0 0 0 0 0 0 0 5 0 0 0 0 0 0 0 0 0 0 -655 0 0 -84 0 0 0 0 0 0 0 15 0 0 0 0 0 0 0 0 0 0 0 0 0 0 0 0 0 0 0 0 0 0 0 31 0 0 0 0 0 0 0 0 0 0 0 0 0 0 0 0 0 0 0 -2 0 0 0 0 0 0 0 0 0 0 0 0 0 0 0 0 -4 0
0 0 0 0 0 0 0 0 0 0 0 0 0 0 0 -1 0 0 0 0 0 0 -271 0 0 0 0 0 0 0 0 0 0 0 -178 0 0 441 0 0 0 0 0 0 0 0 0 0 0 0 0 0 0 0 0 0 0 0 0 0 0 0 16 0 0 0 0 0 0 0 0 0 0 0 0 0 0 0 0 0 0 0 0 0 0 0 0 0 0 0 0 0 406 0 0 0 0 0 0 0 0 0 0 0 0 0 0 0 0 0
0 0 0 0 0 -15 0 0 0 0 0 0 0 23 0 0 0 0 0 0 0 0 0 0 0 0 0 0 0 0 0 0 0 0 -4 0 0 0 -430 0 0 0 0 0 0 0 0 0 0 0 0 0 108 0 0 0 0 0 0 0 0 0 -53 0 0 0 0 0 -487 0 16 0 0 0 0 0 0 0 0 0 0 0 0 0 0 0 0 0 0 0 0 0 0 0 0 0 0 0 0 0 0 0 0 0 0 0 0 0 0 0
0 0 0 0 0 0 160 0 0 0 0 0 0 0 0 0 0 -46 -32 0 0 0 0 0 0 -27 0 0 0 0 0 0 0 0 0 0 -84 0 0 -100 0 0 0 0 0 0 0 50 0 0 0 0 0 0 0 0 0 0 0 0 0 0 0 0 0 0 0 0 0 0 0 -193 0 0 0 0 0 0 0 0 0 0 0 0 0 0 0 0 0 0 0 19 0 0 0 0 0 0 0 0 -1 0 0 0 0 0 0 0 30 0
0 0 0 0 0 0 0 -8 0 0 0 0 0 0 0 0 0 0 0 0 0 0 0 0 0 0 0 0 0 0 0 0 0 0 0 0 0 0 0 0 499 0 0 0 0 0 0 0 0 0 0 0 0 0 0 0 0 0 -10 0 0 0 0 0 0 0 0 0 0 0 0 0 0 0 9 0 0 0 0 0 0 0 0 0 0 0 4 0 0 0 0 0 0 0 0 0 0 0 0 0 0 0 0 0 0 0 0 0 0 0
0 0 0 0 0 0 0 0 0 0 0 0 0 0 0 0 0 0 0 0 0 0 0 0 0 0 0 0 0 0 0 0 0 0 0 0 0 0 0 0 0 189 0 0 0 0 0 0 0 0 0 0 0 0 0 0 0 0 0 0 0 0 0 0 0 0 0 0 0 0 0 0 0 0 0 0 0 0 0 0 0 0 0 0 0 0 0 0 0 0 0 0 0 0 0 0 0 0 0 0 0 0 0 0 0 0 0 0 0 0
0 0 0 0 0 0 0 0 0 0 0 0 0 0 0 0 0 0 0 0 0 0 0 0 0 0 0 0 0 0 0 0 0 0 0 0 0 0 0 0 0 0 558 0 0 0 0 0 0 0 0 0 0 0 0 0 0 0 0 0 0 0 0 0 0 0 0 0 0 0 0 0 0 0 0 0 0 0 0 0 0 0 0 0 0 0 0 0 0 0 0 0 0 0 0 0 -425 0 0 0 0 0 0 0 0 0 0 0 0 0
0 0 0 -10 0 0 0 0 0 0 0 0 82 0 0 0 0 0 0 -3 -136 -14 0 0 0 -2 0 0 0 0 0 0 0 0 0 0 0 0 0 0 0 0 0 330 -4 61 0 0 0 0 0 -4 0 -18 0 2 0 0 0 0 0 0 0 0 0 0 3 0 0 0 0 0 0 0 0 0 0 0 0 0 0 0 0 0 0 0 0 0 0 0 0 2 0 0 -2 0 0 0 0 0 1 16 0 0 0 0 0 0 -2 0
0 0 0 150 0 0 -6 20 0 0 0 0 -12 0 0 0 0 0 0 1 22 -127 0 0 0 -183 0 0 0 0 -3 0 0 1 0 0 0 0 0 0 0 0 0 -4 100 11 0 0 0 0 -12 63 0 -3 0 -90 0 0 26 0 -6 0 0 0 0 0 0 0 0 0 0 -5 0 0 -17 0 0 0 0 0 0 3 0 0 0 0 184 16 0 0 10 93 0 0 1 0 0 0 0 0 0 3 0 -7 0 0 0 0 -228 30
0 0 0 26 145 0 0 0 26 0 0 0 172 0 0 0 -1 0 0 -14 -289 36 0 0 0 5 1 0 0 0 -3 0 0 0 0 0 0 0 0 0 0 0 0 61 11 -325 0 0 0 0 0 11 0 -19 0 -3 0 0 0 0 0 0 0 2 0 0 6 -3 0 0 1 0 0 0 0 0 0 -2 0 0 0 0 0 14 0 0 0 20 0 0 2 -4 0 0 -6 0 0 0 0 0 0 99 0 5 0 0 1 0 7 0
0 0 0 1 0 0 0 1 0 0 0 0 0 0 0 0 0 0 0 0 0 0 0 0 0 0 0 0 0 0 0 0 0 1 0 0 0 0 0 0 0 0 0 0 0 0 -597 0 0 0 0 1 0 0 0 1 0 0 1 0 0 0 0 0 0 0 0 0 0 0 0 0 0 0 0 0 0 0 0 0 0 1 0 0 0 0 1 0 0 0 0 0 0 0 0 0 0 0 0 0 1 0 0 0 0 0 0 0 0 0
0 0 0 0 0 0 -27 0 0 0 0 0 0 0 0 0 0 8 -191 0 0 0 0 0 0 5 0 0 0 0 0 0 0 0 0 0 15 0 0 50 0 0 0 0 0 0 0 185 0 0 0 0 0 0 0 0 0 0 0 0 0 0 0 0 0 0 0 0 0 0 0 33 0 0 0 0 0 0 0 0 0 0 0 0 0 0 0 0 0 0 0 -3 0 0 0 0 0 0 0 0 -10 0 0 0 0 0 0 0 -5 0
0 0 0 0 0 0 0 0 0 0 0 0 0 0 0 0 0 0 0 0 0 0 0 0 0 0 0 0 0 0 0 0 0 0 0 0 0 0 0 0 0 0 0 0 0 0 0 0 -774 0 0 0 0 0 0 0 0 0 0 0 0 0 0 0 0 0 0 0 0 0 0 0 0 0 0 0 0 0 0 0 0 0 0 0 0 0 0 0 0 0 0 0 0 0 0 0 0 0 0 0 0 0 0 0 0 0 0 0 0 0
0 0 0 0 0 0 0 0 0 0 0 0 0 0 0 0 0 0 0 0 0 0 0 0 0 0 0 0 0 0 0 0 0 0 0 0 0 0 0 0 0 0 0 0 0 0 0 0 0 527 0 0 0 0 0 0 0 0 0 0 0 0 0 0 0 0 0 0 0 1 0 0 0 0 0 0 0 0 0 0 0 0 0 0 0 0 0 0 0 0 0 0 0 0 0 0 0 0 0 0 0 0 0 0 0 0 0 0 0 0
0 0 0 0 0 0 -8 0 0 0 0 0 0 0 0 0 0 0 0 0 0 0 0 0 0 -6 0 0 0 0 0 0 0 -7 0 0 0 0 0 0 0 0 0 0 -12 0 0 0 0 0 -191 0 0 0 0 4 0 0 0 0 0 0 0 0 23 0 0 0 0 0 0 -6 0 0 0 0 0 0 0 0 -402 0 0 0 0 -4 0 0 0 0 127 5 0 0 0 0 0 0 0 0 -4 0 0 0 0 0 0 0 -8 81
0 0 0 245 0 0 0 -5 0 0 0 0 -12 0 0 0 0 0 0 1 22 -128 0 0 0 35 0 0 0 0 -3 0 0 0 0 0 0 0 0 0 0 0 0 -4 63 11 1 0 0 0 0 -416 0 -3 0 -18 0 0 -7 0 2 0 0 0 1 0 0 0 0 0 0 0 0 0 6 0 0 0 0 0 0 0 0 0 0 1 -51 16 0 0 12 -14 0 0 1 0 0 0 0 0 0 3 0 3 0 1 0 0 42 0
0 0 1 0 0 -31 0 0 1 0 0 0 0 124 0 0 0 0 0 0 0 0 0 0 0 1 32 0 0 0 0 0 0 0 -24 0 0 0 108 0 0 0 0 0 0 0 0 0 0 0 0 0 9 0 0 0 0 0 0 0 0 0 -289 0 0 0 0 14 0 0 31 0 0 0 0 0 0 -20 0 0 0 0 0 0 0 0 0 0 0 0 0 2 0 0 0 0 0 0 0 0 0 0 0 -4 0 0 12 0 0 0
0 0 -2 -7 479 0 0 0 83 0 0 0 -52 0 0 0 -4 0 0 -23 88 -10 0 0 0 -4 2 0 0 0 2 0 0 0 0 0 0 0 0 0 0 0 0 -18 -3 -19 0 0 0 0 0 -3 0 -384 0 1 0 0 0 0 0 0 0 4 0 0 -1 -11 0 0 1 0 0 0 0 0 0 -9 0 0 0 0 0 45 0 0 0 -6 0 0 0 -2 0 0 2 0 0 0 0 0 1 -29 0 15 0 0 1 0 -2 0
0 0 0 0 0 0 0 0 0 0 0 0 0 0 0 0 0 0 0 0 0 0 0 0 0 0 0 0 0 0 0 0 0 0 0 0 0 0 0 0 0 0 0 0 0 0 0 0 0 0 0 0 0 0 -435 0 0 0 0 0 0 0 0 0 0 0 0 0 0 0 0 0 0 0 0 0 0 0 0 0 0 0 0 0 0 0 0 0 0 0 0 0 0 0 0 0 0 0 0 0 0 0 0 0 0 0 0 0 0 0
0 0 0 -44 0 0 3 -5 0 0 0 0 4 0 0 0 0 0 0 0 -6 38 0 0 0 -40 0 0 0 0 1 0 0 0 0 0 0 0 0 0 0 0 0 2 -90 -3 1 0 0 0 4 -18 0 1 0 -681 0 0 -7 0 2 0 0 0 1 0 1 0 0 0 0 2 0 0 6 0 0 0 0 0 0 0 0 0 0 1 -54 -4 0 0 -2 35 0 0 0 0 0 0 0 0 1 0 0 3 0 1 0 0 -59 -8
0 0 0 0 0 0 0 0 0 0 0 0 0 0 0 0 0 0 0 0 0 0 0 0 0 0 0 0 0 0 0 0 0 0 0 0 0 0 0 0 0 0 0 0 0 0 0 0 0 0 0 0 0 0 0 0 140 0 0 0 0 0 0 0 0 0 0 0 0 0 0 0 0 0 0 0 0 0 0 0 0 0 0 0 0 0 0 0 0 0 0 0 0 0 0 0 0 0 0 0 0 0 0 0 0 0 0 0 0 0
0 0 0 0 0 0 0 0 0 0 0 0 0 0 0 0 0 0 0 0 0 0 0 0 0 0 0 0 0 0 0 0 0 0 0 0 0 0 0 0 0 0 0 0 0 0 0 0 0 0 0 0 0 0 0 0 0 -281 0 0 0 0 0 0 0 0 0 0 0 0 0 0 0 0 0 0 0 0 0 0 0 0 0 0 0 0 0 0 0 0 0 0 0 0 0 0 0 0 0 0 0 0 0 0 0 0 0 0 0 0
0 0 0 -16 0 0 0 342 0 0 0 28 0 0 0 0 -57 0 0 0 0 0 0 0 0 37 0 0 0 0 0 0 299 0 0 0 0 0 0 0 -10 0 0 0 26 0 1 0 0 0 0 -7 0 0 0 -7 0 0 602 0 24 0 0 45 1 0 0 25 0 0 0 0 -6 0 129 0 0 17 -60 0 0 -1 0 0 0 1 -176 0 0 0 5 29 0 0 0 0 0 0 0 0 0 0 0 14 0 1 0 0 17 0
0 -119 0 0 0 0 0 0 0 0 0 0 -6 0 0 0 0 0 0 1 0 0 0 0 0 0 0 0 0 0 0 0 0 3 0 0 0 0 0 0 0 0 0 0 0 0 0 0 0 0 0 0 0 0 0 0 0 0 0 -798 0 0 0 0 -8 0 94 0 0 0 0 0 0 0 0 -216 0 0 0 0 0 0 0 0 0 -55 0 0 0 0 0 0 0 0 -98 0 0 0 0 0 0 0 0 0 0 53 0 0 0 0
0 0 0 5 0 0 0 2 0 0 0 9 0 0 0 0 -18 0 0 0 0 0 0 0 0 -171 0 0 0 0 0 0 0 1 0 0 0 0 0 0 0 0 0 0 -6 0 0 0 0 0 0 2 0 0 0 2 0 0 24 0 595 0 0 14 0 0 0 8 0 0 0 0 -2 0 27 0 0 6 -19 0 0 2 0 0 0 0 16 0 0 0 -1 -253 0 0 0 0 0 0 0 0 1 0 0 -96 0 0 0 0 -4 0
0 0 0 0 0 0 0 0 0 0 0 0 0 0 0 0 0 0 0 0 0 0 0 0 0 0 0 0 0 0 0 0 0 0 0 0 0 0 0 0 0 0 0 0 0 0 0 0 0 0 0 0 0 0 0 0 0 0 0 0 0 -971 0 0 0 0 0 0 0 0 0 0 0 0 0 0 0 0 0 0 0 0 0 0 0 0 0 0 0 0 0 0 0 0 0 0 0 0 0 0 0 0 0 0 0 0 0 0 0 0
0 0 0 0 0 44 0 0 0 0 0 0 0 372 0 0 0 0 0 0 0 0 24 0 0 0 0 0 0 0 0 0 0 1 -1 0 0 16 -53 0 0 0 0 0 0 0 0 0 0 0 0 0 -289 0 0 0 0 0 0 0 0 0 -120 0 0 0 0 0 -151 0 -42 0 0 0 0 1 0 0 0 0 0 0 0 0 0 -1 0 0 0 0 0 0 -27 0 0 0 0 0 0 0 0 0 0 0 0 2 0 0 0 0
0 0 1 0 0 0 0 0 -24 0 0 -60 0 0 0 0 -658 0 0 0 0 0 0 0 0 1 0 0 0 0 0 0 0 0 0 0 0 0 0 0 0 0 0 0 0 2 0 0 0 0 0 0 0 4 0 0 0 0 45 0 14 0 0 -475 0 0 0 78 0 0 0 0 14 0 57 0 0 51 -42 0 0 0 0 0 0 0 0 0 0 0 0 1 0 0 0 0 0 0 0 0 0 0 0 -3 0 0 0 0 0 0
0 15 0 1 0 0 0 1 0 0 0 0 1 0 0 0 0 0 0 0 0 0 0 0 0 0 0 0 0 0 0 0 0 235 0 0 0 0 0 0 0 0 0 0 0 0 0 0 0 0 23 1 0 0 0 1 0 0 1 -8 0 0 0 0 281 0 -9 0 0 0 0 0 0 0 0 -31 0 0 0 0 -53 64 0 0 0 79 1 0 0 0 0 0 0 0 10 0 0 0 0 0 1 0 0 0 0 3 0 0 0 10
0 0 0 0 0 0 0 0 0 -85 -18 0 0 0 0 0 0 0 0 0 0 0 0 35 0 0 0 0 0 0 0 0 0 0 0 0 0 0 0 0 0 0 0 0 0 0 0 0 0 0 0 0 0 0 0 0 0 0 0 0 0 0 0 0 0 -610 0 0 0 0 0 0 0 0 0 0 0 0 0 0 0 0 0 0 0 0 0 0 0 0 0 0 0 0 0 0 0 0 0 0 0 0 0 0 0 0 0 0 0 0
0 -155 0 -1 0 0 0 0 0 0 0 1 43 0 0 0 0 0 0 -1 8 -1 0 0 0 0 0 0 0 0 0 0 0 4 0 0 0 0 0 0 0 0 0 3 0 6 0 0 0 0 0 0 0 -1 0 1 0 0 0 94 0 0 0 0 -9 0 223 0 0 69 0 0 1 0 0 -230 0 0 0 0 0 0 0 0 0 -58 0 0 0 0 0 1 0 0 667 0 0 0 0 0 1 2 0 0 0 56 0 1 0 0
0 0 -8 0 0 47 0 0 76 0 0 -33 -1 0 0 -9 -101 0 0 -39 0 0 0 0 0 -8 72 0 0 0 0 0 0 0 0 0 0 0 0 0 0 0 0 0 0 -3 0 0 0 0 0 0 14 -11 0 0 0 0 25 0 8 0 0 78 0 0 0 80 0 0 -45 0 8 0 33 0 0 -5 -24 0 0 0 0 -23 0 0 0 0 0 -103 0 -13 0 23 0 0 0 0 0 0 0 0 0 51 0 0 -23 0 0 0
0 0 0 0 0 0 0 0 0 0 0 0 0 65 0 0 0 0 0 0 0 0 0 0 0 0 0 0 0 0 0 0 0 0 -12 0 0 0 -487 0 0 0 0 0 0 0 0 0 0 0 0 0 0 0 0 0 0 0 0 0 0 0 -151 0 0 0 0 0 -442 0 0 0 0 0 0 0 0 0 0 0 0 0 0 0 0 0 0 0 0 0 0 0 0 0 0 0 0 0 0 0 0 0 0 0 0 0 0 0 0 0
0 0 0 0 0 0 0 0 0 0 0 0 0 0 0 0 0 0 0 0 0 0 0 0 0 0 0 0 0 0 0 0 0 0 0 0 0 0 0 0 0 0 0 0 0 0 0 0 0 1 0 0 0 0 0 0 0 0 0 0 0 0 0 0 0 0 69 0 0 553 0 0 0 0 0 0 0 0 0 0 0 0 0 0 0 0 0 0 0 0 0 0 0 0 65 0 0 0 0 0 0 0 0 0 0 0 0 0 0 0
0 0 -2 0 0 122 0 0 -2 0 0 0 0 19 0 0 0 0 0 0 0 0 0 0 0 -2 -106 0 0 0 0 0 0 0 -3 0 0 0 16 0 0 0 0 0 0 1 0 0 0 0 0 0 31 1 0 0 0 0 0 0 0 0 -42 0 0 0 0 -45 0 0 -68 0 0 0 0 0 0 69 0 0 0 0 0 0 0 0 0 0 0 0 0 -4 0 0 0 0 0 0 0 0 0 0 0 16 0 0 -37 0 0 0
0 0 0 0 0 0 494 0 0 0 0 0 0 0 0 0 0 26 0 0 0 0 0 0 0 13 0 0 0 0 0 0 0 0 0 0 31 0 0 -193 0 0 0 0 -5 0 0 33 0 0 -6 0 0 0 0 2 0 0 0 0 0 0 0 0 0 0 0 0 0 0 0 212 0 0 0 0 0 0 0 0 0 0 0 0 0 0 0 0 0 0 56 -8 0 0 0 0 0 0 0 0 -1 0 0 0 0 0 0 0 -19 17
0 0 0 0 0 0 0 0 0 0 0 -94 20 0 0 0 -18 0 0 0 12 0 0 0 0 0 0 0 0 0 0 0 0 0 0 0 0 0 0 0 0 0 0 0 0 0 0 0 0 0 0 0 0 0 0 0 0 0 -6 0 -2 0 0 14 0 0 1 8 0 0 0 0 435 0 -8 0 0 6 -19 0 0 0 0 0 0 0 0 0 0 0 0 0 0 0 0 0 0 0 0 0 0 0 0 0 0 0 0 689 0 0
0 0 0 0 0 0 0 0 0 0 0 0 0 0 0 0 0 0 0 0 0 0 0 0 0 0 0 0 0 0 0 0 0 0 0 0 0 0 0 0 0 0 0 0 0 0 0 0 0 0 0 0 0 0 0 0 0 0 0 0 0 0 0 0 0 0 0 0 0 0 0 0 0 804 0 0 0 0 0 0 0 0 0 0 0 0 0 0 0 0 0 0 0 0 0 0 0 0 0 0 0 0 0 0 0 0 0 0 0 0
0 0 0 13 0 0 0 -264 0 0 0 36 0 0 0 0 -74 0 0 0 0 0 0 0 0 14 0 0 0 0 0 0 -230 1 0 0 0 0 0 0 9 0 0 0 -17 0 0 0 0 0 0 6 0 0 0 6 0 0 129 0 27 0 0 57 0 0 0 33 0 0 0 0 -8 0 670 0 0 22 -78 0 0 1 0 0 0 0 133 0 0 0 -3 41 0 0 0 0 0 0 0 0 1 0 0 14 0 0 0 0 -11 0
0 359 0 0 0 0 0 0 0 0 0 0 17 2 0 0 0 0 0 0 0 0 0 0 0 0 0 0 0 0 0 0 0 11 1 0 0 0 0 0 0 0 0 0 0 0 0 0 0 0 0 0 0 0 0 0 0 0 0 -216 0 0 1 0 -31 0 -230 0 0 0 0 0 0 0 0 3 0 0 0 0 0 0 0 0 0 -197 0 0 0 0 0 0 0 0 243 0 0 0 0 0 0 0 0 0 0 189 0 0 0 0
0 0 0 0 0 0 0 0 0 0 0 0 0 0 0 0 0 0 0 0 0 0 0 0 0 0 0 0 0 0 0 0 0 0 0 0 0 0 0 0 0 0 0 0 0 0 0 0 0 0 0 0 0 0 0 0 0 0 0 0 0 0 0 0 0 0 0 0 0 0 0 0 0 0 0 0 654 0 0 0 0 0 0 0 573 0 0 0 0 0 0 0 0 0 0 0 0 0 0 0 0 0 0 0 0 0 0 0 0 0
0 0 9 0 0 -69 0 0 62 0 0 -22 3 0 0 16 -66 0 0 61 0 0 0 0 0 10 -108 0 0 0 0 0 0 0 0 0 0 0 0 0 0 0 0 0 0 -2 0 0 0 0 0 0 -20 -9 0 0 0 0 17 0 6 0 0 51 0 0 0 -5 0 0 69 0 6 0 22 0 0 84 -15 0 0 0 0 36 0 0 0 0 0 158 0 15 0 -33 0 0 0 0 0 0 0 0 0 -54 0 0 36 0 0 0
0 0 0 0 0 0 0 0 0 0 0 83 0 0 0 0 56 0 0 0 0 0 0 0 0 0 0 0 0 0 0 0 0 0 0 0 0 0 0 0 0 0 0 0 0 0 0 0 0 0 0 0 0 0 0 0 0 0 -60 0 -19 0 0 -42 0 0 0 -24 0 0 0 0 -19 0 -78 0 0 -15 408 0 0 0 0 0 0 0 0 0 0 0 0 0 0 0 0 0 0 0 0 0 0 0 0 0 0 0 0 0 0 0
0 0 0 0 0 0 0 0 0 0 0 0 0 0 0 0 0 0 0 0 0 0 0 0 0 0 0 0 0 0 0 0 0 0 0 0 0 0 0 0 0 0 0 0 0 0 0 0 0 0 0 0 0 0 0 0 0 0 0 0 0 0 0 0 0 0 0 0 0 0 0 0 0 0 0 0 0 0 0 -100 0 0 0 0 0 0 0 0 0 0 0 0 0 0 0 0 0 0 0 0 0 0 0 0 0 0 0 0 0 0
0 0 0 0 0 0 0 0 0 0 0 0 0 0 0 0 0 0 0 0 0 0 0 0 0 0 0 0 0 0 0 0 0 19 0 0 0 0 0 0 0 0 0 0 0 0 0 0 0 0 -402 0 0 0 0 0 0 0 0 0 0 0 0 0 -53 0 0 0 0 0 0 0 0 0 0 0 0 0 0 0 583 0 0 0 0 10 0 0 0 0 0 0 0 0 0 0 0 0 0 0 0 0 0 0 0 0 0 0 0 -170
0 0 0 -1 0 0 0 0 0 0 0 0 0 0 0 0 0 0 0 0 0 0 0 0 0 5 0 0 0 0 0 0 0 -21 0 0 0 0 0 0 0 0 0 0 3 0 1 0 0 0 0 0 0 0 0 0 0 0 -1 0 2 0 0 0 64 0 0 0 0 0 0 0 0 0 1 0 0 0 0 0 0 -527 0 0 0 402 -6 0 0 0 1 4 0 0 0 0 0 0 0 0 0 0 0 2 0 432 0 0 2 0
0 0 0 0 0 0 0 0 0 0 0 0 0 0 0 0 0 0 0 0 0 0 0 0 0 0 0 0 0 0 0 0 0 0 0 0 0 0 0 0 0 0 0 0 0 0 0 0 0 0 0 0 0 0 0 0 0 0 0 0 0 0 0 0 0 0 0 0 0 0 0 0 0 0 0 0 0 0 0 0 0 0 166 0 0 0 0 0 0 0 0 0 0 0 0 0 0 0 0 0 0 0 0 0 0 0 0 0 0 0
0 0 0 0 43 0 0 0 8 0 0 0 16 0 0 1 0 0 0 407 0 0 0 0 0 0 40 0 0 0 0 0 0 0 0 0 0 0 0 0 0 0 0 0 0 14 0 0 0 0 0 0 0 45 0 0 0 0 0 0 0 0 0 0 0 0 0 -23 0 0 0 0 0 0 0 0 0 36 0 0 0 0 0 -21 0 0 0 0 0 -337 0 0 0 0 0 0 0 0 0 0 0 0 0 0 0 0 -19 0 0 0
0 0 0 0 0 0 0 0 0 0 0 0 0 0 0 0 0 0 0 0 0 0 0 0 0 0 0 0 0 0 0 0 0 0 0 0 0 0 0 0 0 0 0 0 0 0 0 0 0 0 0 0 0 0 0 0 0 0 0 0 0 0 0 0 0 0 0 0 0 0 0 0 0 0 0 0 573 0 0 0 0 0 0 0 -131 0 0 0 0 0 0 0 0 0 0 0 0 0 0 0 0 0 0 0 0 0 0 0 0 0
0 92 0 1 0 0 0 1 0 0 0 0 5 -3 0 0 0 0 0 0 0 0 0 0 0 -1 0 0 0 0 0 0 0 -26 0 0 0 0 0 0 0 0 0 0 0 0 0 0 0 0 -4 1 0 0 0 1 0 0 1 -55 0 0 -1 0 79 0 -58 0 0 0 0 0 0 0 0 -197 0 0 0 0 10 402 0 0 0 684 2 0 0 0 0 0 0 0 62 0 0 0 0 0 1 0 0 0 0 17 0 0 0 -1
0 0 0 -123 0 0 0 -141 0 0 0 0 0 0 0 0 0 0 0 0 0 0 0 0 0 122 0 0 0 0 0 0 0 0 0 0 0 0 0 0 4 0 0 0 184 0 1 0 0 0 0 -51 0 0 0 -54 0 0 -176 0 16 0 0 0 1 0 0 0 0 0 0 0 0 0 133 0 0 0 0 0 0 -6 0 0 0 2 -481 0 0 0 35 -11 0 0 0 0 0 0 0 0 -1 0 0 18 0 2 0 0 121 0
0 0 0 38 0 0 0 0 0 0 0 0 0 0 0 0 0 0 0 0 0 53 0 0 0 8 0 0 0 0 51 0 0 0 0 0 0 0 0 0 0 0 0 0 16 20 0 0 0 0 0 16 0 -6 0 -4 0 0 0 0 0 0 0 0 0 0 0 0 0 0 0 0 0 0 0 0 0 0 0 0 0 0 0 0 0 0 0 -75 0 0 3 -5 0 0 0 0 0 0 0 0 0 6 0 0 0 0 0 0 11 0
0 0 0 0 0 0 0 0 0 0 0 0 0 0 0 0 0 0 0 0 0 0 0 0 0 0 0 0 0 0 0 0 0 0 0 0 0 0 0 0 0 0 0 0 0 0 0 0 0 0 0 0 0 0 0 0 0 0 0 0 0 0 0 0 0 0 0 0 0 0 0 0 0 0 0 0 0 0 0 0 0 0 0 0 0 0 0 0 -285 0 0 0 0 0 0 0 0 0 0 0 0 0 0 0 0 0 0 0 0 0
0 0 0 0 0 0 0 0 0 0 0 0 -22 0 0 2 0 0 0 -579 0 0 0 0 0 0 177 0 0 0 0 0 0 0 0 0 0 0 0 0 0 0 0 0 0 0 0 0 0 0 0 0 0 0 0 0 0 0 0 0 0 0 0 0 0 0 0 -103 0 0 0 0 0 0 0 0 0 158 0 0 0 0 0 -337 0 0 0 0 0 -535 0 0 0 -4 0 0 0 0 0 0 0 0 0 0 0 0 -85 0 0 0
0 0 0 28 0 0 68 4 0 0 0 0 -2 0 0 0 0 0 1 1 4 -23 0 0 0 3 0 0 0 0 0 0 0 1 0 0 0 0 0 0 0 0 0 0 10 2 0 0 0 0 127 12 0 0 0 -2 0 0 5 0 -1 0 0 0 0 0 0 0 0 0 0 56 0 0 -3 0 0 0 0 0 0 1 0 0 0 0 35 3 0 0 -238 -6 0 0 1 0 0 0 0 0 8 1 0 -1 0 0 0 0 7 -299
0 0 8 -35 0 5 11 -1 25 0 0 0 5 0 15 0 -1 -28 0 0 -6 41 0 0 0 -155 -24 0 0 0 1 0 0 1 0 0 -2 0 0 19 0 0 0 2 93 -4 0 -3 0 0 5 -14 2 -2 0 35 0 0 29 0 -253 0 0 1 0 0 1 -13 0 0 -4 -8 0 0 41 0 0 15 0 0 0 4 0 0 0 0 -11 -5 0 0 -6 -432 0 0 0 0 0 0 0 0 1 0 0 -88 0 0 -8 0 -206 -9
0 0 0 0 0 0 0 0 0 0 0 0 0 0 0 3 0 0 0 0 0 0 492 0 0 0 0 0 0 0 0 0 0 0 324 0 0 406 0 0 0 0 0 0 0 0 0 0 0 0 0 0 0 0 0 0 0 0 0 0 0 0 -27 0 0 0 0 0 0 0 0 0 0 0 0 0 0 0 0 0 0 0 0 0 0 0 0 0 0 0 0 0 -70 1 0 0 0 0 0 0 0 0 0 0 0 0 0 0 0 0
0 0 0 0 0 0 0 0 0 0 0 0 0 0 0 581 0 0 0 -1 0 0 2 0 0 0 -38 0 0 0 0 0 0 0 0 0 0 0 0 0 0 0 0 0 0 0 0 0 0 0 0 0 0 0 0 0 0 0 0 0 0 0 0 0 0 0 0 23 0 0 0 0 0 0 0 0 0 -33 0 0 0 0 0 0 0 0 0 0 0 -4 0 0 1 -598 0 0 0 0 0 0 0 0 0 0 0 0 19 0 0 0
0 164 0 2 0 0 0 0 0 0 0 0 -45 0 0 0 0 0 0 2 -7 2 0 0 0 1 0 0 0 0 0 0 0 -3 0 0 0 0 0 0 0 0 0 -2 1 -6 0 0 0 0 0 1 0 2 0 0 0 0 0 -98 0 0 0 0 10 0 667 0 0 65 0 0 0 0 0 243 0 0 0 0 0 0 0 0 0 62 0 0 0 0 1 0 0 0 152 0 0 0 0 0 0 -1 0 0 0 -58 0 0 1 0
0 0 0 0 0 0 0 0 0 0 0 0 0 0 0 0 0 0 0 0 0 0 0 0 0 0 0 0 0 0 0 0 0 0 0 0 0 0 0 0 0 0 0 0 0 0 0 0 0 0 0 0 0 0 0 0 0 0 0 0 0 0 0 0 0 0 0 0 0 0 0 0 0 0 0 0 0 0 0 0 0 0 0 0 0 0 0 0 0 0 0 0 0 0 0 -155 0 0 0 0 0 0 0 0 0 0 0 0 0 0
0 0 0 0 0 0 0 0 0 0 0 0 0 0 0 0 0 0 0 0 0 0 0 0 0 0 0 0 0 0 0 0 0 0 0 0 0 0 0 0 0 0 -425 0 0 0 0 0 0 0 0 0 0 0 0 0 0 0 0 0 0 0 0 0 0 0 0 0 0 0 0 0 0 0 0 0 0 0 0 0 0 0 0 0 0 0 0 0 0 0 0 0 0 0 0 0 -704 0 0 0 0 0 0 0 0 0 0 0 0 0
0 0 0 0 0 0 0 0 0 0 0 0 0 0 0 0 0 0 0 0 0 0 0 0 0 0 0 0 0 0 0 0 0 0 0 0 0 0 0 0 0 0 0 0 0 0 0 0 0 0 0 0 0 0 0 0 0 0 0 0 0 0 0 0 0 0 0 0 0 0 0 0 0 0 0 0 0 0 0 0 0 0 0 0 0 0 0 0 0 0 0 0 0 0 0 0 0 898 0 0 0 0 0 0 0 0 0 0 0 0
0 0 0 0 0 0 0 0 0 0 0 0 0 0 0 0 0 0 0 0 0 0 0 0 0 0 0 237 0 0 0 0 0 0 0 0 0 0 0 0 0 0 0 0 0 0 0 0 0 0 0 0 0 0 0 0 0 0 0 0 0 0 0 0 0 0 0 0 0 0 0 0 0 0 0 0 0 0 0 0 0 0 0 0 0 0 0 0 0 0 0 0 0 0 0 0 0 0 117 0 0 0 0 0 0 0 0 0 0 0
0 0 0 0 0 0 0 0 0 0 0 0 0 0 0 0 0 0 0 0 0 0 0 0 0 0 0 0 0 0 0 0 0 0 0 0 0 0 0 0 0 0 0 0 0 0 0 0 0 0 0 0 0 0 0 0 0 0 0 0 0 0 0 0 0 0 0 0 0 0 0 0 0 0 0 0 0 0 0 0 0 0 0 0 0 0 0 0 0 0 0 0 0 0 0 0 0 0 0 668 0 0 0 0 0 0 0 0 0 0
0 0 0 0 0 0 -2 0 0 0 0 0 1 0 0 0 0 0 3 0 0 1 0 0 0 0 0 0 0 0 1 0 0 0 0 0 0 0 0 -1 0 0 0 1 0 0 1 -10 0 0 -4 0 0 1 0 1 0 0 0 0 1 0 0 0 1 0 1 0 0 0 0 -1 0 0 1 0 0 0 0 0 0 0 0 0 0 1 -1 0 0 0 8 1 0 0 0 0 0 0 0 0 -10 0 0 1 0 1 0 0 0 10
0 0 0 7 0 0 0 0 0 0 0 0 44 0 0 0 0 0 0 -1 -73 10 0 0 0 2 0 0 0 0 0 0 0 0 0 0 0 0 0 0 0 0 0 16 3 99 0 0 0 0 0 3 0 -29 0 0 0 0 0 0 0 0 0 0 0 0 2 0 0 0 0 0 0 0 0 0 0 0 0 0 0 0 0 0 0 0 0 6 0 0 1 0 0 0 -1 0 0 0 0 0 0 -714 0 0 0 0 0 0 2 0
0 0 0 0 0 0 0 0 0 0 0 0 0 0 0 0 0 0 0 0 0 0 0 0 0 0 0 0 0 0 0 0 0 0 0 0 0 0 0 0 0 0 0 0 0 0 0 0 0 0 0 0 0 0 0 0 0 0 0 0 0 0 0 0 0 0 0 0 0 0 0 0 0 0 0 0 0 0 0 0 0 0 0 0 0 0 0 0 0 0 0 0 0 0 0 0 0 0 0 0 0 0 -471 0 0 0 0 0 0 0
0 0 -26 5 0 -15 0 2 -91 0 0 0 0 0 0 0 4 0 0 0 0 0 0 0 0 -63 95 0 0 0 0 0 0 1 0 0 0 0 0 0 0 0 0 0 -7 5 0 0 0 0 0 3 -4 15 0 3 0 0 14 0 -96 0 0 -3 0 0 0 51 0 0 16 0 0 0 14 0 0 -54 0 0 0 2 0 0 0 0 18 0 0 0 -1 -88 0 0 0 0 0 0 0 0 1 0 0 -232 0 0 34 0 -4 0
0 0 0 0 0 0 0 0 0 0 0 0 0 0 0 0 0 0 0 0 0 0 0 0 0 0 0 0 0 0 0 -354 0 0 0 0 0 0 0 0 0 0 0 0 0 0 0 0 0 0 0 0 0 0 0 0 0 0 0 0 0 0 0 0 0 0 0 0 0 0 0 0 0 0 0 0 0 0 0 0 0 0 0 0 0 0 0 0 0 0 0 0 0 0 0 0 0 0 0 0 0 0 0 0 656 0 0 0 0 0
0 -87 0 1 0 0 0 1 0 0 0 0 -3 4 0 0 0 0 0 1 0 0 0 0 0 -1 0 0 0 0 0 0 0 0 1 0 0 0 0 0 0 0 0 0 0 0 0 0 0 0 0 1 0 0 0 1 0 0 1 53 0 0 2 0 3 0 56 0 0 0 0 0 0 0 0 189 0 0 0 0 0 432 0 0 0 17 2 0 0 0 0 0 0 0 -58 0 0 0 0 0 1 0 0 0 0 699 0 0 0 0
0 0 -5 0 0 39 0 0 -4 0 0 0 -1 0 0 -8 0 0 0 -32 0 0 0 0 0 -5 60 0 0 0 0 0 0 0 0 0 0 0 0 0 0 0 0 0 0 1 0 0 0 0 0 0 12 1 0 0 0 0 0 0 0 0 0 0 0 0 0 -23 0 0 -37 0 0 0 0 0 0 36 0 0 0 0 0 -19 0 0 0 0 0 -85 0 -8 0 19 0 0 0 0 0 0 0 0 0 34 0 0 161 0 0 0
0 0 0 0 0 0 0 0 0 0 0 160 14 0 0 0 0 0 0 0 8 0 0 0 0 0 0 0 0 0 0 0 0 0 0 0 0 0 0 0 0 0 0 0 0 0 0 0 0 0 0 0 0 0 0 0 0 0 0 0 0 0 0 0 0 0 1 0 0 0 0 0 689 0 0 0 0 0 0 0 0 0 0 0 0 0 0 0 0 0 0 0 0 0 0 0 0 0 0 0 0 0 0 0 0 0 0 -189 0 0
0 0 0 99 0 0 9 13 0 0 0 0 -8 0 24 0 0 -46 0 1 14 -83 0 0 0 287 0 0 0 0 -2 0 0 1 0 0 -4 0 0 30 0 0 0 -2 -228 7 0 -5 0 0 -8 42 0 -2 0 -59 0 0 17 0 -4 0 0 0 0 0 0 0 0 0 0 -19 0 0 -11 0 0 0 0 0 0 2 0 0 0 0 121 11 0 0 7 -206 0 0 1 0 0 0 0 0 0 2 0 -4 0 0 0 0 -136 20
0 0 0 0 0 0 20 0 0 0 0 0 0 0 0 0 0 0 0 0 0 0 0 0 0 15 0 0 0 0 0 0 0 -3 0 0 0 0 0 0 0 0 0 0 30 0 0 0 0 0 81 0 0 0 0 -8 0 0 0 0 0 0 0 0 10 0 0 0 0 0 0 17 0 0 0 0 0 0 0 0 -170 0 0 0 0 -1 0 0 0 0 -299 -9 0 0 0 0 0 0 0 0 10 0 0 0 0 0 0 0 20 -347

