Q_obj 
-287 0 0 14 -3 189 0 55 -4 20 0 0 -18 0 -101 -10 0 0 -23 0 0 0 -16 410 4 133 0 2 -14 2 2 -3 0 0 0 0 -70 1 0 1 0 0 0 -339 0 0 -19 0 -28 -11 -14 0 -6 0 0 8 0 0 0 0
0 1000 0 0 0 0 0 0 0 0 0 0 0 0 0 0 0 0 0 0 0 0 0 0 0 0 0 0 0 0 0 0 0 0 0 0 0 0 0 0 0 0 0 0 0 0 0 0 0 0 0 0 0 0 0 0 0 0 0 0
0 0 668 150 0 5 0 12 14 4 0 0 4 0 0 0 0 0 68 0 0 0 0 0 -20 0 0 -3 12 20 0 -41 0 0 0 -85 1 -1 0 3 0 0 0 3 0 0 1 0 0 12 0 -21 31 0 0 -78 0 0 0 0
14 0 150 -35 0 22 0 203 63 16 0 0 16 0 0 0 0 0 301 0 0 -1 0 0 -92 -49 0 -15 53 103 0 -174 0 0 0 -25 3 -3 0 14 0 0 0 12 0 0 1 0 0 53 -51 -6 137 1 -2 6 0 0 0 0
-3 0 0 0 142 0 0 -7 0 50 19 -12 -81 0 2 0 0 0 0 0 -15 8 -106 -5 -49 0 0 0 -15 -6 -453 -2 0 -235 0 -36 -45 0 0 53 0 0 0 12 0 0 -31 0 0 -86 0 -36 7 19 0 49 0 0 0 0
189 0 5 22 0 524 0 -30 -65 1 0 0 1 0 30 0 0 0 -58 0 0 0 0 -119 19 60 0 1 5 3 0 -6 0 0 0 0 103 1 0 1 1 0 0 492 0 0 30 0 102 -10 -18 0 -32 0 0 -5 0 0 0 0
0 0 0 0 0 0 168 0 0 -33 0 0 35 0 0 0 46 0 0 0 0 0 -77 0 0 0 0 0 32 0 0 0 201 17 0 0 -52 0 -55 0 0 0 0 7 0 0 61 0 0 0 0 0 -12 0 0 0 0 -4 0 0
55 0 12 203 -7 -30 0 66 -70 8 12 -8 8 0 0 9 0 0 -339 0 -19 6 0 0 105 -194 9 6 -72 26 5 -56 0 0 0 -43 -40 3 0 4 -7 0 -6 -6 0 0 -25 0 0 -59 116 -2 -149 15 0 -29 0 0 0 0
-4 0 14 63 0 -65 0 -70 650 2 0 0 2 0 0 0 0 0 -169 0 0 0 0 0 53 18 0 46 -30 8 0 -17 0 0 0 -2 -7 16 0 2 0 0 0 -35 0 0 -2 0 0 -29 19 0 -76 0 0 -12 0 0 0 0
20 0 4 16 50 1 -33 8 2 -381 27 -17 301 0 -7 0 -3 0 8 0 -44 15 155 31 98 5 -174 0 -33 4 -64 46 -14 2 0 14 -89 0 -8 -9 -12 0 124 25 0 0 -67 0 0 177 -2 11 17 38 0 -18 0 1 0 0
0 0 0 0 19 0 0 12 0 27 373 -229 27 0 0 0 0 0 0 0 52 -14 0 0 0 0 0 0 34 0 -10 5 0 0 0 62 95 0 0 0 0 0 0 -24 0 0 65 0 0 0 0 61 -12 -38 0 -82 0 0 0 0
0 0 0 0 -12 0 0 -8 0 -17 -229 191 -17 0 0 0 0 0 0 0 -34 10 0 0 0 0 0 0 -22 0 8 -3 0 0 0 -42 -64 0 0 0 0 0 0 17 0 0 -43 0 0 0 0 -41 9 27 0 56 0 0 0 0
-18 0 4 16 -81 1 35 8 2 301 27 -17 -384 0 8 0 4 0 8 0 -43 11 -154 -30 -102 -6 -173 0 -21 1 83 46 15 -1 0 14 -74 0 9 11 -12 0 123 20 0 0 -43 0 0 -174 -2 11 12 29 0 -18 0 0 0 0
0 0 0 0 0 0 0 0 0 0 0 0 0 437 0 0 0 0 0 0 0 0 0 0 0 0 0 0 0 0 0 0 0 0 0 0 0 0 0 0 0 0 0 0 0 0 0 0 0 0 0 0 0 0 0 0 0 0 0 0
-101 0 0 0 2 30 0 0 0 -7 0 0 8 0 168 0 0 0 0 0 0 1 7 -2 2 -28 0 0 -1 0 0 0 0 0 0 0 -11 0 0 0 0 0 0 -52 0 0 -3 0 -4 3 0 0 1 1 0 0 0 0 0 0
-10 0 0 0 0 0 0 9 0 0 0 0 0 0 0 -477 0 0 0 0 0 0 0 0 0 36 0 0 0 0 0 0 0 0 0 0 0 0 0 0 0 0 0 0 0 0 0 0 0 0 -2 0 0 0 0 2 0 0 0 0
0 0 0 0 0 0 46 0 0 -3 0 0 4 0 0 0 314 0 0 0 0 0 -7 0 0 0 0 0 -130 0 0 0 95 2 0 0 218 0 12 0 0 0 0 -26 0 0 -253 0 0 0 0 0 50 0 0 0 0 26 0 0
0 0 0 0 0 0 0 0 0 0 0 0 0 0 0 0 0 -881 0 0 0 0 0 0 0 0 0 0 0 0 0 0 0 0 0 0 0 0 0 0 0 0 0 0 0 0 0 0 0 0 0 0 0 0 0 0 0 0 0 0
-23 0 68 301 0 -58 0 -339 -169 8 0 0 8 0 0 0 0 0 -135 0 0 0 0 0 280 86 0 40 -159 39 0 -84 0 0 0 -11 -6 14 0 6 0 0 0 -31 0 0 -1 0 0 -159 89 -2 -412 0 0 -59 0 0 0 0
0 0 0 0 0 0 0 0 0 0 0 0 0 0 0 0 0 0 0 -930 0 0 0 0 0 0 0 0 0 0 0 0 0 0 0 0 0 0 0 0 0 0 0 0 0 0 0 0 0 0 0 0 0 0 0 0 0 0 0 0
0 0 0 0 -15 0 0 -19 0 -44 52 -34 -43 0 0 0 0 0 0 0 198 13 0 0 0 0 0 0 -28 0 9 -7 0 0 0 -103 -80 0 0 0 0 0 0 22 0 0 -54 0 0 0 0 -101 11 33 0 138 0 0 0 0
0 0 0 -1 8 0 0 6 0 15 -14 10 11 0 1 0 0 0 0 0 13 -429 -1 0 -1 0 0 0 7 10 -4 3 0 0 0 30 20 0 0 2 0 0 0 -5 0 0 14 0 0 -1 0 30 -2 235 -61 -39 0 0 0 0
-16 0 0 0 -106 0 -77 0 0 155 0 0 -154 0 7 0 -7 0 0 0 0 -1 -467 -26 -87 -4 0 0 -1 3 -21 0 -32 4 0 0 19 0 -19 -22 0 0 0 -3 0 0 -3 0 0 -153 0 0 1 -3 0 0 0 1 0 0
410 0 0 0 -5 -119 0 0 0 31 0 0 -30 0 -2 0 0 0 0 0 0 0 -26 176 -6 115 0 0 7 0 4 0 0 0 0 0 46 0 0 0 0 0 0 213 0 0 14 0 18 -11 0 0 -2 0 0 0 0 0 0 0
4 0 -20 -92 -49 19 0 105 53 98 0 0 -102 0 2 0 0 0 280 0 0 -1 -87 -6 -171 -27 0 -12 -164 -11 29 27 0 0 0 4 9 -4 0 -1 0 0 0 8 0 0 6 0 0 223 -27 1 -437 -2 0 19 0 0 0 0
133 0 0 -49 0 60 0 -194 18 5 0 0 -6 0 -28 36 0 0 86 0 0 0 -4 115 -27 -723 0 -4 13 -6 1 15 0 0 0 0 -18 -1 0 0 0 0 0 -91 0 0 -5 0 -7 14 51 0 40 0 0 -28 0 0 0 0
0 0 0 0 0 0 0 9 0 -174 0 0 -173 0 0 0 0 0 0 0 0 0 0 0 0 0 697 0 0 0 0 -30 0 0 0 55 0 0 0 0 0 0 -176 0 0 0 0 0 0 0 0 14 0 0 0 -61 0 0 0 0
2 0 -3 -15 0 1 0 6 46 0 0 0 0 0 0 0 0 0 40 0 0 0 0 0 -12 -4 0 637 7 2 0 5 0 0 0 2 1 472 0 1 1 0 0 1 0 0 1 0 0 8 -46 -1 19 0 1 2 0 0 0 0
-14 0 12 53 -15 5 32 -72 -30 -33 34 -22 -21 0 -1 0 -130 0 -159 0 -28 7 -1 7 -164 13 0 7 -8 7 10 -19 66 2 0 -69 8 3 8 1 1 0 0 -9 5 0 -10 0 -5 100 16 -66 22 19 0 79 0 14 0 0
2 0 20 103 -6 3 0 26 8 4 0 0 1 0 0 0 0 0 39 0 0 10 3 0 -11 -6 0 2 7 -816 -12 -22 0 20 0 -3 1 -10 0 -55 0 0 0 2 0 0 1 0 0 7 -6 0 18 -3 18 1 0 0 0 0
2 0 0 0 -453 0 0 5 0 -64 -10 8 83 0 0 0 0 0 0 0 9 -4 -21 4 29 1 0 0 10 -12 -396 2 0 -414 0 21 27 0 0 92 0 0 0 -6 0 0 18 0 0 50 0 21 -3 -10 0 -27 0 0 0 0
-3 0 -41 -174 -2 -6 0 -56 -17 46 5 -3 46 0 0 0 0 0 -84 0 -7 3 0 0 27 15 -30 5 -19 -22 2 -594 0 0 0 10 -15 2 0 -2 -2 0 22 1 0 0 -9 0 0 -14 15 4 -36 6 0 -4 0 0 0 0
0 0 0 0 0 0 201 0 0 -14 0 0 15 0 0 0 95 0 0 0 0 0 -32 0 0 0 0 0 66 0 0 0 483 7 0 0 -109 0 50 0 0 0 0 14 0 0 127 0 0 0 0 0 -24 0 0 0 0 -9 0 0
0 0 0 0 -235 0 17 0 0 2 0 0 -1 0 0 0 2 0 0 0 0 0 4 0 0 0 0 0 2 20 -414 0 7 -309 0 0 -1 0 5 -147 0 0 0 1 0 0 3 0 0 0 0 0 0 0 0 0 0 0 0 0
0 0 0 0 0 0 0 0 0 0 0 0 0 0 0 0 0 0 0 0 0 0 0 0 0 0 0 0 0 0 0 0 0 0 84 0 0 0 0 0 0 0 0 0 0 0 0 0 0 0 0 0 0 0 0 0 0 0 0 0
0 0 -85 -25 -36 0 0 -43 -2 14 62 -42 14 0 0 0 0 0 -11 0 -103 30 0 0 4 0 55 2 -69 -3 21 10 0 0 0 312 -191 1 0 0 -71 0 -38 50 0 0 -130 0 0 -2 -8 108 21 78 0 285 0 0 0 0
-70 0 1 3 -45 103 -52 -40 -7 -89 95 -64 -74 0 -11 0 218 0 -6 0 -80 20 19 46 9 -18 0 1 8 1 27 -15 -109 -1 0 -191 -27 1 -13 1 1 0 0 -20 0 0 17 0 -37 11 -2 -188 -6 52 0 255 0 -22 0 0
1 0 -1 -3 0 1 0 3 16 0 0 0 0 0 0 0 0 0 14 0 0 0 0 0 -4 -1 0 472 3 -10 0 2 0 0 0 1 1 -559 0 -1 1 0 0 1 0 0 1 0 0 3 -16 0 7 0 -1 1 0 0 0 0
0 0 0 0 0 0 -55 0 0 -8 0 0 9 0 0 0 12 0 0 0 0 0 -19 0 0 0 0 0 8 0 0 0 50 5 0 0 -13 0 379 0 0 0 0 2 0 0 16 0 0 0 0 0 -2 0 0 0 0 -1 0 0
1 0 3 14 53 1 0 4 2 -9 0 0 11 0 0 0 0 0 6 0 0 2 -22 0 -1 0 0 1 1 -55 92 -2 0 -147 0 0 1 -1 0 -402 0 0 0 1 0 0 1 0 0 1 0 0 3 0 3 1 0 0 0 0
0 0 0 0 0 1 0 -7 0 -12 0 0 -12 0 0 0 0 0 0 0 0 0 0 0 0 0 0 1 1 0 0 -2 0 0 0 -71 1 1 0 0 486 0 0 1 0 0 1 0 0 0 -5 139 0 0 0 40 0 0 0 0
0 0 0 0 0 0 0 0 0 0 0 0 0 0 0 0 0 0 0 0 0 0 0 0 0 0 0 0 0 0 0 0 0 0 0 0 0 0 0 0 0 -153 0 0 0 0 0 0 0 0 0 0 0 0 0 0 0 0 0 0
0 0 0 0 0 0 0 -6 0 124 0 0 123 0 0 0 0 0 0 0 0 0 0 0 0 0 -176 0 0 0 0 22 0 0 0 -38 0 0 0 0 0 0 572 0 0 0 0 0 0 0 0 -9 0 0 0 44 0 0 0 0
-339 0 3 12 12 492 7 -6 -35 25 -24 17 20 0 -52 0 -26 0 -31 0 22 -5 -3 213 8 -91 0 1 -9 2 -6 1 14 1 0 50 -20 1 2 1 1 0 0 -114 0 0 -8 0 -180 -8 -9 49 -12 -13 0 -69 0 3 0 0
0 0 0 0 0 0 0 0 0 0 0 0 0 0 0 0 0 0 0 0 0 0 0 0 0 0 0 0 5 0 0 0 0 0 0 0 0 0 0 0 0 0 0 0 -1 0 -2 0 0 0 0 0 -1 0 0 0 0 0 0 0
0 0 0 0 0 0 0 0 0 0 0 0 0 0 0 0 0 0 0 0 0 0 0 0 0 0 0 0 0 0 0 0 0 0 0 0 0 0 0 0 0 0 0 0 0 -33 0 -322 0 0 0 0 0 0 0 0 0 0 0 0
-19 0 1 1 -31 30 61 -25 -2 -67 65 -43 -43 0 -3 0 -253 0 -1 0 -54 14 -3 14 6 -5 0 1 -10 1 18 -9 127 3 0 -130 17 1 16 1 1 0 0 -8 -2 0 -29 0 -10 8 0 -128 3 36 0 174 0 27 0 0
0 0 0 0 0 0 0 0 0 0 0 0 0 0 0 0 0 0 0 0 0 0 0 0 0 0 0 0 0 0 0 0 0 0 0 0 0 0 0 0 0 0 0 0 0 -322 0 525 0 0 0 0 0 0 0 0 0 0 0 0
-28 0 0 0 0 102 0 0 0 0 0 0 0 0 -4 0 0 0 0 0 0 0 0 18 0 -7 0 0 -5 0 0 0 0 0 0 0 -37 0 0 0 0 0 0 -180 0 0 -10 0 -460 0 0 0 3 0 0 0 0 0 0 0
-11 0 12 53 -86 -10 0 -59 -29 177 0 0 -174 0 3 0 0 0 -159 0 0 -1 -153 -11 223 14 0 8 100 7 50 -14 0 0 0 -2 11 3 0 1 0 0 0 -8 0 0 8 0 0 92 16 0 248 -4 0 -10 0 0 0 0
-14 0 0 -51 0 -18 0 116 19 -2 0 0 -2 0 0 -2 0 0 89 0 0 0 0 0 -27 51 0 -46 16 -6 0 15 0 0 0 -8 -2 -16 0 0 -5 0 0 -9 0 0 0 0 0 16 491 17 41 0 0 22 0 0 0 0
0 0 -21 -6 -36 0 0 -2 0 11 61 -41 11 0 0 0 0 0 -2 0 -101 30 0 0 1 0 14 -1 -66 0 21 4 0 0 0 108 -188 0 0 0 139 0 -9 49 0 0 -128 0 0 0 17 -11 25 77 0 48 0 0 0 0
-6 0 31 137 7 -32 -12 -149 -76 17 -12 9 12 0 1 0 50 0 -412 0 11 -2 1 -2 -437 40 0 19 22 18 -3 -36 -24 0 0 21 -6 7 -2 3 0 0 0 -12 -1 0 3 0 3 248 41 25 41 -6 0 -61 0 -5 0 0
0 0 0 1 19 0 0 15 0 38 -38 27 29 0 1 0 0 0 0 0 33 235 -3 0 -2 0 0 0 19 -3 -10 6 0 0 0 78 52 0 0 0 0 0 0 -13 0 0 36 0 0 -4 0 77 -6 94 24 -102 0 0 0 0
0 0 0 -2 0 0 0 0 0 0 0 0 0 0 0 0 0 0 0 0 0 -61 0 0 0 0 0 1 0 18 0 0 0 0 0 0 0 -1 0 3 0 0 0 0 0 0 0 0 0 0 0 0 0 24 -955 0 0 0 0 0
8 0 -78 6 49 -5 0 -29 -12 -18 -82 56 -18 0 0 2 0 0 -59 0 138 -39 0 0 19 -28 -61 2 79 1 -27 -4 0 0 0 285 255 1 0 1 40 0 44 -69 0 0 174 0 0 -10 22 48 -61 -102 0 276 0 0 0 0
0 0 0 0 0 0 0 0 0 0 0 0 0 0 0 0 0 0 0 0 0 0 0 0 0 0 0 0 0 0 0 0 0 0 0 0 0 0 0 0 0 0 0 0 0 0 0 0 0 0 0 0 0 0 0 0 -58 0 0 0
0 0 0 0 0 0 -4 0 0 1 0 0 0 0 0 0 26 0 0 0 0 0 1 0 0 0 0 0 14 0 0 0 -9 0 0 0 -22 0 -1 0 0 0 0 3 0 0 27 0 0 0 0 0 -5 0 0 0 0 561 0 0
0 0 0 0 0 0 0 0 0 0 0 0 0 0 0 0 0 0 0 0 0 0 0 0 0 0 0 0 0 0 0 0 0 0 0 0 0 0 0 0 0 0 0 0 0 0 0 0 0 0 0 0 0 0 0 0 0 0 -625 0
0 0 0 0 0 0 0 0 0 0 0 0 0 0 0 0 0 0 0 0 0 0 0 0 0 0 0 0 0 0 0 0 0 0 0 0 0 0 0 0 0 0 0 0 0 0 0 0 0 0 0 0 0 0 0 0 0 0 0 888

