Q_obj 
-312 0 0 0 0 0 0 0 0 0 0 0 0 0 0 0 0 0 0 0 0 0 0 0 0 0 0 0 0 0 0 0 0 0 0 0 0 0 0 0 0 178 0 0 0 0 0 0 0 0 0 0 0 0 0 0 0 0 0 0
0 32 -31 3 70 -4 240 245 0 -6 32 0 20 -2 -1 0 -93 0 45 2 -17 1 1 2 21 0 10 0 11 158 -46 64 -28 0 19 9 -20 1 98 0 0 0 15 4 0 97 -74 -1 12 13 22 0 0 -46 0 0 -19 -75 82 -25
0 -31 -82 0 -25 9 -46 0 0 2 0 0 0 0 0 1 0 0 -6 0 -25 0 0 0 -5 0 -18 0 0 -70 0 0 71 1 -6 -6 0 0 0 0 0 0 0 0 0 -21 28 0 341 0 -10 0 0 0 0 0 4 16 0 11
0 3 0 449 -4 0 3 0 0 8 0 0 0 0 0 -281 0 0 1 0 2 0 33 0 -21 0 0 0 0 5 0 0 0 -312 -27 -10 0 2 0 0 0 0 0 0 0 2 -1 0 0 0 1 0 0 0 0 0 16 -1 0 44
0 70 -25 -4 -768 0 91 0 0 -72 0 0 0 0 0 2 0 0 9 0 56 0 0 0 214 0 0 0 0 151 0 0 -24 2 -10 100 0 0 0 0 0 0 0 0 0 30 -38 0 0 0 15 0 0 0 0 0 7 -22 0 18
0 -4 9 0 0 -71 1 0 0 0 132 0 0 0 0 0 0 -56 0 -36 86 0 0 0 0 0 -251 0 0 -8 -136 0 123 0 0 0 284 0 0 0 0 0 108 0 0 0 0 0 -51 0 0 0 0 0 0 0 0 0 0 0
0 240 -46 3 91 1 -489 0 0 -6 0 0 0 0 0 0 0 0 22 0 191 0 1 0 18 0 -1 0 0 514 0 0 -80 -1 23 23 0 1 0 0 0 0 0 0 0 75 -95 0 20 0 36 0 0 0 0 0 -12 -56 0 -36
0 245 0 0 0 0 0 671 0 0 76 0 0 0 0 0 -25 0 7 0 0 1 0 0 0 0 0 0 33 -118 0 18 0 0 0 0 -45 0 266 0 0 0 27 2 0 0 -21 0 0 0 -3 0 0 0 0 0 0 0 109 0
0 0 0 0 0 0 0 0 344 0 0 0 0 0 0 0 1 0 0 0 0 1 15 0 0 35 0 101 0 0 0 0 0 0 -29 0 0 -292 0 0 0 0 0 1 19 0 0 0 0 0 1 0 -1 0 0 0 -5 0 0 -16
0 -6 2 8 -72 0 -6 0 0 -357 0 0 0 0 0 -2 0 0 7 0 -3 0 1 0 -225 0 0 0 0 -9 0 0 2 -2 19 23 0 1 0 0 0 0 0 0 0 24 -30 0 0 0 12 0 0 0 0 0 -10 -17 0 -29
0 32 0 0 0 132 0 76 0 0 -79 0 -26 0 0 0 10 116 -2 0 0 0 0 0 0 0 64 0 -353 -15 0 -6 0 0 0 0 286 0 217 0 0 0 -65 0 0 0 -2 0 0 0 2 0 0 1 0 0 0 0 -2 0
0 0 0 0 0 0 0 0 0 0 0 -495 0 0 0 0 0 0 0 0 0 0 0 0 0 0 0 0 0 0 0 0 0 0 0 0 0 0 0 0 0 0 0 0 0 0 0 0 0 0 0 0 0 0 0 0 0 0 0 0
0 20 0 0 0 0 0 0 0 0 -26 0 -334 0 11 0 1 0 0 0 0 0 0 0 0 0 0 0 0 -9 0 0 0 0 0 0 21 0 14 0 0 0 -21 0 0 0 -1 10 0 0 1 3 0 1 0 1 0 0 -55 0
0 -2 0 0 0 0 0 0 0 0 0 0 0 449 0 0 0 0 -47 0 0 0 0 0 0 0 0 0 0 1 0 0 0 0 0 0 0 0 0 0 0 0 0 0 0 0 -29 0 0 -266 -76 0 0 0 0 0 0 -17 0 0
0 -1 0 0 0 0 0 0 0 0 0 0 11 0 -391 0 1 0 0 0 0 0 0 0 0 0 0 0 0 1 0 0 0 0 0 0 1 0 1 0 0 0 0 0 0 0 1 -358 0 0 1 -105 0 1 0 0 0 0 6 0
0 0 1 -281 2 0 0 0 0 -2 0 0 0 0 0 -107 0 0 0 0 0 0 6 0 8 0 0 0 0 -1 0 0 1 -55 10 4 0 1 0 0 0 0 0 0 0 0 1 0 0 0 0 0 0 0 0 0 -5 1 0 -14
0 -93 0 0 0 0 0 -25 1 0 10 0 1 0 1 0 -773 0 237 0 0 10 1 0 0 0 0 0 0 46 0 -111 0 0 0 0 -7 0 68 0 0 0 9 60 1 0 9 1 0 0 -145 1 2 -245 0 1 0 0 -41 0
0 0 0 0 0 -56 0 0 0 0 116 0 0 0 0 0 0 -201 0 58 -74 0 0 0 0 0 44 0 0 0 115 0 -176 0 0 0 249 0 0 0 0 0 95 0 0 0 0 0 35 0 0 0 0 0 0 0 0 0 0 0
0 45 -6 1 9 0 22 7 0 7 -2 0 0 -47 0 0 237 0 493 0 14 -2 1 0 -20 1 0 1 1 24 0 -159 -5 0 2 31 2 1 -16 0 0 0 -1 -14 0 -116 59 0 0 297 -271 0 0 59 0 0 0 36 10 -1
0 2 0 0 0 -36 0 0 0 0 0 0 0 0 0 0 0 58 0 -332 2 0 0 0 0 0 -27 0 0 4 0 0 26 0 0 0 0 0 0 0 0 0 0 0 0 0 0 0 -5 0 0 0 0 0 0 0 0 0 0 0
0 -17 -25 2 56 86 191 0 0 -3 0 0 0 0 0 0 0 -74 14 2 571 0 1 0 11 0 -40 0 0 -26 163 0 204 0 15 14 0 1 0 0 0 0 0 0 0 47 -59 0 -35 0 22 0 0 0 0 0 -7 -34 0 -22
0 1 0 0 0 0 0 1 1 0 0 0 0 0 0 0 10 0 -2 0 0 105 1 0 0 -1 0 0 1 0 0 -6 0 0 -1 0 1 0 0 0 0 0 0 123 1 0 0 0 0 0 2 0 6 -7 0 367 0 0 1 0
0 1 0 33 0 0 1 0 15 1 0 0 0 0 0 6 1 0 1 0 1 1 577 0 0 1 0 5 0 1 0 0 0 72 -3 0 0 12 0 0 87 0 0 1 11 1 0 0 0 0 1 0 0 0 0 0 1 0 0 1
0 2 0 0 0 0 0 0 0 0 0 0 0 0 0 0 0 0 0 0 0 0 0 -378 0 0 0 0 0 0 0 0 0 0 0 0 0 0 0 0 0 0 0 0 0 0 16 0 0 0 0 0 0 0 0 0 149 -27 0 -51
0 21 -5 -21 214 0 18 0 0 -225 0 0 0 0 0 8 0 0 -20 0 11 0 0 0 225 0 0 0 0 27 0 0 -4 8 -53 -66 0 0 0 0 0 0 0 0 0 -68 89 0 0 0 -32 0 0 0 0 0 30 52 0 86
0 0 0 0 0 0 0 0 35 0 0 0 0 0 0 0 0 0 1 0 0 -1 1 0 0 484 0 53 0 0 0 1 0 0 512 0 0 -12 0 0 0 0 0 -10 -29 0 0 0 0 0 0 0 89 1 0 0 100 0 0 287
0 10 -18 0 0 -251 -1 0 0 0 64 0 0 0 0 0 0 44 0 -27 -40 0 0 0 0 0 203 0 0 20 74 0 67 0 0 0 137 0 0 0 0 0 52 0 0 0 0 0 46 0 0 0 0 0 0 0 0 0 0 0
0 0 0 0 0 0 0 0 101 0 0 0 0 0 0 0 0 0 1 0 0 0 5 0 0 53 0 -359 0 0 0 1 0 0 102 0 0 -97 0 0 0 0 0 -1 26 0 0 0 0 0 0 0 9 1 0 0 20 0 0 57
0 11 0 0 0 0 0 33 0 0 -353 0 0 0 0 0 0 0 1 0 0 1 0 0 0 0 0 0 -213 -5 0 1 0 0 0 0 -3 0 24 0 0 0 446 1 0 0 0 0 0 0 0 0 0 0 0 0 0 0 5 0
0 158 -70 5 151 -8 514 -118 0 -9 -15 0 -9 1 1 -1 46 0 24 4 -26 0 1 0 27 0 20 0 -5 319 -95 -30 -63 -1 39 43 10 1 -46 0 0 0 -7 -1 0 107 -159 1 25 -6 63 1 0 23 0 1 -16 -78 -39 -62
0 -46 0 0 0 -136 0 0 0 0 0 0 0 0 0 0 0 115 0 0 163 0 0 0 0 0 74 0 0 -95 382 0 -349 0 0 0 0 0 0 0 0 0 0 0 0 0 0 0 68 0 0 0 0 0 0 0 0 0 0 0
0 64 0 0 0 0 0 18 0 0 -6 0 0 0 0 0 -111 0 -159 0 0 -6 0 0 0 1 0 1 1 -30 0 -863 0 0 1 0 6 1 -45 0 0 0 -5 -39 0 0 -5 0 0 0 98 0 -1 166 0 0 1 0 28 1
0 -28 71 0 -24 123 -80 0 0 2 0 0 0 0 0 1 0 -176 -5 26 204 0 0 0 -4 0 67 0 0 -63 -349 0 333 1 -6 -6 0 0 0 0 0 0 0 0 0 -20 27 0 -181 0 -9 0 0 0 0 0 4 16 0 10
0 0 1 -312 2 0 -1 0 0 -2 0 0 0 0 0 -55 0 0 0 0 0 0 72 0 8 0 0 0 0 -1 0 0 1 -111 11 4 0 4 0 0 9 0 0 0 0 0 1 0 0 0 0 0 0 0 0 0 -5 1 0 -16
0 19 -6 -27 -10 0 23 0 -29 19 0 0 0 0 0 10 0 0 2 0 15 -1 -3 0 -53 512 0 102 0 39 0 1 -6 11 178 -86 0 45 0 0 0 0 0 -6 -36 4 -4 0 0 0 2 0 61 1 0 0 7 -2 0 20
0 9 -6 -10 100 0 23 0 0 23 0 0 0 0 0 4 0 0 31 0 14 0 0 0 -66 0 0 0 0 43 0 0 -6 4 -86 652 0 0 0 0 0 0 0 0 0 104 -132 0 0 0 50 0 0 0 0 0 48 -78 0 138
0 -20 0 0 0 284 0 -45 0 0 286 0 21 0 1 0 -7 249 2 0 0 1 0 0 0 0 137 0 -3 10 0 6 0 0 0 0 261 0 -158 0 0 0 237 1 0 0 2 1 0 0 -1 1 0 0 0 1 0 0 4 0
0 1 0 2 0 0 1 0 -292 1 0 0 0 0 0 1 0 0 1 0 1 0 12 0 0 -12 0 -97 0 1 0 1 0 4 45 0 0 358 0 0 5 0 0 0 -202 1 0 0 0 0 0 0 7 1 0 0 9 0 0 25
0 98 0 0 0 0 0 266 0 0 217 0 14 0 1 0 68 0 -16 0 0 0 0 0 0 0 0 0 24 -46 0 -45 0 0 0 0 -158 0 463 0 0 0 152 -3 0 0 -8 1 0 0 10 1 0 26 0 1 0 0 52 0
0 0 0 0 0 0 0 0 0 0 0 0 0 0 0 0 0 0 0 0 0 0 0 0 0 0 0 0 0 0 0 0 0 0 0 0 0 0 0 -23 0 0 0 0 0 0 0 0 0 0 0 0 0 0 0 0 0 0 0 0
0 0 0 0 0 0 0 0 0 0 0 0 0 0 0 0 0 0 0 0 0 0 87 0 0 0 0 0 0 0 0 0 0 9 0 0 0 5 0 0 803 0 0 0 0 0 0 0 0 0 0 0 0 0 0 0 0 0 0 0
178 0 0 0 0 0 0 0 0 0 0 0 0 0 0 0 0 0 0 0 0 0 0 0 0 0 0 0 0 0 0 0 0 0 0 0 0 0 0 0 0 -954 0 0 0 0 0 0 0 0 0 0 0 0 0 0 0 0 0 0
0 15 0 0 0 108 0 27 0 0 -65 0 -21 0 0 0 9 95 -1 0 0 0 0 0 0 0 52 0 446 -7 0 -5 0 0 0 0 237 0 152 0 0 0 -63 0 0 0 -1 0 0 0 2 0 0 1 0 0 0 0 -6 0
0 4 0 0 0 0 0 2 1 0 0 0 0 0 0 0 60 0 -14 0 0 123 1 0 0 -10 0 -1 1 -1 0 -39 0 0 -6 0 1 0 -3 0 0 0 0 868 2 0 0 0 0 0 9 1 38 -50 0 -57 -1 0 2 -3
0 0 0 0 0 0 0 0 19 0 0 0 0 0 0 0 1 0 0 0 0 1 11 0 0 -29 0 26 0 0 0 0 0 0 -36 0 0 -202 0 0 0 0 0 2 342 0 0 0 0 0 1 0 -10 0 0 0 -7 0 0 -20
0 97 -21 2 30 0 75 0 0 24 0 0 0 0 0 0 0 0 -116 0 47 0 1 0 -68 0 0 0 0 107 0 0 -20 0 4 104 0 1 0 0 0 0 0 0 0 298 512 0 0 0 -189 0 0 0 0 0 -1 301 0 -5
0 -74 28 -1 -38 0 -95 -21 0 -30 -2 0 -1 -29 1 1 9 0 59 0 -59 0 0 16 89 0 0 0 0 -159 0 -5 27 1 -4 -132 2 0 -8 0 0 0 -1 0 0 512 -10 1 0 183 101 1 0 5 0 1 -128 -424 -7 53
0 -1 0 0 0 0 0 0 0 0 0 0 10 0 -358 0 1 0 0 0 0 0 0 0 0 0 0 0 0 1 0 0 0 0 0 0 1 0 1 0 0 0 0 0 0 0 1 -403 0 0 1 62 0 1 0 1 0 0 6 0
0 12 341 0 0 -51 20 0 0 0 0 0 0 0 0 0 0 35 0 -5 -35 0 0 0 0 0 46 0 0 25 68 0 -181 0 0 0 0 0 0 0 0 0 0 0 0 0 0 0 -670 0 0 0 0 0 0 0 0 0 0 0
0 13 0 0 0 0 0 0 0 0 0 0 0 -266 0 0 0 0 297 0 0 0 0 0 0 0 0 0 0 -6 0 0 0 0 0 0 0 0 0 0 0 0 0 0 0 0 183 0 0 -395 483 0 0 0 0 0 0 108 0 0
0 22 -10 1 15 0 36 -3 1 12 2 0 1 -76 1 0 -145 0 -271 0 22 2 1 0 -32 0 0 0 0 63 0 98 -9 0 2 50 -1 0 10 0 0 0 2 9 1 -189 101 1 0 483 217 1 1 -36 0 1 0 58 -6 -2
0 0 0 0 0 0 0 0 0 0 0 0 3 0 -105 0 1 0 0 0 0 0 0 0 0 0 0 0 0 1 0 0 0 0 0 0 1 0 1 0 0 0 0 1 0 0 1 62 0 0 1 -592 0 1 0 -1 0 0 2 0
0 0 0 0 0 0 0 0 -1 0 0 0 0 0 0 0 2 0 0 0 0 6 0 0 0 89 0 9 0 0 0 -1 0 0 61 0 0 7 0 0 0 0 0 38 -10 0 0 0 0 0 1 0 574 -1 0 0 12 0 0 34
0 -46 0 0 0 0 0 0 0 0 1 0 1 0 1 0 -245 0 59 0 0 -7 0 0 0 1 0 1 0 23 0 166 0 0 1 0 0 1 26 0 0 0 1 -50 0 0 5 1 0 0 -36 1 -1 -431 0 1 1 0 -20 1
0 0 0 0 0 0 0 0 0 0 0 0 0 0 0 0 0 0 0 0 0 0 0 0 0 0 0 0 0 0 0 0 0 0 0 0 0 0 0 0 0 0 0 0 0 0 0 0 0 0 0 0 0 0 282 0 0 0 0 0
0 0 0 0 0 0 0 0 0 0 0 0 1 0 0 0 1 0 0 0 0 367 0 0 0 0 0 0 0 1 0 0 0 0 0 0 1 0 1 0 0 0 0 -57 0 0 1 1 0 0 1 -1 0 1 0 92 0 0 1 0
0 -19 4 16 7 0 -12 0 -5 -10 0 0 0 0 0 -5 0 0 0 0 -7 0 1 149 30 100 0 20 0 -16 0 1 4 -5 7 48 0 9 0 0 0 0 0 -1 -7 -1 -128 0 0 0 0 0 12 1 0 0 -518 226 0 235
0 -75 16 -1 -22 0 -56 0 0 -17 0 0 0 -17 0 1 0 0 36 0 -34 0 0 -27 52 0 0 0 0 -78 0 0 16 1 -2 -78 0 0 0 0 0 0 0 0 0 301 -424 0 0 108 58 0 0 0 0 0 226 468 0 -73
0 82 0 0 0 0 0 109 0 0 -2 0 -55 0 6 0 -41 0 10 0 0 1 0 0 0 0 0 0 5 -39 0 28 0 0 0 0 4 0 52 0 0 0 -6 2 0 0 -7 6 0 0 -6 2 0 -20 0 1 0 0 -228 0
0 -25 11 44 18 0 -36 0 -16 -29 0 0 0 0 0 -14 0 0 -1 0 -22 0 1 -51 86 287 0 57 0 -62 0 1 10 -16 20 138 0 25 0 0 0 0 0 -3 -20 -5 53 0 0 0 -2 0 34 1 0 0 235 -73 0 74

