Q_obj 
-54 126 0 0 296 0 0 0 0 0 -130 0 0 0 0 0 0 0 0 0 0 0 0 0 -14 1 0 0 0 0 0 0 -6 0 0 0 0 0 -36 0 0 0 0 11 -200 0 0 0 10 0 0 0 0 252 0 0 0 -146 0 291
126 302 0 0 50 0 0 0 0 0 -45 0 0 0 0 0 0 0 0 0 0 0 0 0 17 0 0 0 0 0 -204 0 17 0 2 0 0 0 -104 0 0 0 0 -13 -56 0 0 0 -11 0 0 0 1 43 0 0 0 -24 0 49
0 0 27 23 0 -19 49 -173 3 0 -95 48 0 1 -4 10 333 0 0 420 22 26 0 8 0 0 0 -117 -7 0 0 21 -44 -107 3 35 -40 0 0 -19 0 -11 -252 24 64 1 20 3 -26 -3 0 -7 -4 0 -30 0 0 0 0 0
0 0 23 51 50 -127 0 12 -1 0 -14 146 0 0 -13 0 -18 0 0 -17 12 0 0 0 0 0 0 0 0 -3 0 121 -6 251 1 0 12 0 0 -1 0 0 -12 1 10 1 -11 7 0 -11 0 0 2 43 0 0 0 174 0 0
296 50 0 50 -258 59 0 0 0 0 -107 0 0 0 0 0 0 0 0 0 0 0 0 0 0 1 0 0 0 2 0 0 40 0 0 0 0 0 -14 0 0 0 0 1 -133 0 0 0 1 0 0 0 0 -19 0 0 0 17 0 -312
0 0 -19 -127 59 12 0 -10 2 0 13 -124 0 1 12 0 17 0 0 16 -10 0 0 0 0 0 0 0 0 -4 0 -104 6 -215 0 0 -9 0 0 2 0 0 11 0 -8 0 11 -5 1 10 0 0 -1 50 0 0 0 203 0 0
0 0 49 0 0 0 -56 -14 0 0 20 0 0 0 0 115 0 0 0 60 42 -35 0 0 0 0 0 -213 144 0 0 0 10 0 2 -46 15 0 0 11 0 0 0 18 -13 1 0 0 -19 0 0 -26 2 0 -89 0 0 0 0 0
0 0 -173 12 0 -10 -14 -285 0 0 -27 26 0 5 -2 -2 -201 0 0 -7 38 -7 0 -31 0 0 0 35 3 0 0 11 -12 -57 0 -9 -234 0 0 6 0 48 72 -6 19 1 -7 2 8 -2 0 3 -27 0 9 0 0 0 0 0
0 0 3 -1 0 2 0 0 635 0 -12 -2 0 1 1 0 4 0 0 -1 10 0 0 0 0 0 0 0 0 0 0 -1 -5 7 0 0 -2 0 0 2 0 0 11 0 9 1 -110 0 1 1 0 0 0 0 0 0 0 0 0 0
0 0 0 0 0 0 0 0 0 -797 0 0 0 0 0 0 0 -97 0 0 0 0 0 -15 0 0 0 0 0 0 0 0 0 0 0 0 0 0 0 0 0 -10 0 0 0 0 0 0 0 0 0 0 0 0 0 0 0 0 0 0
-130 -45 -95 -14 -107 13 20 -27 -12 0 57 -31 0 1 3 0 43 0 0 38 69 -31 0 0 6 0 0 -30 10 0 0 -13 199 73 1 -42 -31 0 14 0 0 0 -7 -3 -208 1 -116 -1 -3 3 0 -3 -3 -91 -17 0 0 54 0 -105
0 0 48 146 0 -124 0 26 -2 0 -31 349 0 0 -62 0 -40 0 0 -38 26 0 0 0 0 0 0 0 0 0 0 261 -14 540 1 0 25 0 0 -3 0 0 -26 1 22 1 -25 35 0 -64 -63 0 3 0 0 0 0 0 0 0
0 0 0 0 0 0 0 0 0 0 0 0 -355 0 0 0 0 0 0 0 0 0 0 0 0 0 0 0 0 0 0 0 0 0 0 0 0 0 0 0 0 0 0 0 0 0 0 0 0 0 0 0 0 0 0 0 0 0 0 0
0 0 1 0 0 1 0 5 1 0 1 0 0 -74 1 0 10 0 0 -4 0 0 8 2 32 0 0 1 1 0 0 0 1 2 -1 0 9 0 0 0 0 -1 -4 23 0 0 1 0 21 1 0 1 -5 0 1 0 0 0 0 0
0 0 -4 -13 0 12 0 -2 1 0 3 -62 0 1 -336 0 4 0 0 4 -2 0 0 0 0 0 0 0 0 0 0 -23 2 -49 0 0 -2 0 0 1 0 0 3 0 -1 0 3 -3 1 6 6 0 0 0 0 0 0 0 0 0
0 0 10 0 0 0 115 -2 0 0 0 0 0 0 0 474 0 0 0 13 0 0 0 0 0 0 0 9 0 0 0 0 0 0 6 0 3 0 0 35 0 0 0 58 0 0 0 0 -64 0 0 -17 1 0 93 0 0 0 0 0
0 0 333 -18 0 17 0 -201 4 0 43 -40 0 10 4 0 -170 0 0 -205 -33 0 0 -45 0 0 0 0 0 0 0 -17 20 92 2 0 -469 0 0 -41 0 69 -365 11 -28 0 35 -1 -12 4 0 0 -56 0 0 0 0 0 0 0
0 0 0 0 0 0 0 0 0 -97 0 0 0 0 0 0 0 -439 0 0 0 0 0 60 0 0 0 0 0 0 0 0 0 0 0 0 0 0 0 0 0 40 0 0 0 0 0 0 0 0 0 0 0 0 0 0 0 0 0 0
0 0 0 0 0 0 0 0 0 0 0 0 0 0 0 0 0 0 -833 0 0 0 0 0 0 0 0 0 0 0 0 0 0 0 0 0 0 0 0 0 0 0 0 0 0 0 0 0 0 0 0 0 0 0 0 0 0 0 0 0
0 0 420 -17 0 16 60 -7 -1 0 38 -38 0 -4 4 13 -205 0 0 186 -95 32 0 0 0 0 0 -144 -9 0 0 -16 18 88 2 43 223 0 0 32 0 0 170 15 -25 0 -12 -1 -15 4 0 -8 27 0 -37 0 0 0 0 0
0 0 22 12 0 -10 42 38 10 0 69 26 0 0 -2 0 -33 0 0 -95 377 -66 0 0 0 0 0 -63 21 0 0 11 32 -57 0 -88 9 0 0 1 0 0 6 0 -45 9 93 2 1 -2 0 -8 2 0 -36 0 0 0 0 0
0 0 26 0 0 0 -35 -7 0 0 -31 0 0 0 0 0 0 0 0 32 -66 38 0 0 0 0 0 36 -29 0 0 0 -14 0 0 278 8 0 0 0 0 0 0 1 22 0 0 0 0 0 0 8 1 0 35 0 0 0 0 0
0 0 0 0 0 0 0 0 0 0 0 0 0 8 0 0 0 0 0 0 0 0 38 0 0 0 0 0 0 0 0 0 0 0 0 0 6 0 0 0 0 0 0 0 0 0 0 0 0 0 0 0 -44 0 0 0 0 0 0 0
0 0 8 0 0 0 0 -31 0 -15 0 0 0 2 0 0 -45 60 0 0 0 0 0 -169 0 0 0 0 0 0 0 0 0 0 0 0 -56 0 0 0 0 -405 0 0 0 0 0 0 0 0 0 0 -6 0 0 0 0 0 0 0
-14 17 0 0 0 0 0 0 0 0 6 0 0 32 0 0 0 0 0 0 0 0 0 0 -7 -12 0 0 0 0 0 0 -1 0 9 0 0 0 -4 0 0 0 0 -114 7 0 0 0 -102 0 0 0 7 0 0 0 0 1 0 0
1 0 0 0 1 0 0 0 0 0 0 0 0 0 0 0 0 0 0 0 0 0 0 0 -12 -323 0 0 0 0 0 0 1 0 0 0 0 0 1 0 0 0 0 10 0 0 0 0 9 0 0 0 0 1 0 0 0 0 0 1
0 0 0 0 0 0 0 0 0 0 0 0 0 0 0 0 0 0 0 0 0 0 0 0 0 0 587 0 0 0 0 0 0 0 0 0 0 0 0 0 0 0 0 0 0 0 0 0 0 0 0 0 0 0 0 0 0 0 0 0
0 0 -117 0 0 0 -213 35 0 0 -30 0 0 1 0 9 0 0 0 -144 -63 36 0 0 0 0 0 316 111 0 0 0 -14 0 -1 47 -34 0 0 -9 0 0 0 -16 21 0 0 0 18 0 0 34 -4 0 151 0 0 0 0 0
0 0 -7 0 0 0 144 3 0 0 10 0 0 1 0 0 0 0 0 -9 21 -29 0 0 0 0 0 111 -92 0 0 0 5 0 0 -38 -2 0 0 0 0 0 0 0 -6 1 0 0 0 0 0 -44 0 0 -194 0 0 0 0 0
0 0 0 -3 2 -4 0 0 0 0 0 0 0 0 0 0 0 0 0 0 0 0 0 0 0 0 0 0 0 -416 0 0 0 0 0 0 0 0 0 0 0 0 0 0 0 0 0 0 0 0 0 0 0 2 0 0 0 7 0 0
0 -204 0 0 0 0 0 0 0 0 0 0 0 0 0 0 0 0 0 0 0 0 0 0 0 0 0 0 0 0 498 0 0 0 0 0 0 0 -698 0 0 0 0 0 0 0 0 0 0 0 0 0 0 0 0 0 0 0 0 0
0 0 21 121 0 -104 0 11 -1 0 -13 261 0 0 -23 0 -17 0 0 -16 11 0 0 0 0 0 0 0 0 0 0 -257 -6 232 1 0 11 0 0 -1 0 0 -11 1 10 1 -10 11 0 -20 0 0 2 0 0 0 0 0 0 0
-6 17 -44 -6 40 6 10 -12 -5 0 199 -14 0 1 2 0 20 0 0 18 32 -14 0 0 -1 1 0 -14 5 0 0 -6 -732 34 0 -19 -14 0 -4 0 0 0 -3 2 -412 1 -54 0 2 2 0 -1 -1 34 -8 0 0 -19 0 39
0 0 -107 251 0 -215 0 -57 7 0 73 540 0 2 -49 0 92 0 0 88 -57 0 0 0 0 0 0 0 0 0 0 232 34 -256 0 0 -54 0 0 7 0 0 61 -1 -47 0 58 23 3 -42 0 0 -6 0 0 0 0 0 0 0
0 2 3 1 0 0 2 0 0 0 1 1 0 -1 0 6 2 0 0 2 0 0 0 0 9 0 0 -1 0 0 0 1 0 0 502 0 0 0 0 17 0 0 2 27 1 0 0 1 15 0 0 0 0 0 1 0 0 1 0 0
0 0 35 0 0 0 -46 -9 0 0 -42 0 0 0 0 0 0 0 0 43 -88 278 0 0 0 0 0 47 -38 0 0 0 -19 0 0 198 11 0 0 0 0 0 0 1 29 0 0 0 0 0 0 11 2 0 47 0 0 0 0 0
0 0 -40 12 0 -9 15 -234 -2 0 -31 25 0 9 -2 3 -469 0 0 223 9 8 6 -56 0 0 0 -34 -2 0 0 11 -14 -54 0 11 -443 0 0 28 0 85 219 -2 21 1 -20 2 3 -1 0 -2 -48 0 -8 0 0 0 0 0
0 0 0 0 0 0 0 0 0 0 0 0 0 0 0 0 0 0 0 0 0 0 0 0 0 0 0 0 0 0 0 0 0 0 0 0 0 -974 0 0 0 0 0 0 0 0 0 0 0 0 0 0 0 0 0 65 0 0 0 0
-36 -104 0 0 -14 0 0 0 0 0 14 0 0 0 0 0 0 0 0 0 0 0 0 0 -4 1 0 0 0 0 -698 0 -4 0 0 0 0 0 -24 0 0 0 0 4 17 0 0 0 4 0 0 0 0 -12 0 0 0 8 0 -14
0 0 -19 -1 0 2 11 6 2 0 0 -3 0 0 1 35 -41 0 0 32 1 0 0 0 0 0 0 -9 0 0 0 -1 0 7 17 0 28 0 0 56 0 0 -53 176 1 1 12 0 -194 1 0 0 3 0 2 0 0 0 0 0
0 0 0 0 0 0 0 0 0 0 0 0 0 0 0 0 0 0 0 0 0 0 0 0 0 0 0 0 0 0 0 0 0 0 0 0 0 0 0 0 -7 0 0 0 0 0 0 0 0 0 0 0 0 0 0 0 0 0 0 0
0 0 -11 0 0 0 0 48 0 -10 0 0 0 -1 0 0 69 40 0 0 0 0 0 -405 0 0 0 0 0 0 0 0 0 0 0 0 85 0 0 0 0 173 0 1 0 0 0 0 0 0 0 0 11 0 0 0 0 0 0 0
0 0 -252 -12 0 11 0 72 11 0 -7 -26 0 -4 3 0 -365 0 0 170 6 0 0 0 0 0 0 0 0 0 0 -11 -3 61 2 0 219 0 0 -53 0 0 -505 15 6 1 104 -1 -15 3 0 0 27 0 0 0 0 0 0 0
11 -13 24 1 1 0 18 -6 0 0 -3 1 0 23 0 58 11 0 0 15 0 1 0 0 -114 10 0 -16 0 0 0 1 2 -1 27 1 -2 0 4 176 0 1 15 275 -5 0 -3 1 -298 0 0 -1 3 1 3 0 0 0 0 1
-200 -56 64 10 -133 -8 -13 19 9 0 -208 22 0 0 -1 0 -28 0 0 -25 -45 22 0 0 7 0 0 21 -6 0 0 10 -412 -47 1 29 21 0 17 1 0 0 6 -5 -313 0 78 1 -4 -1 0 3 3 -113 12 0 0 67 0 -131
0 0 1 1 0 0 1 1 1 0 1 1 0 0 0 0 0 0 0 0 9 0 0 0 0 0 0 0 1 0 0 1 1 0 0 0 1 0 0 1 0 0 1 0 0 -614 1 1 1 0 0 0 1 0 0 0 0 0 0 0
0 0 20 -11 0 11 0 -7 -110 0 -116 -25 0 1 3 0 35 0 0 -12 93 0 0 0 0 0 0 0 0 0 0 -10 -54 58 0 0 -20 0 0 12 0 0 104 -3 78 1 -391 -1 4 3 0 0 -2 0 0 0 0 0 0 0
0 0 3 7 0 -5 0 2 0 0 -1 35 0 0 -3 0 -1 0 0 -1 2 0 0 0 0 0 0 0 0 0 0 11 0 23 1 0 2 0 0 0 0 0 -1 1 1 1 -1 -219 0 128 331 0 1 0 0 0 0 0 -117 0
10 -11 -26 0 1 1 -19 8 1 0 -3 0 0 21 1 -64 -12 0 0 -15 1 0 0 0 -102 9 0 18 0 0 0 0 2 3 15 0 3 0 4 -194 0 0 -15 -298 -4 1 4 0 340 1 0 2 6 1 -2 0 0 0 0 1
0 0 -3 -11 0 10 0 -2 1 0 3 -64 0 1 6 0 4 0 0 4 -2 0 0 0 0 0 0 0 0 0 0 -20 2 -42 0 0 -1 0 0 1 0 0 3 0 -1 0 3 128 1 -393 -624 0 0 0 0 0 0 0 -62 0
0 0 0 0 0 0 0 0 0 0 0 -63 0 0 6 0 0 0 0 0 0 0 0 0 0 0 0 0 0 0 0 0 0 0 0 0 0 0 0 0 0 0 0 0 0 0 0 331 0 -624 -47 0 0 0 0 0 0 0 0 0
0 0 -7 0 0 0 -26 3 0 0 -3 0 0 1 0 -17 0 0 0 -8 -8 8 0 0 0 0 0 34 -44 0 0 0 -1 0 0 11 -2 0 0 0 0 0 0 -1 3 0 0 0 2 0 0 -867 0 0 172 0 0 0 0 0
0 1 -4 2 0 -1 2 -27 0 0 -3 3 0 -5 0 1 -56 0 0 27 2 1 -44 -6 7 0 0 -4 0 0 0 2 -1 -6 0 2 -48 0 0 3 0 11 27 3 3 1 -2 1 6 0 0 0 -42 0 -1 0 0 1 0 0
252 43 0 43 -19 50 0 0 0 0 -91 0 0 0 0 0 0 0 0 0 0 0 0 0 0 1 0 0 0 2 0 0 34 0 0 0 0 0 -12 0 0 0 0 1 -113 0 0 0 1 0 0 0 0 -251 0 0 0 14 0 -266
0 0 -30 0 0 0 -89 9 0 0 -17 0 0 1 0 93 0 0 0 -37 -36 35 0 0 0 0 0 151 -194 0 0 0 -8 0 1 47 -8 0 0 2 0 0 0 3 12 0 0 0 -2 0 0 172 -1 0 -128 0 0 0 0 0
0 0 0 0 0 0 0 0 0 0 0 0 0 0 0 0 0 0 0 0 0 0 0 0 0 0 0 0 0 0 0 0 0 0 0 0 0 65 0 0 0 0 0 0 0 0 0 0 0 0 0 0 0 0 0 -365 0 0 0 0
0 0 0 0 0 0 0 0 0 0 0 0 0 0 0 0 0 0 0 0 0 0 0 0 0 0 0 0 0 0 0 0 0 0 0 0 0 0 0 0 0 0 0 0 0 0 0 0 0 0 0 0 0 0 0 0 -716 0 0 0
-146 -24 0 174 17 203 0 0 0 0 54 0 0 0 0 0 0 0 0 0 0 0 0 0 1 0 0 0 0 7 0 0 -19 0 1 0 0 0 8 0 0 0 0 0 67 0 0 0 0 0 0 0 1 14 0 0 0 -226 0 156
0 0 0 0 0 0 0 0 0 0 0 0 0 0 0 0 0 0 0 0 0 0 0 0 0 0 0 0 0 0 0 0 0 0 0 0 0 0 0 0 0 0 0 0 0 0 0 -117 0 -62 0 0 0 0 0 0 0 0 -93 0
291 49 0 0 -312 0 0 0 0 0 -105 0 0 0 0 0 0 0 0 0 0 0 0 0 0 1 0 0 0 0 0 0 39 0 0 0 0 0 -14 0 0 0 0 1 -131 0 0 0 1 0 0 0 0 -266 0 0 0 156 0 37

