Q_obj 
-852 0 0 0 -3 0 0 0 -3 0 75 -13 0 0 1 1 33 0 0 0 -7 0 -22 53 0 0 0 0 0 0 17 0 0 0 0 0 -11 0 17 0 0 0 0 0 0 0 8 0 0 9 0 0 20 0 0 0 0 0 112 0
0 84 -5 0 4 0 0 0 0 0 0 0 1 2 -25 17 -139 0 0 148 -4 0 -126 0 -4 0 0 0 0 0 98 0 0 0 0 -123 -8 0 -34 0 4 0 0 0 0 0 5 83 0 67 0 0 0 0 -4 0 1 0 0 0
0 -5 -564 1 -137 0 0 0 0 0 0 0 -23 -46 29 -14 -1 88 0 -187 0 49 -57 0 132 241 0 0 0 3 -74 3 0 0 -1 -69 40 0 -164 0 234 0 -19 0 0 0 1 -91 0 317 -31 21 1 0 4 0 -8 0 1 0
0 0 1 -500 -1 0 0 0 -1 0 -57 -5 0 0 1 5 14 0 0 0 -3 0 -9 -39 0 0 -81 0 0 -34 7 4 0 0 1 1 -4 0 7 0 1 0 -3 282 41 0 4 0 0 4 0 0 9 3 3 0 0 0 46 0
-3 4 -137 -1 -39 0 0 -67 17 0 4 -2 -51 -103 0 0 69 0 0 179 101 0 -163 3 -126 1 0 0 0 2 -137 0 0 0 0 0 51 62 156 0 91 0 1 2 0 0 -99 1 0 -301 0 1 -1 0 1 0 -18 0 7 0
0 0 0 0 0 -232 0 0 0 0 0 0 0 0 0 0 0 0 0 0 0 0 0 0 0 0 0 -42 0 0 0 0 0 0 0 0 0 0 0 0 0 0 0 0 0 0 0 0 0 0 0 0 0 0 0 0 0 0 0 0
0 0 0 0 0 0 -651 0 47 0 0 198 0 0 0 0 0 0 96 0 0 0 0 0 0 0 0 0 46 0 0 0 0 -318 -77 0 0 0 139 0 0 0 0 0 0 0 0 0 0 73 0 -7 0 0 0 0 0 0 0 0
0 0 0 0 -67 0 0 538 67 0 0 -15 0 0 0 0 0 0 0 0 200 0 0 0 0 0 0 0 0 0 0 0 0 0 0 0 -236 116 0 0 0 0 0 0 0 0 -198 0 0 0 0 0 0 0 0 0 0 0 0 0
-3 0 0 -1 17 0 47 67 291 0 4 -201 0 0 0 0 97 0 51 0 -98 0 -65 3 0 1 0 0 15 2 49 0 0 -103 3 0 58 -60 43 0 0 0 1 2 0 0 98 1 0 23 0 1 94 0 1 0 0 0 -75 0
0 0 0 0 0 0 0 0 0 -851 0 0 0 0 0 0 0 0 0 0 0 0 0 0 0 0 0 0 0 0 0 0 0 0 0 0 0 0 0 0 0 0 0 0 0 0 0 0 0 0 0 0 0 0 0 0 0 0 0 0
75 0 0 -57 4 0 0 0 4 0 -728 15 0 0 0 -10 -35 0 0 0 8 1 25 163 0 1 0 0 0 71 -17 -5 0 0 0 0 13 0 -17 0 0 0 11 45 0 0 -7 2 0 -9 1 1 -21 0 3 0 0 0 -120 0
-13 0 0 -5 -2 0 198 -15 -201 0 15 -315 0 0 0 0 -47 0 215 0 34 0 33 11 0 1 0 0 64 8 -23 0 0 -440 11 0 -10 15 -45 0 0 0 2 5 0 0 -33 1 0 -23 0 2 124 0 1 0 0 0 59 0
0 1 -23 0 -51 0 0 0 0 0 0 0 401 -269 0 0 1 0 0 31 0 0 142 0 50 0 0 0 0 0 192 0 0 0 0 0 15 0 27 0 16 0 0 0 0 0 0 0 0 -51 0 0 0 0 0 0 -50 0 0 0
0 2 -46 0 -103 0 0 0 0 0 0 0 -269 -1 0 0 1 0 0 62 0 0 281 0 99 0 0 0 0 0 381 0 0 0 0 0 30 0 54 0 31 0 0 0 0 0 0 0 0 -102 0 0 0 0 0 0 -94 0 0 0
1 -25 29 1 0 0 0 0 0 0 0 0 0 0 -150 -52 38 12 0 0 0 6 36 0 0 -151 0 0 0 3 -26 -5 0 0 2 0 0 0 1 0 43 0 1 0 0 0 1 -242 0 1 -4 -11 1 0 14 0 0 0 1 0
1 17 -14 5 0 0 0 0 0 0 -10 0 0 0 -52 -210 -21 -7 0 0 0 -11 -23 -7 0 88 18 0 0 59 18 -83 0 0 0 3 0 0 1 -45 -21 0 -93 -1 -4 0 1 171 0 1 -8 7 2 0 211 0 0 0 7 0
33 -139 -1 14 69 0 0 0 97 0 -35 -47 1 1 38 -21 19 0 0 42 134 0 315 -24 -1 0 0 0 0 -16 -230 2 0 0 1 180 235 0 19 0 2 0 -2 -10 0 0 -132 -120 0 34 0 0 35 0 6 0 1 0 -91 0
0 0 88 0 0 0 0 0 0 0 0 0 0 0 12 -7 0 36 0 0 0 -67 0 0 0 99 0 0 0 0 0 0 0 0 4 -28 0 0 0 0 133 0 0 0 0 0 0 -36 0 0 45 -36 0 0 2 0 0 0 0 0
0 0 0 0 0 0 96 0 51 0 0 215 0 0 0 0 0 0 -639 0 0 0 0 0 0 0 0 0 50 0 0 0 0 -346 6 0 0 0 151 0 0 0 0 0 0 0 0 0 0 79 0 1 0 0 0 0 0 0 0 0
0 148 -187 0 179 0 0 0 0 0 0 0 31 62 0 0 42 0 0 636 0 0 113 0 -171 0 0 0 0 0 70 0 0 0 0 0 -51 0 -106 0 124 0 0 0 0 0 0 0 0 205 0 0 0 0 0 0 11 0 0 0
-7 -4 0 -3 101 0 0 200 -98 0 8 34 0 0 0 0 134 0 0 0 -51 0 -80 6 0 1 0 0 0 4 60 0 0 0 0 -1 349 -180 -11 0 0 0 1 3 0 0 -72 1 0 -5 0 1 -13 0 1 0 0 0 29 0
0 0 49 0 0 0 0 0 0 0 1 0 0 0 6 -11 0 -67 0 0 0 23 0 1 0 54 0 0 0 0 0 10 0 0 2 -15 0 0 0 0 73 0 0 0 0 0 0 -18 0 0 -126 -20 0 0 3 0 0 0 0 0
-22 -126 -57 -9 -163 0 0 0 -65 0 25 33 142 281 36 -23 315 0 0 113 -80 0 263 17 117 1 0 0 0 12 174 -1 0 0 0 173 -108 0 36 0 38 0 2 8 0 0 80 -115 0 -115 0 1 -23 0 7 0 50 0 63 0
53 0 0 -39 3 0 0 0 3 0 163 11 0 0 0 -7 -24 0 0 0 6 1 17 -848 0 1 0 0 0 50 -12 -3 0 0 0 0 9 0 -12 0 0 0 8 32 0 0 -5 2 0 -6 1 1 -14 0 2 0 0 0 -84 0
0 -4 132 0 -126 0 0 0 0 0 0 0 50 99 0 0 -1 0 0 -171 0 0 117 0 -183 0 0 0 0 0 162 0 0 0 0 0 37 0 -150 0 -86 0 0 0 0 0 0 0 0 290 0 0 0 0 0 0 18 0 0 0
0 0 241 0 1 0 0 0 1 0 1 1 0 0 -151 88 0 99 0 0 1 54 1 1 0 -312 0 0 0 -6 0 -6 0 0 10 376 1 0 0 0 366 0 50 1 0 0 0 496 0 0 -35 -100 0 0 -23 0 0 0 0 0
0 0 0 -81 0 0 0 0 0 0 0 0 0 0 0 18 0 0 0 0 0 0 0 0 0 0 -773 0 0 0 0 0 0 0 0 0 0 0 0 -8 0 0 0 -103 319 0 0 0 0 0 0 0 0 17 65 0 0 0 0 0
0 0 0 0 0 -42 0 0 0 0 0 0 0 0 0 0 0 0 0 0 0 0 0 0 0 0 0 301 0 0 0 0 0 0 0 0 0 0 0 0 0 0 0 0 0 0 0 0 0 0 0 0 0 0 0 0 0 0 0 0
0 0 0 0 0 0 46 0 15 0 0 64 0 0 0 0 0 0 50 0 0 0 0 0 0 0 0 0 367 0 0 0 0 96 3 0 0 0 45 0 0 0 0 0 0 0 0 0 0 24 0 1 0 0 0 0 0 0 0 0
0 0 3 -34 2 0 0 0 2 0 71 8 0 0 3 59 -16 0 0 0 4 0 12 50 0 -6 0 0 0 -894 -8 50 0 0 1 2 6 0 -8 0 4 0 -66 28 0 0 -3 -8 0 -4 0 -1 -10 0 -15 0 0 0 -56 0
17 98 -74 7 -137 0 0 0 49 0 -17 -23 192 381 -26 18 -230 0 0 70 60 0 174 -12 162 0 0 0 0 -8 368 2 0 0 1 -126 155 0 108 0 50 0 -1 -5 0 0 -58 86 0 -172 0 0 18 0 -4 0 67 0 -45 0
0 0 3 4 0 0 0 0 0 0 -5 0 0 0 -5 -83 2 0 0 0 0 10 -1 -3 0 -6 0 0 0 50 2 -266 0 0 1 3 0 0 1 0 5 0 -77 -2 0 0 1 19 0 1 14 -1 2 0 23 0 0 0 7 0
0 0 0 0 0 0 0 0 0 0 0 0 0 0 0 0 0 0 0 0 0 0 0 0 0 0 0 0 0 0 0 0 -801 0 0 0 0 0 0 0 0 0 0 0 0 0 0 0 131 0 0 0 0 0 0 0 0 0 0 0
0 0 0 0 0 0 -318 0 -103 0 0 -440 0 0 0 0 0 0 -346 0 0 0 0 0 0 0 0 0 96 0 0 0 0 70 -16 0 0 0 -309 0 0 0 0 0 0 0 0 0 0 -160 0 -1 0 0 0 0 0 0 0 0
0 0 -1 1 0 0 -77 0 3 0 0 11 0 0 2 0 1 4 6 0 0 2 0 0 0 10 0 0 3 1 1 1 0 -16 787 -2 0 0 8 0 -2 0 0 0 0 0 1 -3 0 4 -1 83 1 0 1 0 0 0 1 0
0 -123 -69 1 0 0 0 0 0 0 0 0 0 0 0 3 180 -28 0 0 -1 -15 173 0 0 376 0 0 0 2 -126 3 0 0 -2 677 -2 0 1 0 -104 0 -14 0 0 0 2 1 0 1 11 29 1 0 0 0 0 0 1 0
-11 -8 40 -4 51 0 0 -236 58 0 13 -10 15 30 0 0 235 0 0 -51 349 0 -108 9 37 1 0 0 0 6 155 0 0 0 0 -2 124 215 -48 0 -25 0 1 4 0 0 -346 2 0 85 0 1 -4 0 1 0 6 0 22 0
0 0 0 0 62 0 0 116 -60 0 0 15 0 0 0 0 0 0 0 0 -180 0 0 0 0 0 0 0 0 0 0 0 0 0 0 0 215 -543 0 0 0 0 0 0 0 0 180 0 0 0 0 0 0 0 0 0 0 0 0 0
17 -34 -164 7 156 0 139 0 43 0 -17 -45 27 54 1 1 19 0 151 -106 -11 0 36 -12 -150 0 0 0 45 -8 108 1 0 -309 8 1 -48 0 -208 0 109 0 -1 -5 0 0 12 0 0 -277 0 1 -162 0 0 0 10 0 -45 0
0 0 0 0 0 0 0 0 0 0 0 0 0 0 0 -45 0 0 0 0 0 0 0 0 0 0 -8 0 0 0 0 0 0 0 0 0 0 0 0 210 0 0 0 0 0 0 0 0 0 0 0 0 0 0 -169 0 0 0 0 0
0 4 234 1 91 0 0 0 0 0 0 0 16 31 43 -21 2 133 0 124 0 73 38 0 -86 366 0 0 0 4 50 5 0 0 -2 -104 -25 0 109 0 -363 0 -30 0 0 0 1 -138 0 -208 -47 31 1 0 6 0 6 0 1 0
0 0 0 0 0 0 0 0 0 0 0 0 0 0 0 0 0 0 0 0 0 0 0 0 0 0 0 0 0 0 0 0 0 0 0 0 0 0 0 0 0 -593 0 0 0 0 0 0 0 0 0 0 0 0 0 -28 0 0 0 -8
0 0 -19 -3 1 0 0 0 1 0 11 2 0 0 1 -93 -2 0 0 0 1 0 2 8 0 50 0 0 0 -66 -1 -77 0 0 0 -14 1 0 -1 0 -30 0 -422 5 1 0 0 -1 0 0 0 9 -1 1 25 0 0 0 -8 0
0 0 0 282 2 0 0 0 2 0 45 5 0 0 0 -1 -10 0 0 0 3 0 8 32 0 1 -103 0 0 28 -5 -2 0 0 0 0 4 0 -5 0 0 0 5 -363 52 0 -2 1 0 -2 0 1 -6 3 6 0 0 0 -35 0
0 0 0 41 0 0 0 0 0 0 0 0 0 0 0 -4 0 0 0 0 0 0 0 0 0 0 319 0 0 0 0 0 0 0 0 0 0 0 0 0 0 0 1 52 -284 0 0 0 0 0 0 0 0 -43 -15 0 0 0 0 0
0 0 0 0 0 0 0 0 0 0 0 0 0 0 0 0 0 0 0 0 0 0 0 0 0 0 0 0 0 0 0 0 0 0 0 0 0 0 0 0 0 0 0 0 0 -191 0 0 0 0 0 0 0 0 0 0 0 66 0 0
8 5 1 4 -99 0 0 -198 98 0 -7 -33 0 0 1 1 -132 0 0 0 -72 0 80 -5 0 0 0 0 0 -3 -58 1 0 0 1 2 -346 180 12 0 1 0 0 -2 0 0 -52 0 0 6 0 0 14 0 0 0 0 0 -28 0
0 83 -91 0 1 0 0 0 1 0 2 1 0 0 -242 171 -120 -36 0 0 1 -18 -115 2 0 496 0 0 0 -8 86 19 0 0 -3 1 2 0 0 0 -138 0 -1 1 0 0 0 567 0 0 16 39 0 0 -45 0 0 0 0 0
0 0 0 0 0 0 0 0 0 0 0 0 0 0 0 0 0 0 0 0 0 0 0 0 0 0 0 0 0 0 0 0 131 0 0 0 0 0 0 0 0 0 0 0 0 0 0 0 -544 0 0 0 0 0 0 0 0 0 0 0
9 67 317 4 -301 0 73 0 23 0 -9 -23 -51 -102 1 1 34 0 79 205 -5 0 -115 -6 290 0 0 0 24 -4 -172 1 0 -160 4 1 85 0 -277 0 -208 0 0 -2 0 0 6 0 0 181 0 1 -84 0 0 0 -18 0 -23 0
0 0 -31 0 0 0 0 0 0 0 1 0 0 0 -4 -8 0 45 0 0 0 -126 0 1 0 -35 0 0 0 0 0 14 0 0 -1 11 0 0 0 0 -47 0 0 0 0 0 0 16 0 0 -87 14 0 0 3 0 0 0 0 0
0 0 21 0 1 0 -7 0 1 0 1 2 0 0 -11 7 0 -36 1 0 1 -20 1 1 0 -100 0 0 1 -1 0 -1 0 -1 83 29 1 0 1 0 31 0 9 1 0 0 0 39 0 1 14 -52 0 0 -1 0 0 0 0 0
20 0 1 9 -1 0 0 0 94 0 -21 124 0 0 1 2 35 0 0 0 -13 0 -23 -14 0 0 0 0 0 -10 18 2 0 0 1 1 -4 0 -162 0 1 0 -1 -6 0 0 14 0 0 -84 0 0 -249 0 0 0 0 0 -54 0
0 0 0 3 0 0 0 0 0 0 0 0 0 0 0 0 0 0 0 0 0 0 0 0 0 0 17 0 0 0 0 0 0 0 0 0 0 0 0 0 0 0 1 3 -43 0 0 0 0 0 0 0 0 546 0 0 0 0 0 0
0 -4 4 3 1 0 0 0 1 0 3 1 0 0 14 211 6 2 0 0 1 3 7 2 0 -23 65 0 0 -15 -4 23 0 0 1 0 1 0 0 -169 6 0 25 6 -15 0 0 -45 0 0 3 -1 0 0 520 0 0 0 -1 0
0 0 0 0 0 0 0 0 0 0 0 0 0 0 0 0 0 0 0 0 0 0 0 0 0 0 0 0 0 0 0 0 0 0 0 0 0 0 0 0 0 -28 0 0 0 0 0 0 0 0 0 0 0 0 0 -257 0 0 0 -183
0 1 -8 0 -18 0 0 0 0 0 0 0 -50 -94 0 0 1 0 0 11 0 0 50 0 18 0 0 0 0 0 67 0 0 0 0 0 6 0 10 0 6 0 0 0 0 0 0 0 0 -18 0 0 0 0 0 0 527 0 0 0
0 0 0 0 0 0 0 0 0 0 0 0 0 0 0 0 0 0 0 0 0 0 0 0 0 0 0 0 0 0 0 0 0 0 0 0 0 0 0 0 0 0 0 0 0 66 0 0 0 0 0 0 0 0 0 0 0 133 0 0
112 0 1 46 7 0 0 0 -75 0 -120 59 0 0 1 7 -91 0 0 0 29 0 63 -84 0 0 0 0 0 -56 -45 7 0 0 1 1 22 0 -45 0 1 0 -8 -35 0 0 -28 0 0 -23 0 0 -54 0 -1 0 0 0 -642 0
0 0 0 0 0 0 0 0 0 0 0 0 0 0 0 0 0 0 0 0 0 0 0 0 0 0 0 0 0 0 0 0 0 0 0 0 0 0 0 0 0 -8 0 0 0 0 0 0 0 0 0 0 0 0 0 -183 0 0 0 295

