Q_obj 
257 -5 -10 -7 0 0 0 4 0 11 -11 -37 28 12 0 0 9 2 0 125 0 18 52 3 6 0 0 0 -62 0 21 -17 -1 24 -6 0 0 0 0 0 0 10 0 -52 0 0 7 11 62 0 0 0 31 5 16 0 -13 0 0 -35
-5 -60 -18 0 0 0 17 26 0 32 14 -7 -1 -54 0 0 108 0 -3 -5 0 131 -81 5 0 0 0 28 -30 0 -24 -5 2 165 55 0 0 23 0 -3 0 0 0 25 -9 0 0 4 13 0 0 21 -144 2 -5 0 0 0 0 -37
-10 -18 -166 0 0 0 0 -1 0 0 3 -14 -14 12 0 0 45 -151 -49 30 0 -9 -18 -114 0 0 0 11 -51 0 -4 -15 1 -12 -20 0 0 271 0 -55 0 0 0 -47 0 0 0 -6 24 0 0 0 32 -14 72 0 0 0 0 72
-7 0 0 -56 0 0 13 0 0 65 0 2 1 6 0 0 0 0 0 0 0 -2 0 0 153 0 0 0 -37 0 0 0 0 3 -36 0 25 -2 0 0 0 -177 0 0 0 0 171 0 -2 0 0 -9 15 0 0 0 -363 0 0 -34
0 0 0 0 -623 0 0 0 0 0 0 0 0 -243 -22 0 0 0 0 0 0 0 0 0 0 -50 0 0 0 0 0 0 0 0 0 19 0 0 0 0 0 0 -23 0 0 0 0 0 0 0 23 0 92 0 0 0 0 -78 0 0
0 0 0 0 0 573 0 0 0 0 0 0 0 0 0 0 0 0 0 0 0 0 0 0 0 0 0 0 0 0 0 0 0 0 0 0 0 0 0 0 0 0 0 0 0 0 0 0 0 0 0 0 0 0 0 0 0 0 0 0
0 17 0 13 0 0 356 0 0 -110 0 0 1 3 0 0 0 0 0 0 0 0 0 0 6 0 0 0 2 0 0 52 0 0 -194 0 6 -14 0 0 0 -17 0 -16 0 0 7 0 0 0 0 -202 8 0 0 0 -14 0 0 2
4 26 -1 0 0 0 0 555 0 0 -8 5 2 -16 0 0 20 0 0 4 0 -94 38 1 0 0 0 3 -10 0 16 -4 -1 -119 0 0 0 2 0 0 0 0 0 -13 0 0 0 -2 -7 0 0 0 -43 1 0 0 0 0 0 -10
0 0 0 0 0 0 0 0 -737 0 0 0 0 0 0 0 0 0 0 0 0 0 0 0 0 0 0 0 0 0 0 0 0 0 0 0 0 0 0 0 0 0 0 0 0 0 0 0 0 0 0 0 0 0 0 0 0 0 0 0
11 32 0 65 0 0 -110 0 0 -567 0 -2 1 -2 0 0 0 0 0 0 0 16 0 0 -48 0 0 0 60 0 0 102 0 -12 -47 0 0 -3 0 0 0 -87 0 -33 0 0 -54 0 4 0 0 -138 -7 0 0 0 116 0 0 55
-11 14 3 0 0 0 0 -8 0 0 -271 -15 -28 -8 0 0 -1 -7 0 -22 0 -45 -8 0 0 0 0 0 -3 0 -536 8 37 -56 0 0 0 0 0 0 0 0 0 23 0 0 0 82 26 0 0 0 -23 4 -2 0 0 0 0 -7
-37 -7 -14 2 0 0 0 5 0 -2 -15 33 38 4 0 0 13 3 0 170 0 25 71 4 -1 0 0 0 -1 0 28 -23 -1 31 2 0 0 1 0 0 0 -1 0 -70 0 0 -1 15 -37 0 0 0 9 7 21 0 3 0 0 30
28 -1 -14 1 0 0 1 2 0 1 -28 38 350 2 0 0 -7 47 1 -5 0 6 -42 4 -5 0 0 1 -14 0 60 -34 237 8 1 0 0 1 8 1 0 0 0 -103 0 -9 31 394 -62 0 0 1 3 86 37 0 13 0 0 17
12 -54 12 6 -243 0 3 -16 0 -2 -8 4 2 294 0 0 -69 0 3 4 0 -84 54 -2 -4 -77 0 -18 29 0 16 -6 -1 -106 16 6 0 -10 0 3 0 -7 -7 -12 7 0 -4 -2 -5 0 7 4 -61 0 4 0 10 -23 0 33
0 0 0 0 -22 0 0 0 0 0 0 0 0 0 -743 0 0 0 0 0 0 0 0 0 0 0 0 0 0 0 0 0 0 0 0 -47 0 0 0 0 0 0 59 0 0 0 0 0 0 0 -54 0 0 0 0 0 0 195 0 0
0 0 0 0 0 0 0 0 0 0 0 0 0 0 0 -460 0 0 0 0 0 0 0 0 0 0 0 0 0 0 0 0 0 0 0 0 0 0 0 0 0 0 0 0 0 0 0 0 0 0 0 0 0 0 0 0 0 0 -657 0
9 108 45 0 0 0 0 20 0 0 -1 13 -7 -69 0 0 398 7 9 18 0 99 64 -10 0 0 0 -118 -59 0 3 -5 0 125 4 0 0 -45 0 10 0 0 0 -17 -18 0 0 -4 -20 0 0 0 -185 -6 17 0 0 0 0 -25
2 0 -151 0 0 0 0 0 0 0 -7 3 47 0 0 0 7 -71 0 -35 0 0 35 37 0 0 0 0 -162 0 14 37 0 0 0 0 0 1 0 0 0 0 0 112 0 0 0 21 -3 0 0 0 0 -40 197 0 0 0 0 178
0 -3 -49 0 0 0 0 0 0 0 0 0 1 3 0 0 9 0 -433 0 0 -1 -1 12 0 0 0 2 15 0 0 0 0 -2 12 0 0 -148 0 -343 0 0 0 0 0 0 0 0 0 0 0 0 6 4 -15 0 0 0 0 -12
125 -5 30 0 0 0 0 4 0 0 -22 170 -5 4 0 0 18 -35 0 383 0 18 103 -7 0 0 0 0 34 0 41 36 -2 22 0 0 0 0 0 0 0 0 0 108 0 0 0 -10 -278 0 0 0 9 8 -38 0 0 0 0 -32
0 0 0 0 0 0 0 0 0 0 0 0 0 0 0 0 0 0 0 0 -714 0 0 0 0 0 0 0 0 0 0 0 0 0 0 0 0 0 0 0 0 0 0 0 0 0 0 0 0 0 0 0 0 0 0 0 0 0 0 0
18 131 -9 -2 0 0 0 -94 0 16 -45 25 6 -84 0 0 99 0 -1 18 0 -309 196 3 3 0 0 15 -54 0 82 -22 -5 -310 -9 0 0 9 0 -1 0 4 0 -68 -4 0 3 -11 -40 0 0 0 -223 1 -3 0 -4 0 0 -55
52 -81 -18 0 0 0 0 38 0 0 -8 71 -42 54 0 0 64 35 -1 103 0 196 752 5 0 0 0 21 26 0 16 -34 -1 246 0 0 0 8 0 -1 0 0 0 -102 4 0 0 -24 -115 0 0 0 141 -17 8 0 0 0 0 42
3 5 -114 0 0 0 0 1 0 0 0 4 4 -2 0 0 -10 37 12 -7 0 3 5 -613 0 0 0 -2 13 0 2 4 0 3 6 0 0 -65 0 14 0 0 0 12 0 0 0 2 -5 0 0 0 -7 4 -17 0 0 0 0 -17
6 0 0 153 0 0 6 0 0 -48 0 -1 -5 -4 0 0 0 0 0 0 0 3 0 0 -352 0 0 0 29 0 3 0 5 -1 28 0 12 3 61 0 0 -206 0 0 0 -73 73 11 2 0 0 -4 -11 0 0 0 -48 0 0 26
0 0 0 0 -50 0 0 0 0 0 0 0 0 -77 0 0 0 0 0 0 0 0 0 0 0 728 0 0 0 0 0 0 0 0 0 2 0 0 0 0 0 0 -1 0 0 0 0 0 0 0 2 0 30 0 0 0 0 -4 0 0
0 0 0 0 0 0 0 0 0 0 0 0 0 0 0 0 0 0 0 0 0 0 0 0 0 0 -878 0 0 0 0 0 0 0 0 0 0 0 0 0 0 0 0 0 0 0 0 0 0 0 0 0 0 0 0 0 0 0 0 0
0 28 11 0 0 0 0 3 0 0 0 0 1 -18 0 0 -118 0 2 0 0 15 21 -2 0 0 0 878 -14 0 0 0 0 19 1 0 0 -10 0 3 0 0 0 0 -4 0 0 0 0 0 0 0 -48 0 4 0 0 0 0 -7
-62 -30 -51 -37 0 0 2 -10 0 60 -3 -1 -14 29 0 0 -59 -162 15 34 0 -54 26 13 29 0 0 -14 -89 0 6 -21 0 -63 -19 0 0 -81 0 17 -130 51 0 -59 4 0 32 -8 3 0 0 3 75 -65 316 0 -67 0 0 -149
0 0 0 0 0 0 0 0 0 0 0 0 0 0 0 0 0 0 0 0 0 0 0 0 0 0 0 0 0 91 0 0 0 0 0 18 0 0 0 0 0 0 136 0 0 0 0 0 0 0 -126 0 0 0 0 0 0 -72 0 0
21 -24 -4 0 0 0 0 16 0 0 -536 28 60 16 0 0 3 14 0 41 0 82 16 2 3 0 0 0 6 0 401 -13 -72 103 0 0 0 1 -3 0 0 0 0 -40 0 5 -12 -163 -45 0 0 0 42 -7 5 0 -5 0 0 15
-17 -5 -15 0 0 0 52 -4 0 102 8 -23 -34 -6 0 0 -5 37 0 36 0 -22 -34 4 0 0 0 0 -21 0 -13 441 1 -28 178 0 0 14 0 0 0 0 0 -52 0 0 0 -14 39 0 0 65 -17 -16 19 0 0 0 0 15
-1 2 1 0 0 0 0 -1 0 0 37 -1 237 -1 0 0 0 0 0 -2 0 -5 -1 0 5 0 0 0 0 0 -72 1 597 -6 0 0 0 1 -7 0 0 0 0 3 0 10 -29 -469 4 0 0 0 -2 1 0 0 -11 0 0 0
24 165 -12 3 0 0 0 -119 0 -12 -56 31 8 -106 0 0 125 0 -2 22 0 -310 246 3 -1 0 0 19 -63 0 103 -28 -6 -453 7 0 0 13 0 -2 0 -2 0 -86 -6 0 -1 -14 -50 0 0 0 -283 1 -3 0 4 0 0 -64
-6 55 -20 -36 0 0 -194 0 0 -47 0 2 1 16 0 0 4 0 12 0 0 -9 0 6 28 0 0 1 -19 0 0 178 0 7 -620 0 0 -42 0 13 0 50 0 -58 0 0 31 0 -2 0 0 -243 41 2 -6 0 -65 0 0 -28
0 0 0 0 19 0 0 0 0 0 0 0 0 6 -47 0 0 0 0 0 0 0 0 0 0 2 0 0 0 18 0 0 0 0 0 -824 0 0 0 0 0 0 -17 0 0 0 0 0 0 0 17 0 -2 0 0 0 0 -235 0 0
0 0 0 25 0 0 6 0 0 0 0 0 0 0 0 0 0 0 0 0 0 0 0 0 12 0 0 0 0 0 0 0 0 0 0 0 869 0 0 0 0 -32 0 0 0 0 13 0 0 0 0 -4 0 0 0 0 -27 0 0 0
0 23 271 -2 0 0 -14 2 0 -3 0 1 1 -10 0 0 -45 1 -148 0 0 9 8 -65 3 0 0 -10 -81 0 1 14 1 13 -42 0 0 -65 1 -167 0 4 0 -4 0 0 3 1 0 0 0 -18 -27 -17 88 0 -5 0 0 70
0 0 0 0 0 0 0 0 0 0 0 0 8 0 0 0 0 0 0 0 0 0 0 0 61 0 0 0 0 0 -3 0 -7 0 0 0 0 1 -106 0 0 0 0 0 0 -707 -361 -15 0 0 0 0 0 0 0 0 -143 0 0 0
0 -3 -55 0 0 0 0 0 0 0 0 0 1 3 0 0 10 0 -343 0 0 -1 -1 14 0 0 0 3 17 0 0 0 0 -2 13 0 0 -167 0 -518 0 0 0 0 0 0 0 0 0 0 0 0 7 4 -17 0 0 0 0 -14
0 0 0 0 0 0 0 0 0 0 0 0 0 0 0 0 0 0 0 0 0 0 0 0 0 0 0 0 -130 0 0 0 0 0 0 0 0 0 0 0 588 0 0 0 0 0 0 0 0 0 0 0 0 48 -226 0 0 0 0 143
10 0 0 -177 0 0 -17 0 0 -87 0 -1 0 -7 0 0 0 0 0 0 0 4 0 0 -206 0 0 0 51 0 0 0 0 -2 50 0 -32 4 0 0 0 56 0 0 0 0 -231 0 4 0 0 14 -19 0 0 0 495 0 0 47
0 0 0 0 -23 0 0 0 0 0 0 0 0 -7 59 0 0 0 0 0 0 0 0 0 0 -1 0 0 0 136 0 0 0 0 0 -17 0 0 0 0 0 0 266 0 0 0 0 0 0 0 356 0 3 0 0 0 0 72 0 0
-52 25 -47 0 0 0 -16 -13 0 -33 23 -70 -103 -12 0 0 -17 112 0 108 0 -68 -102 12 0 0 0 0 -59 0 -40 -52 3 -86 -58 0 0 -4 0 0 0 0 0 300 0 0 0 -44 117 0 0 -21 -33 -49 55 0 0 0 0 49
0 -9 0 0 0 0 0 0 0 0 0 0 0 7 0 0 -18 0 0 0 0 -4 4 0 0 0 0 -4 4 0 0 0 0 -6 0 0 0 0 0 0 0 0 0 0 43 0 0 0 0 0 0 0 17 0 0 0 0 0 0 4
0 0 0 0 0 0 0 0 0 0 0 0 -9 0 0 0 0 0 0 0 0 0 0 0 -73 0 0 0 0 0 5 0 10 0 0 0 0 0 -707 0 0 0 0 0 0 183 443 20 0 0 0 0 0 0 0 0 177 0 0 0
7 0 0 171 0 0 7 0 0 -54 0 -1 31 -4 0 0 0 0 0 0 0 3 0 0 73 0 0 0 32 0 -12 0 -29 -1 31 0 13 3 -361 0 0 -231 0 0 0 443 -590 -61 3 0 0 -5 -12 0 0 0 -173 0 0 29
11 4 -6 0 0 0 0 -2 0 0 82 15 394 -2 0 0 -4 21 0 -10 0 -11 -24 2 11 0 0 0 -8 0 -163 -14 -469 -14 0 0 0 1 -15 0 0 0 0 -44 0 20 -61 -231 -23 0 0 0 -5 45 18 0 -24 0 0 7
62 13 24 -2 0 0 0 -7 0 4 26 -37 -62 -5 0 0 -20 -3 0 -278 0 -40 -115 -5 2 0 0 0 3 0 -45 39 4 -50 -2 0 0 0 0 0 0 4 0 117 0 0 3 -23 72 0 0 0 -13 -10 -33 0 -4 0 0 -48
0 0 0 0 0 0 0 0 0 0 0 0 0 0 0 0 0 0 0 0 0 0 0 0 0 0 0 0 0 0 0 0 0 0 0 0 0 0 0 0 0 0 0 0 0 0 0 0 0 -23 0 0 0 0 0 0 0 0 0 0
0 0 0 0 23 0 0 0 0 0 0 0 0 7 -54 0 0 0 0 0 0 0 0 0 0 2 0 0 0 -126 0 0 0 0 0 17 0 0 0 0 0 0 356 0 0 0 0 0 0 0 311 0 -2 0 0 0 0 -66 0 0
0 21 0 -9 0 0 -202 0 0 -138 0 0 1 4 0 0 0 0 0 0 0 0 0 0 -4 0 0 0 3 0 0 65 0 0 -243 0 -4 -18 0 0 0 14 0 -21 0 0 -5 0 0 0 0 264 10 0 0 0 12 0 0 3
31 -144 32 15 92 0 8 -43 0 -7 -23 9 3 -61 0 0 -185 0 6 9 0 -223 141 -7 -11 30 0 -48 75 0 42 -17 -2 -283 41 -2 0 -27 0 7 0 -19 3 -33 17 0 -12 -5 -13 0 -2 10 153 -2 11 0 27 9 0 86
5 2 -14 0 0 0 0 1 0 0 4 7 86 0 0 0 -6 -40 4 8 0 1 -17 4 0 0 0 0 -65 0 -7 -16 1 1 2 0 0 -17 0 4 48 0 0 -49 0 0 0 45 -10 0 0 0 -2 717 97 0 0 0 0 71
16 -5 72 0 0 0 0 0 0 0 -2 21 37 4 0 0 17 197 -15 -38 0 -3 8 -17 0 0 0 4 316 0 5 19 0 -3 -6 0 0 88 0 -17 -226 0 0 55 0 0 0 18 -33 0 0 0 11 97 270 0 0 0 0 -338
0 0 0 0 0 0 0 0 0 0 0 0 0 0 0 0 0 0 0 0 0 0 0 0 0 0 0 0 0 0 0 0 0 0 0 0 0 0 0 0 0 0 0 0 0 0 0 0 0 0 0 0 0 0 0 -900 0 0 0 0
-13 0 0 -363 0 0 -14 0 0 116 0 3 13 10 0 0 0 0 0 0 0 -4 0 0 -48 0 0 0 -67 0 -5 0 -11 4 -65 0 -27 -5 -143 0 0 495 0 0 0 177 -173 -24 -4 0 0 12 27 0 0 0 -257 0 0 -61
0 0 0 0 -78 0 0 0 0 0 0 0 0 -23 195 0 0 0 0 0 0 0 0 0 0 -4 0 0 0 -72 0 0 0 0 0 -235 0 0 0 0 0 0 72 0 0 0 0 0 0 0 -66 0 9 0 0 0 0 86 0 0
0 0 0 0 0 0 0 0 0 0 0 0 0 0 0 -657 0 0 0 0 0 0 0 0 0 0 0 0 0 0 0 0 0 0 0 0 0 0 0 0 0 0 0 0 0 0 0 0 0 0 0 0 0 0 0 0 0 0 421 0
-35 -37 72 -34 0 0 2 -10 0 55 -7 30 17 33 0 0 -25 178 -12 -32 0 -55 42 -17 26 0 0 -7 -149 0 15 15 0 -64 -28 0 0 70 0 -14 143 47 0 49 4 0 29 7 -48 0 0 3 86 71 -338 0 -61 0 0 -55

