Q_obj 
-369 0 0 0 0 0 -11 0 0 0 0 0 0 0 0 0 0 0 0 0 0 0 0 0 0 0 0 0 0 0 0 0 15 46 0 0 0 0 0 0 0 0 0 0 -105 0 0 0 0 0 0 0 0 0 0 -14 0 0 0 0 0 0 0 0 0 0 0 0 0 0 0 0 0 0 0 0 0 0 0 0 0 0 -25 0 0 0 0 0 0 0 0 0 0 0 0 0 0 0 0 0 0 0 0 0 0 0 0 0 0 0
0 -227 0 0 0 0 -3 0 0 0 0 0 0 0 0 -4 0 0 0 12 0 0 0 0 -402 0 0 0 0 0 0 0 0 16 0 -43 0 0 0 0 0 0 0 0 8 0 0 0 0 0 0 0 0 0 0 0 0 0 0 0 0 0 0 0 0 0 0 0 0 -22 0 0 0 0 0 0 0 0 0 0 0 0 0 0 0 -111 0 0 0 0 0 0 0 0 0 0 0 0 0 0 0 0 0 0 0 0 0 0 0 0
0 0 -78 0 0 0 0 0 0 0 0 0 0 0 0 0 0 0 0 0 0 0 0 0 0 0 0 0 0 0 0 0 0 0 0 0 0 0 0 0 0 0 305 0 0 0 0 0 0 0 0 0 0 0 0 0 0 0 0 0 0 0 0 1 0 394 0 0 0 0 0 0 0 0 0 0 0 0 0 0 0 0 0 0 0 0 0 0 0 0 0 0 0 0 0 0 -170 0 0 0 0 0 0 0 0 0 0 0 1 0
0 0 0 -306 0 0 0 0 0 0 0 0 0 0 0 0 0 0 0 0 0 0 0 0 0 0 0 0 0 0 0 0 0 0 0 0 0 0 0 0 0 0 0 0 0 0 0 0 0 0 0 0 0 0 0 0 0 0 0 0 0 0 0 0 0 0 0 0 0 0 0 0 0 0 0 0 0 0 0 0 0 0 0 0 0 0 0 0 0 0 0 71 0 0 0 0 0 0 0 0 0 0 0 0 0 0 0 0 0 0
0 0 0 0 -655 0 0 0 0 0 0 0 0 0 0 0 0 0 0 0 0 0 0 0 0 0 0 0 0 0 0 0 0 0 0 0 0 0 0 0 0 0 0 0 0 0 0 0 0 0 0 0 0 0 0 0 0 0 0 0 0 0 0 0 0 0 0 0 0 0 0 0 0 0 0 0 0 0 0 0 0 0 0 0 0 0 0 0 0 0 0 0 0 0 0 0 0 0 0 0 0 0 0 0 0 0 0 0 0 0
0 0 0 0 0 -90 0 0 0 0 0 0 0 0 0 0 0 0 0 0 0 0 0 0 0 0 0 0 0 0 0 0 0 0 0 0 0 0 0 0 0 0 0 0 0 0 0 0 0 0 0 0 0 0 0 0 0 0 0 0 0 0 0 0 0 0 0 0 0 0 0 0 0 0 0 0 0 0 0 0 0 0 0 0 0 0 0 0 0 0 0 0 0 0 0 0 0 0 0 0 0 0 0 0 0 0 0 0 0 0
-11 -3 0 0 0 0 302 0 1 0 1 0 0 0 1 22 0 0 0 7 0 0 0 0 0 0 0 -19 0 29 0 0 4 -95 0 -26 0 -313 0 0 -257 0 0 -14 -143 0 0 0 4 1 0 0 -27 0 0 -3 1 0 3 0 0 31 0 1 0 0 -170 29 42 -2 0 0 146 0 0 1 1 -38 0 0 0 0 -6 0 91 -12 0 0 0 0 0 0 0 0 -106 0 0 0 0 -3 0 0 0 0 70 0 0 0 1 0
0 0 0 0 0 0 0 -141 0 1 0 0 0 0 0 0 0 0 0 0 0 0 0 0 0 0 0 0 0 0 0 0 0 0 0 0 0 0 0 0 0 0 0 0 0 0 0 0 0 0 0 -1 0 0 -1 0 0 0 0 0 0 0 0 0 0 0 0 0 0 0 0 0 0 0 0 0 0 0 1 0 0 0 0 0 0 0 0 0 0 -135 0 0 0 0 0 0 0 0 1 0 0 0 0 0 0 0 0 0 -1 0
0 0 0 0 0 0 1 0 -58 -2 -4 0 0 0 -35 0 0 621 12 0 0 0 0 22 0 24 0 15 0 0 0 0 0 1 0 0 0 -22 0 0 28 0 0 11 0 0 0 0 0 -28 20 26 0 -28 0 0 -44 17 92 0 0 -22 0 -22 0 1 0 0 0 0 0 0 0 0 0 24 -11 -9 0 0 0 0 0 0 0 0 0 0 0 0 1 0 66 0 0 0 0 0 0 -106 0 0 0 0 0 0 0 0 -24 0
0 0 0 0 0 0 0 1 -2 -994 0 0 0 0 -1 0 0 3 -15 0 1 0 0 4 0 -29 0 0 0 0 0 0 0 0 0 0 0 30 0 0 -36 0 0 0 0 0 0 0 0 3 4 -9 5 38 1 0 -2 1 2 0 0 0 0 -1 0 1 0 0 4 0 0 0 0 0 0 1 0 0 0 0 0 0 0 0 0 0 0 0 0 1 35 0 4 0 0 1 0 0 0 -1 0 0 0 0 0 0 0 0 -11 0
0 0 0 0 0 0 1 0 -4 0 -252 0 0 0 -6 0 0 5 1 0 0 -96 0 5 0 2 0 2 0 0 0 7 0 1 0 0 0 -1 0 0 3 0 0 1 0 0 0 0 0 -5 4 19 0 -2 0 0 -8 4 8 0 0 -1 0 -16 0 1 0 0 0 0 0 0 0 0 0 2 -2 0 0 0 0 0 0 0 0 0 0 0 0 0 1 0 -2 -64 0 0 0 0 0 -8 0 0 0 0 0 0 0 0 -18 0
0 0 0 0 0 0 0 0 0 0 0 -174 0 0 0 0 0 0 0 0 0 0 0 0 0 0 0 0 0 0 0 0 0 0 0 0 0 0 0 0 0 0 0 0 0 0 0 0 0 0 0 0 0 0 0 0 0 0 0 0 0 0 0 0 0 0 0 0 0 0 0 0 0 0 0 0 0 0 0 0 0 0 0 0 0 0 0 0 0 0 0 0 0 0 0 0 0 0 0 0 0 0 0 0 0 0 0 0 0 0
0 0 0 0 0 0 0 0 0 0 0 0 -37 0 0 0 0 0 0 0 0 0 0 0 0 0 0 0 0 0 0 0 0 0 0 0 0 0 0 0 0 0 0 0 0 0 0 0 0 0 0 0 0 0 0 0 0 0 0 0 0 0 0 0 0 0 0 0 0 0 0 0 0 0 0 0 0 0 0 33 0 0 0 0 0 0 0 0 0 0 0 0 0 0 0 0 0 0 0 0 0 0 0 0 0 0 382 0 0 0
0 0 0 0 0 0 0 0 0 0 0 0 0 -390 0 0 0 0 0 0 0 0 0 0 0 0 0 0 0 0 0 0 0 0 0 0 0 0 0 0 0 0 0 0 0 0 0 0 0 0 0 0 0 0 0 0 0 0 0 0 0 0 0 0 0 0 0 0 0 0 0 0 0 0 0 0 0 0 0 0 0 0 0 0 0 0 0 0 0 0 0 0 0 0 0 0 0 0 0 0 0 0 0 0 0 0 0 0 0 0
0 0 0 0 0 0 1 0 -35 -1 -6 0 0 0 -465 0 0 34 8 0 0 0 0 -123 0 14 0 9 0 0 0 0 0 1 0 0 0 -13 0 0 17 0 0 7 0 0 0 0 0 165 -110 37 0 -16 0 0 -182 68 56 0 0 -13 0 -32 0 1 0 0 0 0 0 0 0 0 0 15 -46 -5 0 0 0 0 0 0 0 0 0 0 0 0 1 0 95 0 0 0 0 0 0 -64 0 0 0 0 0 0 0 0 -36 0
0 -4 0 0 0 0 22 0 0 0 0 0 0 0 0 586 0 0 0 9 0 0 0 0 0 0 63 0 0 0 0 0 0 -84 0 -31 0 0 0 0 0 0 0 0 -38 0 0 0 163 0 0 0 0 0 0 0 0 0 0 0 -54 0 0 0 0 0 0 0 0 -3 0 0 0 0 0 0 0 0 0 0 0 1 0 0 0 -15 0 0 0 0 0 0 0 0 0 0 0 0 0 0 0 0 0 0 0 0 0 0 0 0
0 0 0 0 0 0 0 0 0 0 0 0 0 0 0 0 71 0 0 0 0 0 0 0 0 0 0 0 0 0 0 0 0 0 0 0 0 0 0 0 0 0 0 0 0 0 0 0 0 0 0 0 0 0 0 0 0 0 0 0 0 0 0 0 0 0 0 0 0 0 0 0 0 0 0 0 0 0 0 0 0 0 0 0 0 0 0 0 0 0 0 0 0 0 0 0 0 0 0 0 0 0 0 0 0 0 0 0 0 0
0 0 0 0 0 0 0 0 621 3 5 0 0 0 34 0 0 23 -10 0 0 0 0 -20 0 -21 0 -13 0 1 0 0 0 0 0 0 0 21 0 0 -25 0 0 -9 0 0 0 0 0 27 -18 -23 0 27 0 0 43 -15 -86 0 0 22 0 21 0 0 0 0 0 0 0 0 0 0 0 -22 11 10 0 0 0 0 0 0 0 0 0 0 0 0 0 0 -60 0 0 0 0 0 0 100 0 0 0 0 0 0 0 0 24 0
0 0 0 0 0 0 0 0 12 -15 1 0 0 0 8 0 0 -10 -44 0 0 0 0 -4 0 122 0 0 0 0 0 0 0 0 0 0 0 -104 0 0 130 0 0 0 0 0 0 45 0 6 -3 -5 0 182 0 0 10 -3 -6 0 0 0 0 5 0 0 -3 0 0 0 0 0 0 0 0 -1 3 0 0 0 0 20 0 0 0 0 0 0 0 0 1 0 -13 0 0 0 0 0 0 8 0 18 0 0 0 0 0 0 5 0
0 12 0 0 0 0 7 0 0 0 0 0 0 0 0 9 0 0 0 -883 0 0 0 0 -14 0 0 0 0 0 0 0 0 -27 0 -92 0 0 0 0 0 0 0 0 -12 0 0 0 2 0 0 0 0 0 0 0 0 0 0 0 0 0 0 0 0 0 0 0 0 39 0 0 0 0 0 0 0 0 0 0 0 0 0 0 0 196 0 0 0 0 0 0 0 0 0 0 0 0 0 0 0 0 0 0 0 0 0 0 0 0
0 0 0 0 0 0 0 0 0 1 0 0 0 0 0 0 0 0 0 0 285 0 0 -7 0 0 0 0 0 0 0 0 0 0 0 0 0 0 0 0 0 0 0 0 0 0 0 0 0 -9 -6 -1 0 0 -1 0 0 0 0 0 0 0 0 0 0 0 0 0 0 0 0 0 0 0 0 0 0 0 -128 0 0 0 0 0 0 0 0 0 0 0 0 0 0 0 0 214 0 0 -19 0 0 0 0 0 0 0 0 0 -1 0
0 0 0 0 0 0 0 0 0 0 -96 0 0 0 0 0 0 0 0 0 0 313 0 0 0 0 0 0 0 0 0 23 0 0 0 0 0 0 0 0 0 0 0 0 0 0 0 0 0 0 0 0 0 0 0 0 0 0 0 0 0 0 0 0 0 0 0 0 0 0 0 0 0 0 0 0 0 0 0 0 0 0 0 0 0 0 0 0 0 0 0 0 -6 -230 0 0 0 0 0 0 0 0 0 0 0 0 0 0 0 0
0 0 0 0 0 0 0 0 0 0 0 0 0 0 0 0 0 0 0 0 0 0 -256 0 0 0 0 0 0 0 0 0 0 0 0 0 0 0 0 0 0 0 0 0 0 0 0 0 0 0 0 0 0 0 0 0 -51 19 0 0 0 0 0 0 0 0 0 0 0 0 0 0 0 0 0 0 228 0 0 0 0 0 0 0 0 0 0 0 0 0 0 0 0 0 0 0 0 0 0 0 0 0 0 0 0 0 0 0 0 0
0 0 0 0 0 0 0 0 22 4 5 0 0 0 -123 0 0 -20 -4 0 -7 0 0 -186 0 -8 0 -5 0 1 0 0 0 0 0 0 0 9 0 0 -9 0 0 -3 0 0 0 0 0 -78 -354 -83 0 11 -55 0 112 -41 -33 0 0 9 0 20 0 0 0 0 0 0 0 0 0 0 0 -8 29 4 2 0 0 0 0 0 0 0 0 0 0 -1 0 0 -57 0 0 -5 0 0 1 40 0 0 0 0 0 0 0 0 -39 0
0 -402 0 0 0 0 0 0 0 0 0 0 0 0 0 0 0 0 0 -14 0 0 0 0 227 0 0 0 0 0 0 0 0 0 0 57 0 0 0 0 0 0 0 0 0 0 0 0 0 0 0 0 0 0 0 0 0 0 0 0 0 0 0 0 0 0 0 0 0 0 0 0 0 0 0 0 0 0 0 0 0 0 0 0 0 0 0 0 0 0 0 0 0 0 0 0 0 0 0 0 0 0 0 0 0 0 0 0 0 0
0 0 0 0 0 0 0 0 24 -29 2 0 0 0 14 0 0 -21 122 0 0 0 0 -8 0 -704 0 0 0 0 0 0 0 0 0 0 0 -229 0 0 280 0 0 0 0 0 0 0 0 12 -7 -10 0 -289 0 0 18 -6 -13 0 0 0 0 9 0 0 0 0 0 0 0 0 0 0 0 -3 5 0 0 0 0 0 0 0 0 0 0 0 0 0 1 0 -25 0 0 0 0 0 0 16 0 0 0 0 0 0 0 0 10 0
0 0 0 0 0 0 0 0 0 0 0 0 0 0 0 63 0 0 0 0 0 0 0 0 0 0 385 0 0 0 0 1 0 0 0 0 0 0 0 0 0 0 0 0 0 0 0 1 -415 0 0 0 0 0 0 0 0 0 0 0 147 0 0 0 0 0 0 0 0 0 0 0 0 0 0 0 0 0 0 0 0 -1 0 0 0 0 0 0 0 0 0 0 0 1 0 0 0 0 0 0 0 0 0 0 0 0 0 1 0 0
0 0 0 0 0 0 -19 0 15 0 2 0 0 0 9 0 0 -13 0 0 0 0 0 -5 0 0 0 -611 0 3 0 0 0 -4 0 0 0 29 0 0 24 0 -35 153 0 0 0 0 0 8 -4 -6 0 0 0 0 12 -4 57 0 0 73 0 6 0 0 -88 0 0 0 0 0 0 0 0 15 3 266 0 0 0 0 0 0 0 0 0 0 0 0 0 0 -16 0 0 0 -63 0 0 -64 0 -20 0 0 0 0 0 0 7 0
0 0 0 0 0 0 0 0 0 0 0 0 0 0 0 0 0 0 0 0 0 0 0 0 0 0 0 0 352 0 0 0 0 0 0 0 0 0 0 0 0 0 0 0 0 0 0 0 0 0 0 0 0 0 0 0 0 0 0 0 0 0 0 0 0 0 0 0 0 0 0 0 0 0 0 0 0 0 0 0 0 0 0 0 0 0 0 0 0 0 0 0 0 0 0 0 0 0 0 0 0 0 0 0 0 0 0 0 0 0
0 0 0 0 0 0 29 0 0 0 0 0 0 0 0 0 0 1 0 0 0 0 0 1 0 0 0 3 0 566 0 0 0 8 0 0 0 33 0 0 27 0 0 2 0 0 0 0 0 0 1 1 3 0 0 0 0 1 0 0 0 -3 0 0 0 1 18 -2 -4 0 0 0 -15 0 0 0 0 5 0 0 0 0 0 0 -9 0 0 0 0 0 0 0 1 0 12 0 0 0 0 1 0 0 0 0 -7 0 0 0 0 0
0 0 0 0 0 0 0 0 0 0 0 0 0 0 0 0 0 0 0 0 0 0 0 0 0 0 0 0 0 0 468 0 0 0 0 0 0 0 0 0 0 0 0 0 0 0 0 0 0 0 0 0 0 0 0 0 0 0 0 0 0 0 0 0 0 0 0 0 0 0 0 0 0 0 0 0 0 0 0 0 0 0 0 0 0 0 0 0 0 0 0 0 0 0 0 0 0 0 0 0 0 0 0 0 0 0 0 0 0 0
0 0 0 0 0 0 0 0 0 0 7 0 0 0 0 0 0 0 0 0 0 23 0 0 0 0 1 0 0 0 0 -217 0 0 -48 0 0 0 0 0 0 0 0 0 0 0 0 7 1 0 0 0 0 0 0 0 0 0 0 0 1 0 0 0 0 0 0 0 0 0 0 0 0 0 0 0 0 0 0 0 0 -15 0 0 0 0 0 0 0 0 0 0 1 -69 0 0 0 0 0 0 0 0 0 0 0 0 0 2 0 0
15 0 0 0 0 0 4 0 0 0 0 0 0 0 0 0 0 0 0 0 0 0 0 0 0 0 0 0 0 0 0 0 100 -14 0 0 0 0 0 0 0 0 22 0 35 26 0 0 0 0 0 1 0 0 0 11 0 0 0 0 0 0 0 0 0 -22 0 0 0 0 0 0 0 0 0 0 0 0 0 0 0 0 371 0 0 0 0 0 0 0 0 0 0 0 0 0 -12 0 0 0 0 0 0 0 0 0 0 0 0 4
46 16 0 0 0 0 -95 0 1 0 1 0 0 0 1 -84 0 0 0 -27 0 0 0 0 0 0 0 -4 0 8 0 0 -14 653 0 103 0 -79 0 0 -65 0 0 -3 563 0 0 0 -12 1 0 0 -6 0 0 15 1 0 1 0 0 8 0 1 0 0 -43 8 11 10 0 0 38 0 0 1 1 -9 0 0 0 0 28 0 24 51 0 0 0 0 0 0 0 0 -27 0 0 0 0 0 0 0 0 0 18 0 0 0 1 0
0 0 0 0 0 0 0 0 0 0 0 0 0 0 0 0 0 0 0 0 0 0 0 0 0 0 0 0 0 0 0 -48 0 0 -466 0 0 0 0 0 0 0 0 0 0 0 0 2 0 0 0 0 0 0 0 0 0 0 0 0 0 0 0 0 0 0 0 0 0 0 0 0 0 0 0 0 0 0 0 0 0 -2 0 0 0 0 0 0 0 0 0 0 0 -4 0 0 0 0 0 0 0 0 0 0 0 0 0 0 0 0
0 -43 0 0 0 0 -26 0 0 0 0 0 0 0 0 -31 0 0 0 -92 0 0 0 0 57 0 0 0 0 0 0 0 0 103 0 -556 0 0 0 0 0 0 0 0 48 0 0 0 -4 0 0 0 0 0 0 0 0 0 0 0 0 0 0 0 0 0 0 0 0 -146 0 0 0 0 0 0 0 0 0 0 0 0 0 0 0 -742 0 0 0 0 0 0 0 0 0 0 0 0 0 0 0 0 0 0 0 0 0 0 0 0
0 0 0 0 0 0 0 0 0 0 0 0 0 0 0 0 0 0 0 0 0 0 0 0 0 0 0 0 0 0 0 0 0 0 0 0 -192 0 0 0 0 0 0 0 0 0 0 0 0 0 0 0 0 0 0 0 0 0 0 0 0 0 0 0 0 0 0 0 0 0 0 0 0 0 0 0 0 0 0 0 0 0 0 0 0 0 0 0 0 0 0 0 0 0 0 0 0 0 0 0 0 0 0 0 0 0 0 0 0 0
0 0 0 0 0 0 -313 0 -22 30 -1 0 0 0 -13 0 0 21 -104 0 0 0 0 9 0 -229 0 29 0 33 0 0 0 -79 0 0 0 -154 0 0 163 0 0 21 0 0 0 62 0 -10 8 11 15 251 0 0 -17 7 13 0 0 29 0 -8 0 1 87 -15 -22 0 0 0 -78 0 0 4 -4 -24 0 0 0 28 0 0 10 0 0 0 0 0 0 0 25 0 -11 0 0 0 0 -14 0 3 0 0 8 0 0 0 -8 0
0 0 0 0 0 0 0 0 0 0 0 0 0 0 0 0 0 0 0 0 0 0 0 0 0 0 0 0 0 0 0 0 0 0 0 0 0 0 188 0 0 0 0 0 0 0 0 0 0 0 0 0 0 0 0 0 0 0 0 0 0 0 0 0 0 0 0 0 0 0 0 0 0 0 0 0 0 0 0 0 0 0 0 0 0 0 0 0 0 0 0 0 0 0 0 0 0 0 0 0 0 0 0 0 0 0 0 0 0 0
0 0 0 0 0 0 0 0 0 0 0 0 0 0 0 0 0 0 0 0 0 0 0 0 0 0 0 0 0 0 0 0 0 0 0 0 0 0 0 95 0 0 0 0 0 0 0 0 0 0 0 0 0 0 0 0 0 0 0 0 0 0 0 0 0 0 0 0 0 0 0 0 0 0 0 0 0 0 0 0 0 0 0 0 0 0 0 0 0 0 0 0 0 0 0 0 0 0 0 0 0 0 0 0 0 0 0 0 0 0
0 0 0 0 0 0 -257 0 28 -36 3 0 0 0 17 0 0 -25 130 0 0 0 0 -9 0 280 0 24 0 27 0 0 0 -65 0 0 0 163 0 0 -225 0 0 18 0 0 0 -79 0 14 -8 -12 13 -309 0 0 21 -7 -15 0 0 24 0 11 0 0 81 -12 -18 0 0 0 -64 0 0 -3 6 -20 0 0 0 -35 0 0 9 0 0 0 0 0 1 0 -30 0 -9 0 0 0 0 18 0 -48 0 0 7 0 0 0 11 0
0 0 0 0 0 0 0 0 0 0 0 0 0 0 0 0 0 0 0 0 0 0 0 0 0 0 0 0 0 0 0 0 0 0 0 0 0 0 0 0 0 -79 0 0 0 0 0 0 0 0 0 0 0 0 0 0 0 0 0 0 0 0 0 0 0 0 0 0 0 0 0 0 0 0 0 0 0 0 0 0 0 0 0 0 0 0 0 0 0 0 0 0 0 0 0 0 0 0 0 0 0 0 0 0 0 0 0 0 0 0
0 0 305 0 0 0 0 0 0 0 0 0 0 0 0 0 0 0 0 0 0 0 0 0 0 0 0 -35 0 0 0 0 22 0 0 0 0 0 0 0 0 0 10 50 0 242 0 0 0 0 0 1 0 0 0 0 0 0 0 0 0 0 0 0 0 -16 0 0 0 0 0 0 0 0 0 0 0 0 0 0 0 0 13 0 0 0 0 0 0 0 0 0 0 0 0 0 166 0 0 0 0 0 0 0 0 0 0 0 0 35
0 0 0 0 0 0 -14 0 11 0 1 0 0 0 7 0 0 -9 0 0 0 0 0 -3 0 0 0 153 0 2 0 0 0 -3 0 0 0 21 0 0 18 0 50 -714 0 0 0 0 0 6 -3 -4 0 0 0 0 9 -3 41 0 0 53 0 5 0 0 -63 0 0 0 0 0 0 0 0 11 3 192 0 0 0 0 0 0 0 0 0 0 0 0 0 0 -11 0 0 0 89 0 0 -46 0 -14 0 0 0 0 0 0 5 0
-105 8 0 0 0 0 -143 0 0 0 0 0 0 0 0 -38 0 0 0 -12 0 0 0 0 0 0 0 0 0 0 0 0 35 563 0 48 0 0 0 0 0 0 0 0 -375 0 0 0 -5 0 0 0 0 0 0 -34 0 0 0 0 0 0 0 0 0 0 0 0 0 5 0 0 0 0 0 0 0 0 0 0 0 0 -62 0 0 24 0 0 0 0 0 0 0 0 0 0 0 0 0 0 0 0 0 0 0 0 0 0 0 0
0 0 0 0 0 0 0 0 0 0 0 0 0 0 0 0 0 0 0 0 0 0 0 0 0 0 0 0 0 0 0 0 26 0 0 0 0 0 0 0 0 0 242 0 0 -268 0 0 0 0 0 1 0 0 0 0 0 0 0 0 0 0 0 0 0 -245 0 0 0 0 0 0 0 0 0 0 0 0 0 0 0 0 14 0 34 0 0 0 0 0 0 0 0 0 46 0 -134 0 0 0 0 0 0 0 26 0 0 0 0 -61
0 0 0 0 0 0 0 0 0 0 0 0 0 0 0 0 0 0 0 0 0 0 0 0 0 0 0 0 0 0 0 0 0 0 0 0 0 0 0 0 0 0 0 0 0 0 -991 0 0 0 0 0 0 0 0 0 0 0 0 0 0 0 0 0 0 0 0 0 0 0 0 0 0 0 0 0 0 0 0 0 0 0 0 0 0 0 0 0 0 0 0 0 0 0 0 0 0 0 0 0 0 0 0 0 0 0 0 0 0 0
0 0 0 0 0 0 0 0 0 0 0 0 0 0 0 0 0 0 45 0 0 0 0 0 0 0 1 0 0 0 0 7 0 0 2 0 0 62 0 0 -79 0 0 0 0 0 0 -487 2 0 0 0 0 -106 0 0 0 0 0 0 5 0 0 0 0 0 8 0 0 0 0 0 0 0 0 0 0 0 0 0 0 -234 0 0 0 0 0 0 0 0 0 0 0 1 0 0 0 0 0 0 0 -40 0 0 0 0 0 7 0 0
0 0 0 0 0 0 4 0 0 0 0 0 0 0 0 163 0 0 0 2 0 0 0 0 0 0 -415 0 0 0 0 1 0 -12 0 -4 0 0 0 0 0 0 0 0 -5 0 0 2 -472 0 0 0 0 0 0 0 0 0 0 0 362 0 0 0 0 0 0 0 0 0 0 0 0 0 0 0 0 0 0 0 0 -4 0 0 0 -2 0 0 0 0 0 0 0 1 0 0 0 0 0 0 0 0 0 0 0 0 0 1 0 0
0 0 0 0 0 0 1 0 -28 3 -5 0 0 0 165 0 0 27 6 0 -9 0 0 -78 0 12 0 8 0 0 0 0 0 1 0 0 0 -10 0 0 14 0 0 6 0 0 0 0 0 -504 -70 -52 0 -13 -75 0 -148 55 46 0 0 -11 0 -26 0 1 0 0 0 0 0 0 0 0 0 12 -38 -4 2 0 0 0 0 0 0 0 0 0 0 -1 1 0 78 0 0 -7 0 0 1 -52 0 0 0 0 0 0 0 0 -112 0
0 0 0 0 0 0 0 0 20 4 4 0 0 0 -110 0 0 -18 -3 0 -6 0 0 -354 0 -7 0 -4 0 1 0 0 0 0 0 0 0 8 0 0 -8 0 0 -3 0 0 0 0 0 -70 -108 -74 0 10 -49 0 100 -36 -30 0 0 8 0 18 0 0 0 0 0 0 0 0 0 0 0 -7 26 4 2 0 0 0 0 0 0 0 0 0 0 0 0 0 -51 0 0 -5 0 0 1 36 0 0 0 0 0 0 0 0 -35 0
0 0 0 0 0 0 0 -1 26 -9 19 0 0 0 37 0 0 -23 -5 0 -1 0 0 -83 0 -10 0 -6 0 1 0 0 1 0 0 0 0 11 0 0 -12 0 1 -4 0 1 0 0 0 -52 -74 -301 1 13 -15 0 47 -17 -39 0 0 10 0 -256 0 1 0 0 1 0 0 0 0 0 0 -10 12 5 0 0 0 0 1 0 0 0 0 0 0 -4 1 0 -263 0 0 -1 0 0 1 46 0 0 0 0 0 0 0 0 -259 1
0 0 0 0 0 0 -27 0 0 5 0 0 0 0 0 0 0 0 0 0 0 0 0 0 0 0 0 0 0 3 0 0 0 -6 0 0 0 15 0 0 13 0 0 0 0 0 0 0 0 0 0 1 267 0 0 0 0 0 0 0 0 0 0 0 0 0 9 138 459 0 0 0 -67 0 0 0 0 -2 0 0 0 0 0 0 -4 0 0 0 0 0 206 0 0 0 6 0 0 0 0 0 0 0 0 0 -3 0 0 0 1 0
0 0 0 0 0 0 0 0 -28 38 -2 0 0 0 -16 0 0 27 182 0 0 0 0 11 0 -289 0 0 0 0 0 0 0 0 0 0 0 251 0 0 -309 0 0 0 0 0 0 -106 0 -13 10 13 0 -403 0 0 -21 8 16 0 0 0 0 -10 0 1 9 0 0 0 0 0 0 0 0 5 -5 0 0 0 0 -47 0 0 0 0 0 0 0 0 0 0 32 0 0 0 0 0 0 -18 0 -41 0 0 0 0 0 0 -11 0
0 0 0 0 0 0 0 -1 0 1 0 0 0 0 0 0 0 0 0 0 -1 0 0 -55 0 0 0 0 0 0 0 0 0 0 0 0 0 0 0 0 0 0 0 0 0 0 0 0 0 -75 -49 -15 0 0 -542 0 0 0 0 0 0 0 0 0 0 0 0 0 0 0 0 0 0 0 0 0 0 0 0 0 0 0 0 0 0 0 0 0 0 -4 0 0 0 0 0 -1 0 0 1 0 0 0 0 0 0 0 0 0 -16 0
-14 0 0 0 0 0 -3 0 0 0 0 0 0 0 0 0 0 0 0 0 0 0 0 0 0 0 0 0 0 0 0 0 11 15 0 0 0 0 0 0 0 0 0 0 -34 0 0 0 0 0 0 0 0 0 0 -992 0 0 0 0 0 0 0 0 0 0 0 0 0 0 0 0 0 0 0 0 0 0 0 0 0 0 -19 0 0 0 0 0 0 0 0 0 0 0 0 0 0 0 0 0 0 0 0 0 0 0 0 0 0 0
0 0 0 0 0 0 1 0 -44 -2 -8 0 0 0 -182 0 0 43 10 0 0 0 -51 112 0 18 0 12 0 0 0 0 0 1 0 0 0 -17 0 0 21 0 0 9 0 0 0 0 0 -148 100 47 0 -21 0 0 -98 228 71 0 0 -17 0 -41 0 1 0 0 0 0 0 0 0 0 -125 19 162 -7 0 0 0 0 0 0 0 0 0 0 0 0 1 0 121 0 0 0 0 0 0 -81 0 0 0 0 0 0 0 0 -46 0
0 0 0 0 0 0 0 0 17 1 4 0 0 0 68 0 0 -15 -3 0 0 0 19 -41 0 -6 0 -4 0 1 0 0 0 0 0 0 0 7 0 0 -7 0 0 -3 0 0 0 0 0 55 -36 -17 0 8 0 0 228 436 -25 0 0 7 0 16 0 0 0 0 0 0 0 0 0 0 -341 -6 -59 3 0 0 0 0 0 0 0 0 0 0 0 0 0 0 -44 0 0 0 0 0 0 31 0 0 0 0 0 0 0 0 18 0
0 0 0 0 0 0 3 0 92 2 8 0 0 0 56 0 0 -86 -6 0 0 0 0 -33 0 -13 0 57 0 0 0 0 0 1 0 0 0 13 0 0 -15 0 0 41 0 0 0 0 0 46 -30 -39 0 16 0 0 71 -25 -171 0 0 -86 0 36 0 0 0 0 0 0 0 0 0 0 0 10 19 -36 0 0 0 0 0 0 0 0 0 0 0 0 0 0 -102 0 0 0 0 0 0 -43 0 0 0 0 0 0 0 0 40 0
0 0 0 0 0 0 0 0 0 0 0 0 0 0 0 0 0 0 0 0 0 0 0 0 0 0 0 0 0 0 0 0 0 0 0 0 0 0 0 0 0 0 0 0 0 0 0 0 0 0 0 0 0 0 0 0 0 0 0 153 0 0 0 0 0 0 0 0 0 0 0 0 0 0 0 0 0 0 0 0 0 0 0 0 0 0 0 0 0 0 0 0 0 0 0 0 0 0 0 0 0 0 0 0 0 0 0 0 0 0
0 0 0 0 0 0 0 0 0 0 0 0 0 0 0 -54 0 0 0 0 0 0 0 0 0 0 147 0 0 0 0 1 0 0 0 0 0 0 0 0 0 0 0 0 0 0 0 5 362 0 0 0 0 0 0 0 0 0 0 0 -27 0 0 0 0 0 0 0 0 0 0 0 0 0 0 0 0 0 0 0 0 -9 0 0 0 0 0 0 0 0 0 0 0 1 0 0 0 0 0 0 0 0 0 0 0 0 0 1 0 0
0 0 0 0 0 0 31 0 -22 0 -1 0 0 0 -13 0 0 22 0 0 0 0 0 9 0 0 0 73 0 -3 0 0 0 8 0 0 0 29 0 0 24 0 0 53 0 0 0 0 0 -11 8 10 0 0 0 0 -17 7 -86 0 0 -542 0 -8 0 1 -87 0 0 0 0 0 0 0 0 -22 -4 -409 0 0 0 0 0 0 0 0 0 0 0 0 0 0 26 0 0 0 0 0 0 101 0 -20 0 0 0 0 0 0 -9 0
0 0 0 0 0 0 0 0 0 0 0 0 0 0 0 0 0 0 0 0 0 0 0 0 0 0 0 0 0 0 0 0 0 0 0 0 0 0 0 0 0 0 0 0 0 0 0 0 0 0 0 0 0 0 0 0 0 0 0 0 0 0 -413 0 0 0 0 0 0 0 0 0 0 0 0 0 0 0 0 0 0 0 0 0 0 0 0 0 0 0 0 0 0 0 0 0 0 0 0 0 0 0 0 0 0 0 0 0 0 0
0 0 1 0 0 0 1 0 -22 -1 -16 0 0 0 -32 0 0 21 5 0 0 0 0 20 0 9 0 6 0 0 0 0 0 1 0 0 0 -8 0 0 11 0 0 5 0 0 0 0 0 -26 18 -256 0 -10 0 0 -41 16 36 0 0 -8 0 -388 0 0 0 0 0 0 0 0 0 0 0 9 -10 -3 0 0 0 0 0 0 0 0 0 0 0 0 1 0 235 0 0 0 1 0 0 -40 0 0 0 0 0 0 0 0 254 0
0 0 0 0 0 0 0 0 0 0 0 0 0 0 0 0 0 0 0 0 0 0 0 0 0 0 0 0 0 0 0 0 0 0 0 0 0 0 0 0 0 0 0 0 0 0 0 0 0 0 0 0 0 0 0 0 0 0 0 0 0 0 0 0 -611 0 0 0 0 0 0 0 0 0 0 0 0 0 0 0 0 0 0 0 0 0 0 0 0 0 0 0 0 0 0 0 0 0 0 0 0 0 0 0 0 0 0 0 0 0
0 0 394 0 0 0 0 0 1 1 1 0 0 0 1 0 0 0 0 0 0 0 0 0 0 0 0 0 0 1 0 0 -22 0 0 0 0 1 0 0 0 0 -16 0 0 -245 0 0 0 1 0 1 0 1 0 0 1 0 0 0 0 1 0 0 0 -87 0 0 0 0 0 0 0 0 0 0 1 1 0 0 0 0 -12 0 0 0 0 0 0 0 0 0 -1 0 0 0 9 0 0 1 0 0 0 0 0 0 0 0 0 -35
0 0 0 0 0 0 -170 0 0 0 0 0 0 0 0 0 0 0 -3 0 0 0 0 0 0 0 0 -88 0 18 0 0 0 -43 0 0 0 87 0 0 81 0 0 -63 0 0 0 8 0 0 0 0 9 9 0 0 0 0 0 0 0 -87 0 0 0 0 -253 -8 -12 0 0 0 -42 0 0 0 0 -13 0 0 0 4 0 0 6 0 0 0 0 0 0 0 0 0 -6 0 0 0 0 0 0 68 0 0 5 0 0 0 0 0
0 0 0 0 0 0 29 0 0 0 0 0 0 0 0 0 0 0 0 0 0 0 0 0 0 0 0 0 0 -2 0 0 0 8 0 0 0 -15 0 0 -12 0 0 0 0 0 0 0 0 0 0 0 138 0 0 0 0 0 0 0 0 0 0 0 0 0 -8 -139 -209 0 0 0 71 0 0 0 0 3 0 0 0 0 0 0 5 0 0 0 0 0 0 0 0 0 -5 0 0 0 0 0 0 0 0 0 4 0 0 0 0 0
0 0 0 0 0 0 42 0 0 4 0 0 0 0 0 0 0 0 0 0 0 0 0 0 0 0 0 0 0 -4 0 0 0 11 0 0 0 -22 0 0 -18 0 0 0 0 0 0 0 0 0 0 1 459 0 0 0 0 0 0 0 0 0 0 0 0 0 -12 -209 -128 0 0 0 103 0 0 0 0 4 0 0 0 0 0 0 7 0 0 0 0 0 136 0 0 0 -7 0 0 0 0 0 0 0 0 0 5 0 0 0 1 0
0 -22 0 0 0 0 -2 0 0 0 0 0 0 0 0 -3 0 0 0 39 0 0 0 0 0 0 0 0 0 0 0 0 0 10 0 -146 0 0 0 0 0 0 0 0 5 0 0 0 0 0 0 0 0 0 0 0 0 0 0 0 0 0 0 0 0 0 0 0 0 -765 0 0 0 0 0 0 0 0 0 0 0 0 0 0 0 267 0 0 0 0 0 0 0 0 0 0 0 0 0 0 0 0 0 0 0 0 0 0 0 0
0 0 0 0 0 0 0 0 0 0 0 0 0 0 0 0 0 0 0 0 0 0 0 0 0 0 0 0 0 0 0 0 0 0 0 0 0 0 0 0 0 0 0 0 0 0 0 0 0 0 0 0 0 0 0 0 0 0 0 0 0 0 0 0 0 0 0 0 0 0 -586 0 0 0 0 0 0 0 0 0 0 0 0 0 0 0 0 0 0 0 0 0 0 0 0 0 0 0 0 0 0 0 0 0 0 0 0 0 0 0
0 0 0 0 0 0 0 0 0 0 0 0 0 0 0 0 0 0 0 0 0 0 0 0 0 0 0 0 0 0 0 0 0 0 0 0 0 0 0 0 0 0 0 0 0 0 0 0 0 0 0 0 0 0 0 0 0 0 0 0 0 0 0 0 0 0 0 0 0 0 0 847 0 0 0 0 0 0 0 0 0 0 0 -480 0 0 0 0 0 0 0 0 0 0 0 0 0 0 0 0 0 0 0 0 0 0 0 0 0 0
0 0 0 0 0 0 146 0 0 0 0 0 0 0 0 0 0 0 0 0 0 0 0 0 0 0 0 0 0 -15 0 0 0 38 0 0 0 -78 0 0 -64 0 0 0 0 0 0 0 0 0 0 0 -67 0 0 0 0 0 0 0 0 0 0 0 0 0 -42 71 103 0 0 0 -272 0 0 0 0 12 0 0 0 0 0 0 23 0 0 0 0 0 0 0 0 0 -26 0 0 0 0 0 0 0 0 0 18 0 0 0 0 0
0 0 0 0 0 0 0 0 0 0 0 0 0 0 0 0 0 0 0 0 0 0 0 0 0 0 0 0 0 0 0 0 0 0 0 0 0 0 0 0 0 0 0 0 0 0 0 0 0 0 0 0 0 0 0 0 0 0 0 0 0 0 0 0 0 0 0 0 0 0 0 0 0 472 0 0 0 0 0 0 0 0 0 0 0 0 0 0 0 0 0 0 0 0 0 0 0 0 0 0 0 0 0 0 0 0 0 0 0 0
0 0 0 0 0 0 0 0 0 0 0 0 0 0 0 0 0 0 0 0 0 0 0 0 0 0 0 0 0 0 0 0 0 0 0 0 0 0 0 0 0 0 0 0 0 0 0 0 0 0 0 0 0 0 0 0 -125 -341 0 0 0 0 0 0 0 0 0 0 0 0 0 0 0 0 -592 0 0 0 0 0 0 0 0 0 0 0 0 0 0 0 0 0 0 0 0 0 0 0 0 0 0 0 0 0 0 0 0 0 0 0
0 0 0 0 0 0 1 0 24 1 2 0 0 0 15 0 0 -22 -1 0 0 0 0 -8 0 -3 0 15 0 0 0 0 0 1 0 0 0 4 0 0 -3 0 0 11 0 0 0 0 0 12 -7 -10 0 5 0 0 19 -6 10 0 0 -22 0 9 0 0 0 0 0 0 0 0 0 0 0 129 5 -9 0 0 0 0 0 0 0 0 0 0 0 0 0 0 -26 0 0 0 0 0 0 63 0 0 0 0 0 0 0 0 11 0
0 0 0 0 0 0 1 0 -11 0 -2 0 0 0 -46 0 0 11 3 0 0 0 228 29 0 5 0 3 0 0 0 0 0 1 0 0 0 -4 0 0 6 0 0 3 0 0 0 0 0 -38 26 12 0 -5 0 0 162 -59 19 0 0 -4 0 -10 0 1 0 0 0 0 0 0 0 0 0 5 -854 -1 0 0 0 0 0 0 0 0 0 0 0 0 1 0 31 0 0 0 0 0 0 -20 0 0 0 0 0 0 0 0 -11 0
0 0 0 0 0 0 -38 0 -9 0 0 0 0 0 -5 0 0 10 0 0 0 0 0 4 0 0 0 266 0 5 0 0 0 -9 0 0 0 -24 0 0 -20 0 0 192 0 0 0 0 0 -4 4 5 -2 0 0 0 -7 3 -36 0 0 -409 0 -3 0 1 -13 3 4 0 0 0 12 0 0 -9 -1 796 0 0 0 0 0 0 8 0 0 0 0 0 0 0 11 0 -8 0 0 0 0 43 0 0 0 0 6 0 0 0 -4 0
0 0 0 0 0 0 0 1 0 0 0 0 0 0 0 0 0 0 0 0 -128 0 0 2 0 0 0 0 0 0 0 0 0 0 0 0 0 0 0 0 0 0 0 0 0 0 0 0 0 2 2 0 0 0 0 0 0 0 0 0 0 0 0 0 0 0 0 0 0 0 0 0 0 0 0 0 0 0 145 0 0 0 0 0 0 0 0 0 0 1 0 0 0 0 0 -97 0 0 8 0 0 0 0 0 0 0 0 0 0 0
0 0 0 0 0 0 0 0 0 0 0 0 33 0 0 0 0 0 0 0 0 0 0 0 0 0 0 0 0 0 0 0 0 0 0 0 0 0 0 0 0 0 0 0 0 0 0 0 0 0 0 0 0 0 0 0 0 0 0 0 0 0 0 0 0 0 0 0 0 0 0 0 0 0 0 0 0 0 0 591 0 0 0 0 0 0 0 0 0 0 0 0 0 0 0 0 0 0 0 0 0 0 0 0 0 0 -39 0 0 0
0 0 0 0 0 0 0 0 0 0 0 0 0 0 0 0 0 0 0 0 0 0 0 0 0 0 0 0 0 0 0 0 0 0 0 0 0 0 0 0 0 0 0 0 0 0 0 0 0 0 0 0 0 0 0 0 0 0 0 0 0 0 0 0 0 0 0 0 0 0 0 0 0 0 0 0 0 0 0 0 437 0 0 0 0 0 0 0 0 0 0 0 0 0 0 0 0 0 0 0 0 0 0 0 0 0 0 0 0 0
0 0 0 0 0 0 0 0 0 0 0 0 0 0 0 1 0 0 20 0 0 0 0 0 0 0 -1 0 0 0 0 -15 0 0 -2 0 0 28 0 0 -35 0 0 0 0 0 0 -234 -4 0 0 0 0 -47 0 0 0 0 0 0 -9 0 0 0 0 0 4 0 0 0 0 0 0 0 0 0 0 0 0 0 0 -62 0 0 0 0 0 0 0 0 0 0 0 -1 0 0 0 0 0 0 0 -17 0 0 0 0 0 -15 0 0
-25 0 0 0 0 0 -6 0 0 0 0 0 0 0 0 0 0 0 0 0 0 0 0 0 0 0 0 0 0 0 0 0 371 28 0 0 0 0 0 0 0 0 13 0 -62 14 0 0 0 0 0 1 0 0 0 -19 0 0 0 0 0 0 0 0 0 -12 0 0 0 0 0 0 0 0 0 0 0 0 0 0 0 0 -364 0 0 0 0 0 0 0 0 0 0 0 0 0 -6 0 0 0 0 0 0 0 0 0 0 0 0 3
0 0 0 0 0 0 0 0 0 0 0 0 0 0 0 0 0 0 0 0 0 0 0 0 0 0 0 0 0 0 0 0 0 0 0 0 0 0 0 0 0 0 0 0 0 0 0 0 0 0 0 0 0 0 0 0 0 0 0 0 0 0 0 0 0 0 0 0 0 0 0 -480 0 0 0 0 0 0 0 0 0 0 0 -705 0 0 0 0 0 0 0 0 0 0 0 0 0 0 0 0 0 0 0 0 0 0 0 0 0 0
0 0 0 0 0 0 91 0 0 0 0 0 0 0 0 0 0 0 0 0 0 0 0 0 0 0 0 0 0 -9 0 0 0 24 0 0 0 10 0 0 9 0 0 0 0 34 0 0 0 0 0 0 -4 0 0 0 0 0 0 0 0 0 0 0 0 0 6 5 7 0 0 0 23 0 0 0 0 8 0 0 0 0 0 0 248 0 0 0 0 0 0 0 0 0 202 0 0 0 0 0 0 0 0 0 99 0 0 0 0 -234
0 -111 0 0 0 0 -12 0 0 0 0 0 0 0 0 -15 0 0 0 196 0 0 0 0 0 0 0 0 0 0 0 0 0 51 0 -742 0 0 0 0 0 0 0 0 24 0 0 0 -2 0 0 0 0 0 0 0 0 0 0 0 0 0 0 0 0 0 0 0 0 267 0 0 0 0 0 0 0 0 0 0 0 0 0 0 0 541 0 0 0 0 0 0 0 0 0 0 0 0 0 0 0 0 0 0 0 0 0 0 0 0
0 0 0 0 0 0 0 0 0 0 0 0 0 0 0 0 0 0 0 0 0 0 0 0 0 0 0 0 0 0 0 0 0 0 0 0 0 0 0 0 0 0 0 0 0 0 0 0 0 0 0 0 0 0 0 0 0 0 0 0 0 0 0 0 0 0 0 0 0 0 0 0 0 0 0 0 0 0 0 0 0 0 0 0 0 0 -85 0 0 0 0 0 0 0 0 0 0 0 0 0 0 0 0 0 0 0 0 0 0 0
0 0 0 0 0 0 0 0 0 0 0 0 0 0 0 0 0 0 0 0 0 0 0 0 0 0 0 0 0 0 0 0 0 0 0 0 0 0 0 0 0 0 0 0 0 0 0 0 0 0 0 0 0 0 0 0 0 0 0 0 0 0 0 0 0 0 0 0 0 0 0 0 0 0 0 0 0 0 0 0 0 0 0 0 0 0 0 353 0 0 0 0 0 0 0 0 0 0 0 0 0 0 0 0 0 0 0 0 0 0
0 0 0 0 0 0 0 0 0 0 0 0 0 0 0 0 0 0 0 0 0 0 0 0 0 0 0 0 0 0 0 0 0 0 0 0 0 0 0 0 0 0 0 0 0 0 0 0 0 0 0 0 0 0 0 0 0 0 0 0 0 0 0 0 0 0 0 0 0 0 0 0 0 0 0 0 0 0 0 0 0 0 0 0 0 0 0 0 -825 0 0 0 0 0 0 0 0 0 0 0 0 0 0 0 0 0 0 0 0 0
0 0 0 0 0 0 0 -135 0 1 0 0 0 0 0 0 0 0 0 0 0 0 0 -1 0 0 0 0 0 0 0 0 0 0 0 0 0 0 0 0 0 0 0 0 0 0 0 0 0 -1 0 -4 0 0 -4 0 0 0 0 0 0 0 0 0 0 0 0 0 0 0 0 0 0 0 0 0 0 0 1 0 0 0 0 0 0 0 0 0 0 -512 0 0 0 0 0 0 0 0 1 0 0 0 0 0 0 0 0 0 -4 0
0 0 0 0 0 0 0 0 1 35 1 0 0 0 1 0 0 0 1 0 0 0 0 0 0 1 0 0 0 0 0 0 0 0 0 0 0 0 0 0 1 0 0 0 0 0 0 0 0 1 0 1 206 0 0 0 1 0 0 0 0 0 0 1 0 0 0 0 136 0 0 0 0 0 0 0 1 0 0 0 0 0 0 0 0 0 0 0 0 0 539 0 0 0 0 0 0 0 0 1 0 0 0 0 0 0 0 0 1 0
0 0 0 71 0 0 0 0 0 0 0 0 0 0 0 0 0 0 0 0 0 0 0 0 0 0 0 0 0 0 0 0 0 0 0 0 0 0 0 0 0 0 0 0 0 0 0 0 0 0 0 0 0 0 0 0 0 0 0 0 0 0 0 0 0 0 0 0 0 0 0 0 0 0 0 0 0 0 0 0 0 0 0 0 0 0 0 0 0 0 0 99 0 0 0 0 0 0 0 0 0 0 0 0 0 0 0 0 0 0
0 0 0 0 0 0 0 0 66 4 -2 0 0 0 95 0 0 -60 -13 0 0 -6 0 -57 0 -25 0 -16 0 1 0 1 0 0 0 0 0 25 0 0 -30 0 0 -11 0 0 0 0 0 78 -51 -263 0 32 0 0 121 -44 -102 0 0 26 0 235 0 -1 0 0 0 0 0 0 0 0 0 -26 31 11 0 0 0 0 0 0 0 0 0 0 0 0 0 0 -220 -4 0 0 0 0 0 119 0 0 0 0 0 0 0 0 262 0
0 0 0 0 0 0 0 0 0 0 -64 0 0 0 0 0 0 0 0 0 0 -230 0 0 0 0 1 0 0 0 0 -69 0 0 -4 0 0 0 0 0 0 0 0 0 0 0 0 1 1 0 0 0 0 0 0 0 0 0 0 0 1 0 0 0 0 0 0 0 0 0 0 0 0 0 0 0 0 0 0 0 0 -1 0 0 0 0 0 0 0 0 0 0 -4 500 0 0 0 0 0 0 0 0 0 0 0 0 0 1 0 0
0 0 0 0 0 0 -106 0 0 0 0 0 0 0 0 0 0 0 0 0 0 0 0 0 0 0 0 0 0 12 0 0 0 -27 0 0 0 -11 0 0 -9 0 0 0 0 46 0 0 0 0 0 0 6 0 0 0 0 0 0 0 0 0 0 0 0 0 -6 -5 -7 0 0 0 -26 0 0 0 0 -8 0 0 0 0 0 0 202 0 0 0 0 0 0 0 0 0 357 0 0 0 0 0 0 0 0 0 154 0 0 0 0 -314
0 0 0 0 0 0 0 0 0 1 0 0 0 0 0 0 0 0 0 0 214 0 0 -5 0 0 0 0 0 0 0 0 0 0 0 0 0 0 0 0 0 0 0 0 0 0 0 0 0 -7 -5 -1 0 0 -1 0 0 0 0 0 0 0 0 0 0 0 0 0 0 0 0 0 0 0 0 0 0 0 -97 0 0 0 0 0 0 0 0 0 0 0 0 0 0 0 0 169 0 0 -14 0 0 0 0 0 0 0 0 0 -1 0
0 0 -170 0 0 0 0 0 0 0 0 0 0 0 0 0 0 0 0 0 0 0 0 0 0 0 0 -63 0 0 0 0 -12 0 0 0 0 0 0 0 0 0 166 89 0 -134 0 0 0 0 0 0 0 0 0 0 0 0 0 0 0 0 0 1 0 9 0 0 0 0 0 0 0 0 0 0 0 0 0 0 0 0 -6 0 0 0 0 0 0 0 0 0 0 0 0 0 215 0 0 0 0 0 0 0 0 0 0 0 1 -19
0 0 0 0 0 0 0 0 0 0 0 0 0 0 0 0 0 0 0 0 0 0 0 0 0 0 0 0 0 0 0 0 0 0 0 0 0 0 0 0 0 0 0 0 0 0 0 0 0 0 0 0 0 0 0 0 0 0 0 0 0 0 0 0 0 0 0 0 0 0 0 0 0 0 0 0 0 0 0 0 0 0 0 0 0 0 0 0 0 0 0 0 0 0 0 0 0 -558 0 0 0 0 0 0 0 0 0 0 0 0
0 0 0 0 0 0 0 1 0 0 0 0 0 0 0 0 0 0 0 0 -19 0 0 1 0 0 0 0 0 0 0 0 0 0 0 0 0 0 0 0 0 0 0 0 0 0 0 0 0 1 1 1 0 0 1 0 0 0 0 0 0 0 0 0 0 0 0 0 0 0 0 0 0 0 0 0 0 0 8 0 0 0 0 0 0 0 0 0 0 1 0 0 0 0 0 -14 0 0 -67 0 0 0 0 0 0 0 0 0 1 0
0 0 0 0 0 0 -3 0 -106 -1 -8 0 0 0 -64 0 0 100 8 0 0 0 0 40 0 16 0 -64 0 1 0 0 0 0 0 0 0 -14 0 0 18 0 0 -46 0 0 0 0 0 -52 36 46 0 -18 0 0 -81 31 -43 0 0 101 0 -40 0 1 0 0 0 0 0 0 0 0 0 63 -20 43 0 0 0 0 0 0 0 0 0 0 0 0 1 0 119 0 0 0 0 0 0 -142 0 0 0 0 0 0 0 0 -45 0
0 0 0 0 0 0 0 0 0 0 0 0 0 0 0 0 0 0 0 0 0 0 0 0 0 0 0 0 0 0 0 0 0 0 0 0 0 0 0 0 0 0 0 0 0 0 0 0 0 0 0 0 0 0 0 0 0 0 0 0 0 0 0 0 0 0 0 0 0 0 0 0 0 0 0 0 0 0 0 0 0 0 0 0 0 0 0 0 0 0 0 0 0 0 0 0 0 0 0 0 -804 0 0 0 0 0 0 0 0 0
0 0 0 0 0 0 0 0 0 0 0 0 0 0 0 0 0 0 18 0 0 0 0 0 0 0 0 -20 0 0 0 0 0 0 0 0 0 3 0 0 -48 0 0 -14 0 0 0 -40 0 0 0 0 0 -41 0 0 0 0 0 0 0 -20 0 0 0 0 68 0 0 0 0 0 0 0 0 0 0 0 0 0 0 -17 0 0 0 0 0 0 0 0 0 0 0 0 0 0 0 0 0 0 0 -627 0 0 0 0 0 0 0 0
0 0 0 0 0 0 0 0 0 0 0 0 0 0 0 0 0 0 0 0 0 0 0 0 0 0 0 0 0 0 0 0 0 0 0 0 0 0 0 0 0 0 0 0 0 0 0 0 0 0 0 0 0 0 0 0 0 0 0 0 0 0 0 0 0 0 0 0 0 0 0 0 0 0 0 0 0 0 0 0 0 0 0 0 0 0 0 0 0 0 0 0 0 0 0 0 0 0 0 0 0 0 -617 0 0 0 0 0 0 0
0 0 0 0 0 0 0 0 0 0 0 0 0 0 0 0 0 0 0 0 0 0 0 0 0 0 0 0 0 0 0 0 0 0 0 0 0 0 0 0 0 0 0 0 0 0 0 0 0 0 0 0 0 0 0 0 0 0 0 0 0 0 0 0 0 0 0 0 0 0 0 0 0 0 0 0 0 0 0 0 0 0 0 0 0 0 0 0 0 0 0 0 0 0 0 0 0 0 0 0 0 0 0 768 0 0 0 0 0 0
0 0 0 0 0 0 70 0 0 0 0 0 0 0 0 0 0 0 0 0 0 0 0 0 0 0 0 0 0 -7 0 0 0 18 0 0 0 8 0 0 7 0 0 0 0 26 0 0 0 0 0 0 -3 0 0 0 0 0 0 0 0 0 0 0 0 0 5 4 5 0 0 0 18 0 0 0 0 6 0 0 0 0 0 0 99 0 0 0 0 0 0 0 0 0 154 0 0 0 0 0 0 0 0 0 194 0 0 0 0 -178
0 0 0 0 0 0 0 0 0 0 0 0 0 0 0 0 0 0 0 0 0 0 0 0 0 0 0 0 0 0 0 0 0 0 0 0 0 0 0 0 0 0 0 0 0 0 0 0 0 0 0 0 0 0 0 0 0 0 0 0 0 0 0 0 0 0 0 0 0 0 0 0 0 0 0 0 0 0 0 0 0 0 0 0 0 0 0 0 0 0 0 0 0 0 0 0 0 0 0 0 0 0 0 0 0 -950 0 0 0 0
0 0 0 0 0 0 0 0 0 0 0 0 382 0 0 0 0 0 0 0 0 0 0 0 0 0 0 0 0 0 0 0 0 0 0 0 0 0 0 0 0 0 0 0 0 0 0 0 0 0 0 0 0 0 0 0 0 0 0 0 0 0 0 0 0 0 0 0 0 0 0 0 0 0 0 0 0 0 0 -39 0 0 0 0 0 0 0 0 0 0 0 0 0 0 0 0 0 0 0 0 0 0 0 0 0 0 -171 0 0 0
0 0 0 0 0 0 0 0 0 0 0 0 0 0 0 0 0 0 0 0 0 0 0 0 0 0 1 0 0 0 0 2 0 0 0 0 0 0 0 0 0 0 0 0 0 0 0 7 1 0 0 0 0 0 0 0 0 0 0 0 1 0 0 0 0 0 0 0 0 0 0 0 0 0 0 0 0 0 0 0 0 -15 0 0 0 0 0 0 0 0 0 0 0 1 0 0 0 0 0 0 0 0 0 0 0 0 0 -458 0 0
0 0 1 0 0 0 1 -1 -24 -11 -18 0 0 0 -36 0 0 24 5 0 -1 0 0 -39 0 10 0 7 0 0 0 0 0 1 0 0 0 -8 0 0 11 0 0 5 0 0 0 0 0 -112 -35 -259 1 -11 -16 0 -46 18 40 0 0 -9 0 254 0 0 0 0 1 0 0 0 0 0 0 11 -11 -4 0 0 0 0 0 0 0 0 0 0 0 -4 1 0 262 0 0 -1 1 0 1 -45 0 0 0 0 0 0 0 0 -305 0
0 0 0 0 0 0 0 0 0 0 0 0 0 0 0 0 0 0 0 0 0 0 0 0 0 0 0 0 0 0 0 0 4 0 0 0 0 0 0 0 0 0 35 0 0 -61 0 0 0 0 0 1 0 0 0 0 0 0 0 0 0 0 0 0 0 -35 0 0 0 0 0 0 0 0 0 0 0 0 0 0 0 0 3 0 -234 0 0 0 0 0 0 0 0 0 -314 0 -19 0 0 0 0 0 0 0 -178 0 0 0 0 150

