Q_obj 
182 0 0 0 0 0 0 0 0 0 0 0 0 0 0 0 0 0 0 89 0 -3 0 0 0 0 0 -1 0 26 0 0 43 -133 0 0 2 0 0 -99 0 -177 0 0 13 0 -10 0 0 0 0 660 0 82 -124 0 0 0 -1 3
0 47 -6 149 256 0 0 -85 30 0 0 0 25 -4 0 0 -54 -32 273 -237 7 10 0 0 430 0 0 0 0 57 0 -56 13 0 46 0 0 0 0 -16 0 -110 -49 7 0 0 50 0 0 0 0 0 -89 0 14 4 0 7 0 0
0 -6 -186 8 -4 0 0 13 -30 2 0 0 12 5 -372 0 0 11 -4 -9 -1 1 0 0 -4 0 0 0 0 -35 0 -11 -4 0 -2 0 0 0 0 0 0 -9 3 -1 -4 0 -16 0 0 0 0 0 -18 1 0 -3 0 -6 0 0
0 149 8 -418 69 0 0 -9 -177 -4 0 9 15 186 4 0 -16 24 73 -71 -4 3 0 0 115 0 0 3 0 -26 0 -20 -9 0 -90 0 0 -4 0 10 0 -39 100 -4 59 0 -38 0 0 -158 0 0 -31 -8 -7 -127 0 -250 0 0
0 256 -4 69 -226 0 0 -36 62 2 0 -2 -6 -118 0 0 -23 -26 13 -64 -3 5 0 0 158 0 0 0 0 30 0 -23 -57 -185 -51 0 0 2 0 16 0 -44 234 -3 -17 0 51 0 110 46 0 -37 -29 3 -12 -52 0 75 0 0
0 0 0 0 0 -782 0 0 0 0 0 0 0 0 0 0 0 0 0 0 0 0 0 0 0 0 0 0 0 0 0 0 0 0 0 0 0 0 0 0 0 0 0 0 0 0 0 0 0 0 344 0 0 0 0 0 0 0 0 0
0 0 0 0 0 0 244 0 0 0 0 0 0 0 0 0 0 0 0 0 0 0 0 0 0 0 0 0 0 0 0 0 0 0 0 0 0 0 0 0 0 0 0 0 0 0 0 0 0 0 0 0 0 0 0 0 0 0 0 0
0 -85 13 -9 -36 0 0 138 -39 36 0 0 148 7 16 0 -9 -3 -38 -43 1 2 0 0 -223 0 0 0 0 51 0 -282 4 0 -16 0 0 0 0 0 0 -14 19 1 -111 0 13 0 0 0 0 0 -446 18 0 -4 0 -8 0 0
0 30 -30 -177 62 0 0 -39 439 17 0 0 -56 -103 -11 0 7 -115 66 86 22 -1 0 0 -53 0 0 0 0 136 0 24 47 0 16 0 0 0 0 0 0 63 -16 22 -214 0 184 0 0 0 0 0 38 33 0 72 0 139 0 0
0 0 2 -4 2 0 0 36 17 695 0 0 0 -2 0 0 1 11 2 0 -1 0 0 0 0 0 0 0 0 -19 0 -15 3 0 0 0 0 0 0 0 0 -2 0 -1 46 0 12 0 0 0 0 0 -24 -6 0 2 0 4 0 0
0 0 0 0 0 0 0 0 0 0 285 0 0 0 0 0 0 0 0 0 0 0 0 0 0 0 0 0 0 0 0 0 0 0 0 0 0 0 0 0 0 0 0 0 0 0 0 0 0 0 0 0 0 0 0 0 0 0 0 0
0 0 0 9 -2 0 0 0 0 0 0 -142 0 -5 0 63 0 0 -2 0 0 0 0 0 0 0 0 -305 0 0 0 0 0 0 0 0 0 597 -13 0 0 0 0 0 0 0 0 37 0 -27 0 0 0 0 0 4 0 8 0 18
0 25 12 15 -6 0 0 148 -56 0 0 0 157 9 0 0 -54 -32 -6 -36 7 10 -185 0 -330 0 0 0 0 -71 0 99 0 0 46 -7 0 0 0 0 0 -28 -49 7 0 0 -3 0 0 0 0 0 156 0 0 -6 0 -11 0 0
0 -4 5 186 -118 0 0 7 -103 -2 0 -5 9 274 2 0 0 17 0 -13 -7 1 0 0 9 0 0 -1 0 -21 0 -5 -7 -191 -2 0 0 4 0 0 0 -9 3 -7 34 0 -28 0 0 101 0 -38 -4 -5 0 308 0 420 0 0
0 0 -372 4 0 0 0 16 -11 0 0 0 0 2 274 0 0 0 0 0 0 0 0 0 0 0 0 0 0 -15 0 0 0 0 0 0 0 0 0 0 0 -2 0 0 0 0 0 0 0 0 0 0 0 0 0 -1 0 -2 0 0
0 0 0 0 0 0 0 0 0 0 0 63 0 0 0 473 0 0 0 0 0 0 0 0 0 0 0 497 0 0 0 0 0 0 0 0 0 242 0 0 0 0 0 0 0 0 0 0 0 5 0 0 0 0 0 0 0 0 0 273
0 -54 0 -16 -23 0 0 -9 7 1 0 0 -54 0 0 0 -681 103 -24 46 -22 221 0 0 23 0 13 0 0 5 0 -6 -15 0 0 0 0 0 0 1 0 25 1 -16 0 0 -61 0 0 0 0 1 -10 0 2 1 0 2 -17 0
0 -32 11 24 -26 0 0 -3 -115 11 0 0 -32 17 0 0 103 -321 -21 28 -84 -18 0 0 14 0 0 0 0 -153 0 -63 126 -9 0 0 0 0 0 0 0 -8 1 -84 0 0 494 0 0 0 0 -1 30 0 0 -14 0 -24 0 0
0 273 -4 73 13 0 0 -38 66 2 0 -2 -6 0 0 0 -24 -21 -224 -81 13 5 0 0 168 0 0 0 0 29 0 -18 72 175 -230 0 0 2 0 17 0 -21 88 13 -18 0 21 0 -102 49 0 36 -35 3 -12 127 0 80 0 0
89 -237 -9 -71 -64 0 0 -43 86 0 0 0 -36 -13 0 0 46 28 -81 -56 -5 -9 -143 0 195 0 0 1 0 127 0 -28 23 57 -73 -5 0 1 0 -41 0 -86 131 -5 -5 0 23 0 -8 0 0 -301 -45 -36 -51 10 0 18 0 -1
0 7 -1 -4 -3 0 0 1 22 -1 0 0 7 -7 0 0 -22 -84 13 -5 -250 -13 0 0 -2 0 169 0 0 29 0 -153 -23 -27 1 0 0 0 0 0 0 2 0 -482 -14 0 -93 0 0 0 0 7 99 -98 0 -3 0 5 -4 0
-3 10 1 3 5 0 0 2 -1 0 0 0 10 1 0 0 221 -18 5 -9 -13 486 0 0 -4 0 69 0 0 -1 0 2 3 0 1 0 0 0 0 5 0 -1 0 21 0 0 12 0 0 0 0 1 2 -1 6 0 0 0 -93 0
0 0 0 0 0 0 0 0 0 0 0 0 -185 0 0 0 0 0 0 -143 0 0 387 0 -88 0 0 0 0 11 0 0 0 0 0 21 0 0 0 0 0 -70 0 0 0 0 0 0 0 0 0 0 0 0 0 0 0 0 0 0
0 0 0 0 0 0 0 0 0 0 0 0 0 0 0 0 0 0 0 0 0 0 0 -476 0 0 0 0 0 0 0 0 0 0 0 0 0 0 0 0 0 0 0 0 0 0 0 0 0 0 0 0 0 0 0 0 0 0 0 0
0 430 -4 115 158 0 0 -223 -53 0 0 0 -330 9 0 0 23 14 168 195 -2 -4 -88 0 267 0 0 0 0 -84 0 -148 -11 0 104 -3 0 0 0 0 0 86 -114 -2 0 0 -46 0 0 0 0 0 -234 0 0 -5 0 -11 0 0
0 0 0 0 0 0 0 0 0 0 0 0 0 0 0 0 0 0 0 0 0 0 0 0 0 209 0 0 -549 0 0 0 0 0 0 0 0 0 0 0 0 0 0 0 0 0 0 0 0 0 0 0 0 0 0 0 0 0 0 0
0 0 0 0 0 0 0 0 0 0 0 0 0 0 0 0 13 0 0 0 169 69 0 0 0 0 -364 0 0 0 0 0 0 10 0 0 0 0 0 0 0 0 0 -167 60 0 0 0 0 0 0 -47 0 395 0 0 0 0 21 0
-1 0 0 3 0 0 0 0 0 0 0 -305 0 -1 0 497 0 0 0 1 0 0 0 0 0 0 0 206 0 1 0 0 1 1 0 0 12 -167 11 0 0 -1 0 0 0 0 0 -28 0 -6 0 -1 0 0 0 2 0 3 0 -370
0 0 0 0 0 0 0 0 0 0 0 0 0 0 0 0 0 0 0 0 0 0 0 0 0 -549 0 0 -284 0 0 0 0 0 0 0 0 0 0 0 0 0 0 0 0 0 0 0 0 0 0 0 0 0 0 0 0 0 0 0
26 57 -35 -26 30 0 0 51 136 -19 0 0 -71 -21 -15 0 5 -153 29 127 29 -1 11 0 -84 0 0 1 0 588 0 -10 66 17 35 1 0 1 0 -11 0 127 -23 30 186 0 239 0 -2 0 0 -86 -15 -38 -14 15 0 29 0 0
0 0 0 0 0 0 0 0 0 0 0 0 0 0 0 0 0 0 0 0 0 0 0 0 0 0 0 0 0 0 190 0 0 0 0 0 0 0 0 0 0 0 0 0 0 0 0 0 0 0 0 0 0 0 0 0 0 0 0 0
0 -56 -11 -20 -23 0 0 -282 24 -15 0 0 99 -5 0 0 -6 -63 -18 -28 -153 2 0 0 -148 0 0 0 0 -10 0 -28 2 -9 -11 0 0 0 0 0 0 -15 13 -154 49 0 5 0 0 0 0 -2 -38 -7 0 1 0 5 0 0
43 13 -4 -9 -57 0 0 4 47 3 0 0 0 -7 0 0 -15 126 72 23 -23 3 0 0 -11 0 0 1 0 66 0 2 -5 69 -239 0 0 1 0 -19 0 -19 -223 -23 -2 0 5 0 82 0 0 -136 2 -17 -24 6 0 10 0 0
-133 0 0 0 -185 0 0 0 0 0 0 0 0 -191 0 0 0 -9 175 57 -27 0 0 0 0 0 10 1 0 17 0 -9 69 -686 -52 0 0 1 0 0 0 -113 -47 -23 2 0 -17 0 -64 0 0 -139 7 12 0 -278 0 0 0 0
0 46 -2 -90 -51 0 0 -16 16 0 0 0 46 -2 0 0 0 0 -230 -73 1 1 0 0 104 0 0 0 0 35 0 -11 -239 -52 459 0 0 0 0 5 0 -94 -238 1 0 0 72 0 -108 0 0 -10 -17 0 -3 2 0 4 0 0
0 0 0 0 0 0 0 0 0 0 0 0 -7 0 0 0 0 0 0 -5 0 0 21 0 -3 0 0 0 0 1 0 0 0 0 0 625 0 0 0 0 0 -2 0 0 0 0 0 0 0 0 0 0 0 0 0 0 0 0 0 0
2 0 0 0 0 0 0 0 0 0 0 0 0 0 0 0 0 0 0 0 0 0 0 0 0 0 0 12 0 0 0 0 0 0 0 0 951 7 0 0 0 2 0 0 1 0 1 0 0 0 0 3 0 1 0 0 0 0 0 -26
0 0 0 -4 2 0 0 0 0 0 0 597 0 4 0 242 0 0 2 1 0 0 0 0 0 0 0 -167 0 1 0 0 1 1 0 0 7 345 -18 0 0 0 0 0 0 0 0 49 0 17 0 -1 0 0 0 -2 0 -4 0 -228
0 0 0 0 0 0 0 0 0 0 0 -13 0 0 0 0 0 0 0 0 0 0 0 0 0 0 0 11 0 0 0 0 0 0 0 0 0 -18 328 0 0 0 0 0 0 0 0 22 0 0 0 0 0 0 0 0 0 0 0 0
-99 -16 0 10 16 0 0 0 0 0 0 0 0 0 0 0 1 0 17 -41 0 5 0 0 0 0 0 0 0 -11 0 0 -19 0 5 0 0 0 0 500 0 83 -5 0 0 0 6 0 0 0 0 1 0 0 68 0 0 0 2 0
0 0 0 0 0 0 0 0 0 0 0 0 0 0 0 0 0 0 0 0 0 0 0 0 0 0 0 0 0 0 0 0 0 0 0 0 0 0 0 0 -331 0 0 0 0 0 0 0 0 0 0 0 0 0 0 0 0 0 0 0
-177 -110 -9 -39 -44 0 0 -14 63 -2 0 0 -28 -9 -2 0 25 -8 -21 -86 2 -1 -70 0 86 0 0 -1 0 127 0 -15 -19 -113 -94 -2 2 0 0 83 0 128 6 2 38 0 56 0 17 0 0 602 -25 69 103 7 0 14 1 3
0 -49 3 100 234 0 0 19 -16 0 0 0 -49 3 0 0 1 1 88 131 0 0 0 0 -114 0 0 0 0 -23 0 13 -223 -47 -238 0 0 0 0 -5 0 6 504 0 0 0 46 0 -99 0 0 -9 20 0 5 -1 0 -3 0 0
0 7 -1 -4 -3 0 0 1 22 -1 0 0 7 -7 0 0 -16 -84 13 -5 -482 21 0 0 -2 0 -167 0 0 30 0 -154 -23 -23 1 0 0 0 0 0 0 2 0 -256 15 0 -93 0 0 0 0 -16 100 98 0 -3 0 5 5 0
13 0 -4 59 -17 0 0 -111 -214 46 0 0 0 34 0 0 0 0 -18 -5 -14 0 0 0 0 0 60 0 0 186 0 49 -2 2 0 0 1 0 0 0 0 38 0 15 392 0 1 0 0 0 0 -8 77 14 0 -22 0 -44 0 1
0 0 0 0 0 0 0 0 0 0 0 0 0 0 0 0 0 0 0 0 0 0 0 0 0 0 0 0 0 0 0 0 0 0 0 0 0 0 0 0 0 0 0 0 0 662 0 0 0 0 0 0 0 0 0 0 -350 0 0 0
-10 50 -16 -38 51 0 0 13 184 12 0 0 -3 -28 0 0 -61 494 21 23 -93 12 0 0 -46 0 0 0 0 239 0 5 5 -17 72 0 1 0 0 6 0 56 46 -93 1 0 12 0 -20 0 0 35 8 5 7 20 0 39 1 1
0 0 0 0 0 0 0 0 0 0 0 37 0 0 0 0 0 0 0 0 0 0 0 0 0 0 0 -28 0 0 0 0 0 0 0 0 0 49 22 0 0 0 0 0 0 0 0 279 0 0 0 0 0 0 0 0 0 0 0 0
0 0 0 0 110 0 0 0 0 0 0 0 0 0 0 0 0 0 -102 -8 0 0 0 0 0 0 0 0 0 -2 0 0 82 -64 -108 0 0 0 0 0 0 17 -99 0 0 0 -20 0 -59 0 0 -13 0 0 0 0 0 0 0 0
0 0 0 -158 46 0 0 0 0 0 0 -27 0 101 0 5 0 0 49 0 0 0 0 0 0 0 0 -6 0 0 0 0 0 0 0 0 0 17 0 0 0 0 0 0 0 0 0 0 0 -91 0 0 0 0 0 -69 0 -135 0 2
0 0 0 0 0 344 0 0 0 0 0 0 0 0 0 0 0 0 0 0 0 0 0 0 0 0 0 0 0 0 0 0 0 0 0 0 0 0 0 0 0 0 0 0 0 0 0 0 0 0 -138 0 0 0 0 0 0 0 0 0
660 0 0 0 -37 0 0 0 0 0 0 0 0 -38 0 0 1 -1 36 -301 7 1 0 0 0 0 -47 -1 0 -86 0 -2 -136 -139 -10 0 3 -1 0 1 0 602 -9 -16 -8 0 35 0 -13 0 0 -21 2 -56 1 -56 0 0 1 5
0 -89 -18 -31 -29 0 0 -446 38 -24 0 0 156 -4 0 0 -10 30 -35 -45 99 2 0 0 -234 0 0 0 0 -15 0 -38 2 7 -17 0 0 0 0 0 0 -25 20 100 77 0 8 0 0 0 0 2 -64 -11 0 6 0 8 0 0
82 0 1 -8 3 0 0 18 33 -6 0 0 0 -5 0 0 0 0 3 -36 -98 -1 0 0 0 0 395 0 0 -38 0 -7 -17 12 0 0 1 0 0 0 0 69 0 98 14 0 5 0 0 0 0 -56 -11 479 -1 4 0 7 0 1
-124 14 0 -7 -12 0 0 0 0 0 0 0 0 0 0 0 2 0 -12 -51 0 6 0 0 0 0 0 0 0 -14 0 0 -24 0 -3 0 0 0 0 68 0 103 5 0 0 0 7 0 0 0 0 1 0 -1 530 0 0 0 2 0
0 4 -3 -127 -52 0 0 -4 72 2 0 4 -6 308 -1 0 1 -14 127 10 -3 0 0 0 -5 0 0 2 0 15 0 1 6 -278 2 0 0 -2 0 0 0 7 -1 -3 -22 0 20 0 0 -69 0 -56 6 4 0 509 0 -288 0 0
0 0 0 0 0 0 0 0 0 0 0 0 0 0 0 0 0 0 0 0 0 0 0 0 0 0 0 0 0 0 0 0 0 0 0 0 0 0 0 0 0 0 0 0 0 -350 0 0 0 0 0 0 0 0 0 0 412 0 0 0
0 7 -6 -250 75 0 0 -8 139 4 0 8 -11 420 -2 0 2 -24 80 18 5 0 0 0 -11 0 0 3 0 29 0 5 10 0 4 0 0 -4 0 0 0 14 -3 5 -44 0 39 0 0 -135 0 0 8 7 0 -288 0 -44 0 0
-1 0 0 0 0 0 0 0 0 0 0 0 0 0 0 0 -17 0 0 0 -4 -93 0 0 0 0 21 0 0 0 0 0 0 0 0 0 0 0 0 2 0 1 0 5 0 0 1 0 0 0 0 1 0 0 2 0 0 0 830 0
3 0 0 0 0 0 0 0 0 0 0 18 0 0 0 273 0 0 0 -1 0 0 0 0 0 0 0 -370 0 0 0 0 0 0 0 0 -26 -228 0 0 0 3 0 0 1 0 1 0 0 2 0 5 0 1 0 0 0 0 0 760

