Q_obj 
142 61 -121 1 69 9 -3 -63 175 117 -50 -180 -90 -15 -171 -64 44 58 -35 -68
61 -937 8 -151 164 -23 0 -28 -87 -36 -37 10 -26 13 5 16 -9 -4 -40 -35
-121 8 127 -35 -14 16 -22 -1 -182 9 -7 108 7 -4 158 47 -25 -56 -2 3
1 -151 -35 -348 -314 14 8 70 159 -72 66 -50 99 -10 -96 -46 -108 20 61 88
69 164 -14 -314 -186 2 -6 -84 73 158 -61 -23 -123 -14 31 14 -24 2 -53 -97
9 -23 16 14 2 -35 145 -13 44 241 337 32 395 -40 62 -68 52 0 -20 292
-3 0 -22 8 -6 145 -231 13 11 -109 307 2 50 28 12 -2 -8 0 2 -422
-63 -28 -1 70 -84 -13 13 -568 27 -9 -47 0 5 68 -1 0 -1 0 19 -20
175 -87 -182 159 73 44 11 27 86 25 25 -266 41 -44 -317 -135 117 80 56 42
117 -36 9 -72 158 241 -109 -9 25 25 56 15 -172 -81 144 -9 115 -2 198 51
-50 -37 -7 66 -61 337 307 -47 25 56 -233 20 264 -229 13 -37 11 0 3 -168
-180 10 108 -50 -23 32 2 0 -266 15 20 122 22 -6 235 268 -36 -83 0 18
-90 -26 7 99 -123 395 50 5 41 -172 264 22 -261 7 -6 -51 -29 1 -81 138
-15 13 -4 -10 -14 -40 28 68 -44 -81 -229 -6 7 -567 -66 14 -21 0 -96 -83
-171 5 158 -96 31 62 12 -1 -317 144 13 235 -6 -66 15 102 -27 -69 52 -9
-64 16 47 -46 14 -68 -2 0 -135 -9 -37 268 -51 14 102 -336 -20 -38 0 -53
44 -9 -25 -108 -24 52 -8 -1 117 115 11 -36 -29 -21 -27 -20 -485 11 43 -1
58 -4 -56 20 2 0 0 0 80 -2 0 -83 1 0 -69 -38 11 -55 0 3
-35 -40 -2 61 -53 -20 2 19 56 198 3 0 -81 -96 52 0 43 0 370 -51
-68 -35 3 88 -97 292 -422 -20 42 51 -168 18 138 -83 -9 -53 -1 3 -51 182

