Q_obj 
-36 -92 156 339 110 -54 150 214 56 386 -32 -1 117 108 -189 241 32 -249 0 100
-92 31 19 -152 -273 -13 -35 -76 75 -172 -43 -120 19 -29 78 39 -11 -49 -133 -40
156 19 109 -68 199 22 -159 -28 14 -99 -7 368 -21 -1 88 0 -4 -31 280 -46
339 -152 -68 -14 110 -410 187 130 158 110 -87 5 -119 139 148 89 20 14 32 -77
110 -273 199 110 -304 119 6 -61 -120 193 72 510 -93 -105 18 -28 -9 72 -118 -9
-54 -13 22 -410 119 -397 153 -173 -34 317 16 -15 138 -297 73 68 -25 -13 38 -37
150 -35 -159 187 6 153 -400 -72 -75 295 46 -402 -79 -141 65 40 -10 -167 82 -33
214 -76 -28 130 -61 -173 -72 -132 145 135 72 6 -36 515 57 -190 33 -10 -1 10
56 75 14 158 -120 -34 -75 145 -212 163 542 38 70 -47 227 192 22 29 0 -118
386 -172 -99 110 193 317 295 135 163 -9 -142 17 247 -84 189 212 20 6 -25 -98
-32 -43 -7 -87 72 16 46 72 542 -142 394 -22 -43 -141 -132 -110 11 -16 0 70
-1 -120 368 5 510 -15 -402 6 38 17 -22 145 16 2 17 33 1 328 -207 -8
117 19 -21 -119 -93 138 -79 -36 70 247 -43 16 -606 -122 -154 250 -5 48 17 82
108 -29 -1 139 -105 -297 -141 515 -47 -84 -141 2 -122 -233 -10 -227 76 -12 5 6
-189 78 88 148 18 73 65 57 227 189 -132 17 -154 -10 -448 -85 -104 -63 0 -34
241 39 0 89 -28 68 40 -190 192 212 -110 33 250 -227 -85 -329 -27 23 -2 45
32 -11 -4 20 -9 -25 -10 33 22 20 11 1 -5 76 -104 -27 -346 -1 0 -213
-249 -49 -31 14 72 -13 -167 -10 29 6 -16 328 48 -12 -63 23 -1 84 224 34
0 -133 280 32 -118 38 82 -1 0 -25 0 -207 17 5 0 -2 0 224 610 0
100 -40 -46 -77 -9 -37 -33 10 -118 -98 70 -8 82 6 -34 45 -213 34 0 -495

