Q_obj 
374 -135 43 17 -36 138 2 -123 58 -293 130 10 42 -5 -32 61 -8 -86 -236 16
-135 -43 84 27 -20 100 0 160 -243 -108 67 2 -65 23 -107 -124 -108 130 -44 -182
43 84 -300 121 -73 34 -144 -305 -68 -45 94 -23 20 69 30 -60 -149 224 25 11
17 27 121 -680 -22 -9 479 -95 -21 -14 30 -87 -232 28 -1 -29 -46 -44 11 4
-36 -20 -73 -22 16 -2 0 125 134 26 4 -182 66 181 -17 6 -14 8 -29 2
138 100 34 -9 -2 -478 9 45 -46 3 90 0 -8 2 -616 -115 -51 7 108 10
2 0 -144 479 0 9 219 0 1 0 0 -9 97 -44 5 5 0 54 -3 -1
-123 160 -305 -95 125 45 0 -10 181 -54 -14 49 -142 -4 -116 -31 -77 289 -139 90
58 -243 -68 -21 134 -46 1 181 208 152 134 44 87 -77 121 3 -110 -207 96 -113
-293 -108 -45 -14 26 3 0 -54 152 637 96 0 66 -23 -131 -4 11 -133 -234 13
130 67 94 30 4 90 0 -14 134 96 66 2 82 -31 82 -217 -163 -180 9 200
10 2 -23 -87 -182 0 -9 49 44 0 2 -318 149 402 0 -1 -1 10 -10 -8
42 -65 20 -232 66 -8 97 -142 87 66 82 149 217 -204 47 -19 38 224 51 -50
-5 23 69 28 181 2 -44 -4 -77 -23 -31 402 -204 -291 -17 8 -12 -89 -29 11
-32 -107 30 -1 -17 -616 5 -116 121 -131 82 0 47 -17 523 -324 3 -106 -1 12
61 -124 -60 -29 6 -115 5 -31 3 -4 -217 -1 -19 8 -324 -322 96 43 70 -23
-8 -108 -149 -46 -14 -51 0 -77 -110 11 -163 -1 38 -12 3 96 -451 -65 8 -17
-86 130 224 -44 8 7 54 289 -207 -133 -180 10 224 -89 -106 43 -65 -87 -113 103
-236 -44 25 11 -29 108 -3 -139 96 -234 9 -10 51 -29 -1 70 8 -113 473 4
16 -182 11 4 2 10 -1 90 -113 13 200 -8 -50 11 12 -23 -17 103 4 623

