Q_obj 
-127 -223 -5 -1 3 61 37 1 26 -34 173 52 15 199 48 206 47 -70 13 60
-223 -104 -38 -2 80 16 -16 -7 60 13 -75 22 25 116 60 -171 39 -80 51 39
-5 -38 910 2 -2 25 -140 -4 13 87 -34 81 6 -10 -2 78 27 -95 2 -152
-1 -2 2 -113 51 66 -9 -221 -47 17 35 51 34 -133 -146 -60 -27 23 -80 7
3 80 -2 51 29 21 -20 -42 6 -47 -29 -15 -11 10 26 68 183 -26 200 8
61 16 25 66 21 -137 -21 -43 -84 45 -66 -182 93 110 -99 112 101 262 -304 17
37 -16 -140 -9 -20 -21 -98 -44 177 -111 133 -69 15 -40 13 -21 -12 60 17 146
1 -7 -4 -221 -42 -43 -44 -122 -59 -70 -59 -5 14 112 119 46 57 -50 78 37
26 60 13 -47 6 -84 177 -59 -48 33 34 23 -11 86 39 57 -101 143 -33 -130
-34 13 87 17 -47 45 -111 -70 33 -89 60 127 -203 -13 24 -14 124 48 107 -14
173 -75 -34 35 -29 -66 133 -59 34 60 -528 -103 -134 25 -393 208 -206 73 -36 150
52 22 81 51 -15 -182 -69 -5 23 127 -103 -102 167 -12 -87 15 -28 109 110 18
15 25 6 34 -11 93 15 14 -11 -203 -134 167 -479 36 3 -24 -1 71 -109 -23
199 116 -10 -133 10 110 -40 112 86 -13 25 -12 36 -164 55 -30 8 -126 -74 -16
48 60 -2 -146 26 -99 13 119 39 24 -393 -87 3 55 146 -340 70 -34 99 -94
206 -171 78 -60 68 112 -21 46 57 -14 208 15 -24 -30 -340 132 75 124 -10 -28
47 39 27 -27 183 101 -12 57 -101 124 -206 -28 -1 8 70 75 -129 314 -66 139
-70 -80 -95 23 -26 262 60 -50 143 48 73 109 71 -126 -34 124 314 -219 21 106
13 51 2 -80 200 -304 17 78 -33 107 -36 110 -109 -74 99 -10 -66 21 -117 78
60 39 -152 7 8 17 146 37 -130 -14 150 18 -23 -16 -94 -28 139 106 78 16

