Q_obj 
-142 221 0 155 -265 23 -357 189 -160 7 131 -222 138 -31 54 -53 13 70 -62 75
221 -87 -63 77 1 4 -145 181 46 -53 217 64 111 102 80 8 125 -101 159 184
0 -63 -186 -20 -11 109 -8 -83 -27 -12 61 -38 -33 10 35 -25 26 200 150 13
155 77 -20 51 -16 -23 131 -88 -111 154 39 -154 -8 -95 100 120 -286 -68 98 176
-265 1 -11 -16 497 -298 82 164 -175 -53 112 -243 73 37 -11 -150 188 23 123 183
23 4 109 -23 -298 -484 -108 -122 30 3 260 42 -53 -82 15 40 -3 58 -16 -34
-357 -145 -8 131 82 -108 445 71 -76 14 140 -106 7 25 33 -149 -143 -1 10 -69
189 181 -83 -88 164 -122 71 -264 -125 -16 195 -174 -336 -40 235 283 54 -118 2 -164
-160 46 -27 -111 -175 30 -76 -125 417 6 -94 -515 -46 118 -62 28 -25 -158 130 -100
7 -53 -12 154 -53 3 14 -16 6 -242 11 8 25 -130 56 -39 -210 -42 52 106
131 217 61 39 112 260 140 195 -94 11 -11 -131 89 -140 -452 -55 7 13 77 -296
-222 64 -38 -154 -243 42 -106 -174 -515 8 -131 69 -65 164 -87 39 -35 -220 181 -139
138 111 -33 -8 73 -53 7 -336 -46 25 89 -65 855 72 84 28 -54 53 -22 -153
-31 102 10 -95 37 -82 25 -40 118 -130 -140 164 72 296 -13 -31 138 -2 130 138
54 80 35 100 -11 15 33 235 -62 56 -452 -87 84 -13 389 -27 -102 7 240 -175
-53 8 -25 120 -150 40 -149 283 28 -39 -55 39 28 -31 -27 -183 88 59 50 126
13 125 26 -286 188 -3 -143 54 -25 -210 7 -35 -54 138 -102 88 49 66 -66 -196
70 -101 200 -68 23 58 -1 -118 -158 -42 13 -220 53 -2 7 59 66 -89 -168 33
-62 159 150 98 123 -16 10 2 130 52 77 181 -22 130 240 50 -66 -168 255 87
75 184 13 176 183 -34 -69 -164 -100 106 -296 -139 -153 138 -175 126 -196 33 87 73

