Q_obj 
-680 2 104 -19 -4 -121 -5 490 7 -10 -19 6 -100 16 11 -70 0 3 1 -35
2 320 -15 0 1 52 -44 3 0 -20 16 -23 12 -58 -52 28 -9 -10 4 29
104 -15 -15 131 -25 121 54 159 36 62 4 43 -70 120 87 36 0 21 -24 53
-19 0 131 318 -23 -13 14 -29 32 4 1 -15 -141 -20 -81 0 0 -3 -78 4
-4 1 -25 -23 -293 -14 -1 -7 -590 4 1 0 2 198 -230 1 0 35 6 2
-121 52 121 -13 -14 306 -219 -186 21 13 -6 -93 -141 -222 -217 -17 1 -38 4 3
-5 -44 54 14 -1 -219 511 -8 3 16 9 114 -70 281 250 -123 -1 49 -2 1
490 3 159 -29 -7 -186 -8 -249 10 -16 -29 10 -154 25 16 -108 0 5 1 -54
7 0 36 32 -590 21 3 10 88 -4 0 0 -2 -271 317 0 0 -47 -7 -1
-10 -20 62 4 4 13 16 -16 -4 385 -153 1 53 4 -2 0 0 -3 17 133
-19 16 4 1 1 -6 9 -29 0 -153 465 9 -47 21 21 -13 2 5 27 247
6 -23 43 -15 0 -93 114 10 0 1 9 -40 -44 28 27 52 0 5 26 3
-100 12 -70 -141 2 -141 -70 -154 -2 53 -47 -44 -8 -147 -65 -37 0 -25 30 -29
16 -58 120 -20 198 -222 281 25 -271 4 21 28 -147 152 -113 127 0 95 1 9
11 -52 87 -81 -230 -217 250 16 317 -2 21 27 -65 -113 208 115 0 -19 16 13
-70 28 36 0 1 -17 -123 -108 0 0 -13 52 -37 127 115 841 0 22 -1 -15
0 -9 0 0 0 1 -1 0 0 0 2 0 0 0 0 0 310 1 0 0
3 -10 21 -3 35 -38 49 5 -47 -3 5 5 -25 95 -19 22 1 -377 1 1
1 4 -24 -78 6 4 -2 1 -7 17 27 26 30 1 16 -1 0 1 4 78
-35 29 53 4 2 3 1 -54 -1 133 247 3 -29 9 13 -15 0 1 78 675

