Q_obj 
60 42 25 -49 -18 25 0 122 -2 106 -26 -153 59 120 -21 -219 -25 -1 -20 8
42 199 -50 -8 -56 -1 334 -6 -44 9 -55 -167 -53 -260 -4 132 26 -19 11 64
25 -50 69 85 -156 92 -29 119 2 -78 22 -32 -115 68 93 84 41 -75 -22 -38
-49 -8 85 757 -86 36 0 214 1 23 10 20 -29 -15 -188 2 270 -16 -7 8
-18 -56 -156 -86 61 -121 -85 -11 7 69 -26 29 63 36 -4 114 -44 -3 512 -19
25 -1 92 36 -121 67 0 152 2 148 -102 14 24 -8 -132 25 -522 -44 -97 -78
0 334 -29 0 -85 0 -642 -74 -36 -58 0 -68 -19 -87 -68 0 0 -102 0 0
122 -6 119 214 -11 152 -74 205 2 -81 75 26 -96 69 -39 215 167 65 -151 77
-2 -44 2 1 7 2 -36 2 -245 6 1 22 6 27 2 -14 1 15 -2 1
106 9 -78 23 69 148 -58 -81 6 203 -46 54 -12 28 164 -18 248 -41 -49 111
-26 -55 22 10 -26 -102 0 75 1 -46 -81 5 55 -3 -85 15 -226 -145 26 312
-153 -167 -32 20 29 14 -68 26 22 54 5 -500 -11 -281 51 81 -17 146 -25 50
59 -53 -115 -29 63 24 -19 -96 6 -12 55 -11 344 26 -202 251 94 5 260 40
120 -260 68 -15 36 -8 -87 69 27 28 -3 -281 26 -644 63 -62 12 8 -8 -38
-21 -4 93 -188 -4 -132 -68 -39 2 164 -85 51 -202 63 188 258 -182 -51 -363 -62
-219 132 84 2 114 25 0 215 -14 -18 15 81 251 -62 258 -343 -1 -49 0 11
-25 26 41 270 -44 -522 0 167 1 248 -226 -17 94 12 -182 -1 -288 -49 83 -165
-1 -19 -75 -16 -3 -44 -102 65 15 -41 -145 146 5 8 -51 -49 -49 197 -26 148
-20 11 -22 -7 512 -97 0 -151 -2 -49 26 -25 260 -8 -363 0 83 -26 -105 3
8 64 -38 8 -19 -78 0 77 1 111 312 50 40 -38 -62 11 -165 148 3 -120

