Q_obj 
-920 -1 6 -5 52 8 20 19 1 -30 216 -11 -225 -3 -33 -12 4 0 -1 -34
-1 820 0 -475 -3 0 0 -1 296 0 -4 1 4 1 0 0 0 -6 0 0
6 0 662 8 -2 -25 2 -3 13 -16 6 4 -24 1 8 3 -14 -15 1 8
-5 -475 8 -630 -13 75 91 12 163 -6 -18 -10 11 -9 -9 -46 87 -13 -8 -9
52 -3 -2 -13 -274 -20 -55 -322 -2 4 166 263 -113 -9 -21 -47 13 241 -9 -22
8 0 -25 75 -20 416 15 -37 120 27 40 31 1 6 75 27 -139 -24 5 77
20 0 2 91 -55 15 451 -32 146 61 96 27 -5 12 104 54 -221 -61 10 106
19 -1 -3 12 -322 -37 -32 -14 27 -15 54 -288 -48 77 39 120 -35 126 -39 40
1 296 13 163 -2 120 146 27 -469 -5 -3 -21 -5 -16 -11 -75 139 18 -13 -11
-30 0 -16 -6 4 27 61 -15 -5 -1 159 8 386 -6 -135 -37 10 191 -8 -138
216 -4 6 -18 166 40 96 54 -3 159 -52 -30 -168 -15 -178 -58 15 68 -7 -182
-11 1 4 -10 263 31 27 -288 -21 8 -30 -122 36 41 -32 -98 30 -84 -90 -33
-225 4 -24 11 -113 1 -5 -48 -5 386 -168 36 194 2 -12 4 0 88 0 -12
-3 1 1 -9 -9 6 12 77 -16 -6 -15 41 2 -248 -8 98 23 4 -86 -8
-33 0 8 -9 -21 75 104 39 -11 -135 -178 -32 -12 -8 -458 -38 19 193 -7 240
-12 0 3 -46 -47 27 54 120 -75 -37 -58 -98 4 98 -38 100 106 39 83 -39
4 0 -14 87 13 -139 -221 -35 139 10 15 30 0 23 19 106 -428 -9 20 19
0 -6 -15 -13 241 -24 -61 126 18 191 68 -84 88 4 193 39 -9 165 12 197
-1 0 1 -8 -9 5 10 -39 -13 -8 -7 -90 0 -86 -7 83 20 12 -219 -7
-34 0 8 -9 -22 77 106 40 -11 -138 -182 -33 -12 -8 240 -39 19 197 -7 -447

