Q_obj 
-224 15 13 -3 -117 -10 -28 11 14 -245 -12 -4 -27 5 27 19 -22 18 29 27
15 -175 125 80 -73 -123 -110 -277 -169 26 -138 13 511 -100 20 -271 57 -6 184 85
13 125 -427 40 -38 -391 178 90 120 21 -131 -37 130 -51 107 -40 -173 -53 -89 -23
-3 80 40 -431 8 -17 -25 -51 6 -5 16 -1 8 -164 -17 -106 -8 34 -13 -41
-117 -73 -38 8 -41 -8 34 -35 127 -200 30 43 193 -46 -85 -117 194 -100 9 -155
-10 -123 -391 -17 -8 -369 -271 -128 -185 -17 421 44 -158 125 -137 -25 202 -16 -54 208
-28 -110 178 -25 34 -271 320 -120 -261 -49 -191 -67 -256 122 -65 21 -309 -119 99 -166
11 -277 90 -51 -35 -128 -120 731 -27 18 -106 13 185 244 -302 -62 58 -87 -6 -81
14 -169 120 6 127 -185 -261 -27 573 24 -128 47 -60 38 299 -45 214 -105 -17 -152
-245 26 21 -5 -200 -17 -49 18 24 -497 -20 -8 -47 8 46 32 -37 31 48 46
-12 -138 -131 16 30 421 -191 -106 -128 -20 -394 41 -125 53 -121 97 189 38 90 9
-4 13 -37 -1 43 44 -67 13 47 -8 41 660 -23 4 3 10 -217 -1 59 3
-27 511 130 8 193 -158 -256 185 -60 -47 -125 -23 1 -121 113 194 -110 -85 -22 68
5 -100 -51 -164 -46 125 122 244 38 8 53 4 -121 190 6 29 16 -59 13 74
27 20 107 -17 -85 -137 -65 -302 299 46 -121 3 113 6 -363 2 10 7 -119 -30
19 -271 -40 -106 -117 -25 21 -62 -45 32 97 10 194 29 2 337 44 -296 -8 -69
-22 57 -173 -8 194 202 -309 58 214 -37 189 -217 -110 16 10 44 -294 -8 269 11
18 -6 -53 34 -100 -16 -119 -87 -105 31 38 -1 -85 -59 7 -296 -8 318 -86 -325
29 184 -89 -13 9 -54 99 -6 -17 48 90 59 -22 13 -119 -8 269 -86 735 -178
27 85 -23 -41 -155 208 -166 -81 -152 46 9 3 68 74 -30 -69 11 -325 -178 -151

