Q_obj 
38 -52 58 33 51 -63 -256 154 111 -333 -102 -14 148 145 148 -69 42 60 -121 -44
-52 180 -115 -52 57 340 -80 57 36 142 264 15 -71 54 40 -69 -197 -27 34 32
58 -115 -321 131 140 174 221 -70 -257 -198 -88 -29 332 -66 137 -4 61 111 -91 -147
33 -52 131 -218 -93 -260 1 -79 -14 -15 -213 11 -35 -75 44 -211 -3 -189 15 17
51 57 140 -93 383 -185 279 76 100 -61 76 -136 123 71 31 85 91 -47 -155 143
-63 340 174 -260 -185 -154 1 -132 -62 -168 -294 4 98 -125 40 51 -74 20 -99 -65
-256 -80 221 1 279 1 -45 -51 -155 26 238 1 130 -48 23 -33 41 -123 105 -38
154 57 -70 -79 76 -132 -51 -483 73 49 -231 3 40 393 81 20 -12 22 133 -41
111 36 -257 -14 100 -62 -155 73 -428 47 -41 -28 166 69 6 -20 13 25 -97 92
-333 142 -198 -15 -61 -168 26 49 47 34 136 -106 -282 46 -116 25 -71 -63 -312 -7
-102 264 -88 -213 76 -294 238 -231 -41 136 -21 56 26 -217 18 143 16 -156 58 304
-14 15 -29 11 -136 4 1 3 -28 -106 56 573 23 3 45 34 18 -64 223 70
148 -71 332 -35 123 98 130 40 166 -282 26 23 -253 37 -281 31 59 33 135 72
145 54 -66 -75 71 -125 -48 393 69 46 -217 3 37 -530 76 19 -11 21 125 -39
148 40 137 44 31 40 23 81 6 -116 18 45 -281 76 20 77 16 66 67 118
-69 -69 -4 -211 85 51 -33 20 -20 25 143 34 31 19 77 353 178 -1 17 5
42 -197 61 -3 91 -74 41 -12 13 -71 16 18 59 -11 16 178 668 -10 -12 41
60 -27 111 -189 -47 20 -123 22 25 -63 -156 -64 33 21 66 -1 -10 332 12 -130
-121 34 -91 15 -155 -99 105 133 -97 -312 58 223 135 125 67 17 -12 12 168 0
-44 32 -147 17 143 -65 -38 -41 92 -7 304 70 72 -39 118 5 41 -130 0 261

