Q_obj 
274 -10 2 12 -7 6 1 0 0 12 1 20 0 -2 -21 8 3 33 -24 32
-10 -446 -33 -178 156 -167 -3 2 1 -29 -3 27 -14 23 60 240 -21 83 -15 60
2 -33 109 13 17 -4 1 -4 0 -3 10 -5 81 0 0 -131 -17 -20 -1 0
12 -178 13 60 -207 198 13 -16 0 -123 34 -130 238 -71 -224 -352 68 -52 -35 -96
-7 156 17 -207 164 -309 -10 17 1 -400 -33 -91 96 59 278 209 -326 53 -157 168
6 -167 -4 198 -309 -49 10 -21 0 81 43 153 318 -56 -201 486 -45 139 171 -153
1 -3 1 13 -10 10 -609 4 1 0 -7 12 2 7 -10 0 -1 1 4 -8
0 2 -4 -16 17 -21 4 -396 -4 -1 -250 97 -1 -22 9 -14 -4 0 -141 -143
0 1 0 0 1 0 1 -4 817 1 10 3 -1 0 1 0 1 0 -5 -5
12 -29 -3 -123 -400 81 0 -1 1 -209 3 -66 20 5 313 -29 -281 -3 -57 -2
1 -3 10 34 -33 43 -7 -250 10 3 -13 -195 3 46 -16 30 9 2 287 291
20 27 -5 -130 -91 153 12 97 3 -66 -195 -63 -202 -69 -259 293 -40 43 133 -171
0 -14 81 238 96 318 2 -1 -1 20 3 -202 127 -6 205 238 125 11 -137 -44
-2 23 0 -71 59 -56 7 -22 0 5 46 -69 -6 -646 60 0 8 0 -19 48
-21 60 0 -224 278 -201 -10 9 1 313 -16 -259 205 60 -129 145 442 42 -223 117
8 240 -131 -352 209 486 0 -14 0 -29 30 293 238 0 145 57 69 -137 217 0
3 -21 -17 68 -326 -45 -1 -4 1 -281 9 -40 125 8 442 69 429 17 -40 40
33 83 -20 -52 53 139 1 0 0 -3 2 43 11 0 42 -137 17 -303 36 2
-24 -15 -1 -35 -157 171 4 -141 -5 -57 287 133 -137 -19 -223 217 -40 36 -153 101
32 60 0 -96 168 -153 -8 -143 -5 -2 291 -171 -44 48 117 0 40 2 101 -242

