Q_obj 
-679 -30 0 2 99 4 -75 161 1 47 -514 -3 -31 0 19 5 -4 0 3 2
-30 -64 26 -24 32 -1 71 33 -2 -1 48 -255 -478 -18 477 141 -100 -26 -4 18
0 26 -296 0 -5 -9 -77 4 17 -248 -12 24 -22 129 -20 0 0 0 0 -37
2 -24 0 -753 3 -2 20 -1 0 -11 -8 -53 98 0 -127 3 18 -3 11 5
99 32 -5 3 -140 507 -74 319 -43 -1 68 30 -29 21 -46 29 10 1 47 119
4 -1 -9 -2 507 496 -116 -333 -139 -61 6 -2 4 58 3 -29 -7 0 49 414
-75 71 -77 20 -74 -116 -226 -13 13 79 117 82 -100 232 -236 -221 34 0 -9 -8
161 33 4 -1 319 -333 -13 135 29 40 63 30 -28 -13 -54 -68 2 0 -30 -95
1 -2 17 0 -43 -139 13 29 -476 11 -1 -2 3 -7 3 -2 1 0 -13 -54
47 -1 -248 -11 -1 -61 79 40 11 -343 -91 -10 24 465 110 134 -20 1 -5 -32
-514 48 -12 -8 68 6 117 63 -1 -91 375 -23 114 9 32 57 2 2 -4 2
-3 -255 24 -53 30 -2 82 30 -2 -10 -23 507 350 -16 273 143 -15 29 2 22
-31 -478 -22 98 -29 4 -100 -28 3 24 114 350 -599 17 -37 -152 -88 -2 -8 -28
0 -18 129 0 21 58 232 -13 -7 465 9 -16 17 512 16 1 0 0 5 17
19 477 -20 -127 -46 3 -236 -54 3 110 32 273 -37 16 42 -238 64 2 13 -54
5 141 0 3 29 -29 -221 -68 -2 134 57 143 -152 1 -238 498 48 0 -13 -42
-4 -100 0 18 10 -7 34 2 1 -20 2 -15 -88 0 64 48 778 0 61 7
0 -26 0 -3 1 0 0 0 0 1 2 29 -2 0 2 0 0 870 1 0
3 -4 0 11 47 49 -9 -30 -13 -5 -4 2 -8 5 13 -13 61 1 -597 42
2 18 -37 5 119 414 -8 -95 -54 -32 2 22 -28 17 -54 -42 7 0 42 -326

