Q_obj 
-590 77 0 0 12 0 0 -105 16 -7 -40 4 0 29 9 121 -3 9 -686 0
77 990 4 2 3 -3 1 -9 3 -1 -8 -1 4 5 2 23 -1 0 91 0
0 4 122 -124 -4 111 0 184 -3 -20 80 109 288 74 -1 1 47 95 -27 21
0 2 -124 -532 -8 17 5 106 -6 -38 103 4 137 141 -3 1 11 5 -16 11
12 3 -4 -8 449 1 0 1 -172 47 -24 53 5 70 -89 -87 65 -80 -20 1
0 -3 111 17 1 -109 -15 -176 0 3 97 423 89 -13 2 0 196 390 27 -2
0 1 0 5 0 -15 -448 5 0 -1 4 -11 -3 5 0 1 32 18 0 0
-105 -9 184 106 1 -176 5 -341 -1 20 -71 -150 191 -69 -1 -31 -70 -139 82 -11
16 3 -3 -6 -172 0 0 -1 150 39 -1 -43 4 38 339 -136 -59 80 -26 1
-7 -1 -20 -38 47 3 -1 20 39 662 136 -28 23 210 21 58 -12 10 10 2
-40 -8 80 103 -24 97 4 -71 -1 136 156 4 -40 -376 0 348 46 23 81 -5
4 -1 109 4 53 423 -11 -150 -43 -28 4 105 77 33 -24 -28 373 178 17 -2
0 4 288 137 5 89 -3 191 4 23 -40 77 -323 -82 3 0 33 72 -28 -15
29 5 74 141 70 -13 5 -69 38 210 -376 33 -82 -95 20 -248 -22 51 -38 -6
9 2 -1 -3 -89 2 0 -1 339 21 0 -24 3 20 -321 -71 -30 41 -13 1
121 23 1 1 -87 0 1 -31 -136 58 348 -28 0 -248 -71 -775 38 -82 -201 0
-3 -1 47 11 65 196 32 -70 -59 -12 46 373 33 -22 -30 38 -232 -192 18 -1
9 0 95 5 -80 390 18 -139 80 10 23 178 72 51 41 -82 -192 254 6 -2
-686 91 -27 -16 -20 27 0 82 -26 10 81 17 -28 -38 -13 -201 18 6 191 2
0 0 21 11 1 -2 0 -11 1 2 -5 -2 -15 -6 1 0 -1 -2 2 170

