Q_obj 
167 -136 120 22 112 2 173 147 2 -159 -37 -7 -30 14 136 150 -171 -15 41 1
-136 -125 -51 17 167 1 150 -55 1 -160 218 -48 -18 -2 93 120 -37 -250 77 180
120 -51 611 5 -6 -4 22 -485 -8 -19 87 40 117 -65 24 30 -275 1 -90 -6
22 17 5 845 -17 1 -29 5 1 1 8 0 30 1 -4 -156 10 8 2 2
112 167 -6 -17 66 1 -131 0 1 137 120 -56 113 0 -78 -123 4 -301 13 253
2 1 -4 1 1 -401 1 -31 455 -3 1 0 -10 -1 -5 1 31 0 1 1
173 150 22 -29 -131 1 -67 26 1 258 63 -4 117 3 -148 -211 21 19 24 0
147 -55 -485 5 0 -31 26 219 -52 -45 104 47 63 -414 -7 35 -111 1 -104 8
2 1 -8 1 1 455 1 -52 85 -5 1 0 -17 -2 -8 1 52 0 1 2
-159 -160 -19 1 137 -3 258 -45 -5 -170 -54 6 -142 -43 319 4 -26 -15 -30 1
-37 218 87 8 120 1 63 104 1 -54 -439 -8 -73 -1 31 55 110 -143 -192 103
-7 -48 40 0 -56 0 -4 47 0 6 -8 948 -11 0 -3 -4 56 -60 139 42
-30 -18 117 30 113 -10 117 63 -17 -142 -73 -11 227 -140 -19 212 115 -50 47 -30
14 -2 -65 1 0 -1 3 -414 -2 -43 -1 0 -140 336 -66 2 401 0 2 -3
136 93 24 -4 -78 -5 -148 -7 -8 319 31 -3 -19 -66 154 -34 -9 -4 27 0
150 120 30 -156 -123 1 -211 35 1 4 55 -4 212 2 -34 -245 66 54 9 8
-171 -37 -275 10 4 31 21 -111 52 -26 110 56 115 401 -9 66 33 -14 -145 -9
-15 -250 1 8 -301 0 19 1 0 -15 -143 -60 -50 0 -4 54 -14 620 -9 237
41 77 -90 2 13 1 24 -104 1 -30 -192 139 47 2 27 9 -145 -9 -85 6
1 180 -6 2 253 1 0 8 2 1 103 42 -30 -3 0 8 -9 237 6 624

