Q_obj 
69 -55 -1 -44 -34 55 -22 204 76 -114 -59 146 14 15 206 25 -1 -4 -63 7
-55 -608 8 399 -2 21 -6 -182 361 -227 -6 124 76 129 -142 8 4 130 -43 55
-1 8 -481 -8 -37 -215 -13 -1 20 -174 30 14 -339 -67 29 16 -11 -123 -87 54
-44 399 -8 576 15 39 -25 -101 -128 -44 101 -35 -9 98 80 28 8 25 -10 76
-34 -2 -37 15 -337 -110 115 -34 -18 65 -96 9 -177 153 -88 -126 26 221 152 -130
55 21 -215 39 -110 -140 12 39 -117 -150 -2 48 73 -10 127 -13 -7 15 23 42
-22 -6 -13 -25 115 12 311 45 6 18 -7 -46 32 -33 16 502 2 -21 -51 10
204 -182 -1 -101 -34 39 45 -615 75 -57 39 -165 28 12 3 -49 -10 -235 -35 -19
76 361 20 -128 -18 -117 6 75 241 80 2 -45 36 -59 -460 -5 6 191 -80 -18
-114 -227 -174 -44 65 -150 18 -57 80 587 26 -167 -112 -74 26 -19 37 -8 -70 -67
-59 -6 30 101 -96 -2 -7 39 2 26 -345 -190 4 -150 -80 9 -28 -151 37 291
146 124 14 -35 9 48 -46 -165 -45 -167 -190 318 19 163 41 52 -3 90 19 287
14 76 -339 -9 -177 73 32 28 36 -112 4 19 23 26 -64 -35 -7 50 5 49
15 129 -67 98 153 -10 -33 12 -59 -74 -150 163 26 112 145 38 44 220 21 -164
206 -142 29 80 -88 127 16 3 -460 26 -80 41 -64 145 -169 -17 23 101 -687 -85
25 8 16 28 -126 -13 502 -49 -5 -19 9 52 -35 38 -17 209 -1 24 58 -10
-1 4 -11 8 26 -7 2 -10 6 37 -28 -3 -7 44 23 -1 514 52 -12 -50
-4 130 -123 25 221 15 -21 -235 191 -8 -151 90 50 220 101 24 52 98 214 -213
-63 -43 -87 -10 152 23 -51 -35 -80 -70 37 19 5 21 -687 58 -12 214 251 35
7 55 54 76 -130 42 10 -19 -18 -67 291 287 49 -164 -85 -10 -50 -213 35 52

