Q_obj 
585 0 126 -2 65 2 -47 -50 23 13 -2 -8 -3 -82 102 -69 16 9 169 -10
0 -648 3 0 5 -437 20 12 27 14 21 0 -35 0 0 1 26 0 0 61
126 3 -47 1 -313 -6 227 102 -123 67 49 -16 -33 -108 51 -27 -75 -9 86 22
-2 0 1 961 0 2 0 -2 0 2 1 255 0 15 6 16 0 -6 32 0
65 5 -313 0 213 -8 -34 -326 159 -319 -45 0 70 50 0 -26 137 0 0 -44
2 -437 -6 2 -8 531 -29 -30 28 -21 91 1 66 2 0 0 38 0 1 44
-47 20 227 0 -34 -29 337 -285 60 -257 6 0 52 -42 -6 23 32 -9 2 16
-50 12 102 -2 -326 -30 -285 -180 -60 -253 238 15 -68 37 -301 -116 -33 -219 -3 -62
23 27 -123 0 159 28 60 -60 565 49 39 0 -188 -20 -38 8 206 -55 11 -135
13 14 67 2 -319 -21 -257 -253 49 -18 -69 -14 248 -115 265 157 -10 159 17 145
-2 21 49 1 -45 91 6 238 39 -69 120 2 262 113 85 -58 250 140 -31 152
-8 0 -16 255 0 1 0 15 0 -14 2 -691 0 -110 24 -33 0 29 19 0
-3 -35 -33 0 70 66 52 -68 -188 248 262 0 210 -106 -107 48 -63 -154 31 -370
-82 0 -108 15 50 2 -42 37 -20 -115 113 -110 -106 -732 158 -184 12 140 99 -77
102 0 51 6 0 0 -6 -301 -38 265 85 24 -107 158 254 -54 0 108 -353 -71
-69 1 -27 16 -26 0 23 -116 8 157 -58 -33 48 -184 -54 -255 -6 396 -414 35
16 26 -75 0 137 38 32 -33 206 -10 250 0 -63 12 0 -6 -511 0 0 380
9 0 -9 -6 0 0 -9 -219 -55 159 140 29 -154 140 108 396 0 167 89 -101
169 0 86 32 0 1 2 -3 11 17 -31 19 31 99 -353 -414 0 89 -445 20
-10 61 22 0 -44 44 16 -62 -135 145 152 0 -370 -77 -71 35 380 -101 20 516

