Q_obj 
487 -27 -29 3 -97 -62 -55 -26 38 -57 -2 46 24 34 19 -5 56 248 -46 -60
-27 -409 -79 -34 -76 0 226 142 -268 -168 0 50 0 -480 29 -14 -306 132 -133 1
-29 -79 8 4 17 30 -28 112 -83 -64 -4 3 373 88 26 131 -78 26 143 0
3 -34 4 -375 13 -14 -25 -20 42 -69 -1 -5 1 69 -368 1 48 -13 23 5
-97 -76 17 13 459 -30 -10 21 121 160 -42 304 -74 -48 -35 4 5 26 52 -64
-62 0 30 -14 -30 -77 138 14 146 -19 -60 152 -150 13 50 6 163 192 -169 172
-55 226 -28 -25 -10 138 -342 102 61 -177 -47 276 39 -76 25 -5 -458 -353 37 -2
-26 142 112 -20 21 14 102 157 -141 -205 91 -190 -46 -1 41 21 54 -11 -88 -248
38 -268 -83 42 121 146 61 -141 332 128 -159 -188 54 82 -21 -15 17 -65 -46 -60
-57 -168 -64 -69 160 -19 -177 -205 128 131 -108 128 64 -145 134 -11 -45 92 114 335
-2 0 -4 -1 -42 -60 -47 91 -159 -108 187 91 -88 146 30 0 13 12 0 60
46 50 3 -5 304 152 276 -190 -188 128 91 266 12 -50 -39 1 2 -204 73 -229
24 0 373 1 -74 -150 39 -46 54 64 -88 12 184 -176 -17 70 -7 -25 264 -64
34 -480 88 69 -48 13 -76 -1 82 -145 146 -50 -176 462 52 17 -42 -107 210 -137
19 29 26 -368 -35 50 25 41 -21 134 30 -39 -17 52 626 5 17 -38 -1 -90
-5 -14 131 1 4 6 -5 21 -15 -11 0 1 70 17 5 -667 -14 5 27 0
56 -306 -78 48 5 163 -458 54 17 -45 13 2 -7 -42 17 -14 204 -268 207 -76
248 132 26 -13 26 192 -353 -11 -65 92 12 -204 -25 -107 -38 5 -268 292 118 9
-46 -133 143 23 52 -169 37 -88 -46 114 0 73 264 210 -1 27 207 118 -30 160
-60 1 0 5 -64 172 -2 -248 -60 335 60 -229 -64 -137 -90 0 -76 9 160 245

