Q_obj 
30 -34 8 30 -13 -99 -16 53 1 -30 10 30 26 -23 46 -41 10 -44 -22 -8
-34 204 -21 -14 -8 15 4 -9 252 -18 39 -49 128 356 16 51 33 9 34 -180
8 -21 152 41 22 128 63 -135 -223 48 39 -16 31 60 51 -84 123 237 40 -153
30 -14 41 720 -120 21 -66 125 0 -267 37 -9 4 3 -52 85 -21 118 -223 -16
-13 -8 22 -120 652 12 27 -16 13 -48 -13 -4 47 5 19 -16 -13 8 -89 36
-99 15 128 21 12 -60 27 -45 -48 25 258 18 -67 59 145 -1 66 64 3 3
-16 4 63 -66 27 27 355 51 1 59 -69 -29 29 -24 53 -9 -64 74 -319 84
53 -9 -135 125 -16 -45 51 -121 -152 -37 87 -85 -22 77 12 70 198 52 9 10
1 252 -223 0 13 -48 1 -152 122 28 150 -31 -144 -387 30 -57 52 125 70 -78
-30 -18 48 -267 -48 25 59 -37 28 566 -29 -9 104 10 41 -35 -30 16 -197 80
10 39 39 37 -13 258 -69 87 150 -29 333 -34 104 -9 78 -219 -72 39 -69 146
30 -49 -16 -9 -4 18 -29 -85 -31 -9 -34 566 -132 44 -101 10 143 -19 70 28
26 128 31 4 47 -67 29 -22 -144 104 104 -132 -8 -145 -295 39 133 -230 -12 43
-23 356 60 3 5 59 -24 77 -387 10 -9 44 -145 -352 33 -56 -54 -37 -46 288
46 16 51 -52 19 145 53 12 30 41 78 -101 -295 33 283 229 129 -271 -42 -66
-41 51 -84 85 -16 -1 -9 70 -57 -35 -219 10 39 -56 229 42 -213 234 -101 134
10 33 123 -21 -13 66 -64 198 52 -30 -72 143 133 -54 129 -213 -43 -20 -47 -99
-44 9 237 118 8 64 74 52 125 16 39 -19 -230 -37 -271 234 -20 -581 -74 -51
-22 34 40 -223 -89 3 -319 9 70 -197 -69 70 -12 -46 -42 -101 -47 -74 448 -139
-8 -180 -153 -16 36 3 84 10 -78 80 146 28 43 288 -66 134 -99 -51 -139 215

