Q_obj 
-93 0 17 17 -24 3 -57 466 -45 19 -28 11 4 -141 -78 -26 -34 108 0 18
0 -527 1 0 1 -2 0 0 -1 -7 4 1 -2 1 0 -1 0 1 -13 0
17 1 177 -9 -40 -3 9 -43 -32 -2 -17 -58 4 3 -7 -13 114 27 1 27
17 0 -9 -29 129 281 52 5 60 53 -143 -29 -282 -64 37 -61 51 -15 0 245
-24 1 -40 129 -258 -182 14 -12 55 -26 13 7 83 19 42 -11 -10 41 1 -177
3 -2 -3 281 -182 355 24 4 106 206 -54 -19 -507 -69 42 85 40 -59 0 -89
-57 0 9 52 14 24 -487 -98 1 100 23 -138 6 -225 -205 18 244 241 0 31
466 0 -43 5 -12 4 -98 -507 10 1 -4 40 -2 -38 -6 -2 -80 18 0 9
-45 -1 -32 60 55 106 1 10 -159 132 309 90 -58 160 85 311 -156 -87 0 86
19 -7 -2 53 -26 206 100 1 132 331 -48 -4 237 -14 37 -110 9 -32 -1 41
-28 4 -17 -143 13 -54 23 -4 309 -48 315 -3 -194 -5 -55 -615 7 64 1 -9
11 1 -58 -29 7 -19 -138 40 90 -4 -3 27 13 159 18 -6 451 -39 1 -4
4 -2 4 -282 83 -507 6 -2 -58 237 -194 13 -142 38 -26 120 -21 10 0 -46
-141 1 3 -64 19 -69 -225 -38 160 -14 -5 159 38 -575 51 -14 -11 -62 1 -7
-78 0 -7 37 42 42 -205 -6 85 37 -55 18 -26 51 -548 -45 -51 -81 0 -26
-26 -1 -13 -61 -11 85 18 -2 311 -110 -615 -6 120 -14 -45 369 12 58 0 4
-34 0 114 51 -10 40 244 -80 -156 9 7 451 -21 -11 -51 12 -187 51 0 8
108 1 27 -15 41 -59 241 18 -87 -32 64 -39 10 -62 -81 58 51 -525 1 -28
0 -13 1 0 1 0 0 0 0 -1 1 1 0 1 0 0 0 1 -478 0
18 0 27 245 -177 -89 31 9 86 41 -9 -4 -46 -7 -26 4 8 -28 0 -188

