Q_obj 
-70 67 68 173 -74 27 65 72 -161 91 121 -238 97 10 74 18 -9 45 -205 149
67 -55 24 -151 -7 -88 -4 -24 72 -7 11 36 -1 -11 4 44 11 -16 67 46
68 24 -190 69 47 35 23 97 -35 -98 31 -238 -1 -50 -5 -173 48 88 126 50
173 -151 69 -369 -22 33 -3 -49 174 -23 23 90 -5 -22 7 94 22 -40 159 118
-74 -7 47 -22 -184 -15 -79 5 110 55 30 62 -31 0 63 -29 1 32 -48 -40
27 -88 35 33 -15 838 26 40 -13 -16 -10 3 -5 16 -5 -48 -14 0 -17 21
65 -4 23 -3 -79 26 -146 -39 -87 73 152 -350 43 200 103 -83 -188 -184 32 33
72 -24 97 -49 5 40 -39 211 -43 -100 39 -52 1 -198 -17 -153 188 -33 122 52
-161 72 -35 174 110 -13 -87 -43 107 99 77 -337 -133 14 -163 -285 -13 -178 27 -64
91 -7 -98 -23 55 -16 73 -100 99 -135 116 -274 -111 -127 -21 -39 121 13 50 97
121 11 31 23 30 -10 152 39 77 116 -152 -239 134 -38 -51 107 37 125 239 40
-238 36 -238 90 62 3 -350 -52 -337 -274 -239 323 39 -1 28 -362 2 -31 -70 -167
97 -1 -1 -5 -31 -5 43 1 -133 -111 134 39 115 -41 50 140 40 31 -126 -72
10 -11 -50 -22 0 16 200 -198 14 -127 -38 -1 -41 652 -31 -26 244 47 27 20
74 4 -5 7 63 -5 103 -17 -163 -21 -51 28 50 -31 -238 137 30 -122 16 33
18 44 -173 94 -29 -48 -83 -153 -285 -39 107 -362 140 -26 137 -126 26 28 208 -34
-9 11 48 22 1 -14 -188 188 -13 121 37 2 40 244 30 26 680 -44 -25 -18
45 -16 88 -40 32 0 -184 -33 -178 13 125 -31 31 47 -122 28 -44 -150 -28 21
-205 67 126 159 -48 -17 32 122 27 50 239 -70 -126 27 16 208 -25 -28 -241 -105
149 46 50 118 -40 21 33 52 -64 97 40 -167 -72 20 33 -34 -18 21 -105 -207

