Q_obj 
175 22 11 -40 -80 0 16 0 -15 0 -2 0 -63 122 10 14 0 4 65 -452 27 -27 2 35 275 -13 -34 2 0 2
22 -633 26 -117 -3 16 42 0 -69 -69 -18 -14 163 19 -38 78 -43 -65 1 -5 129 -22 -6 58 -39 223 -39 302 -179 -1
11 26 -157 -66 0 -347 96 0 -72 -7 10 0 0 4 30 10 -71 -57 -8 -39 -3 23 5 -8 -62 -14 253 3 1 13
-40 -117 -66 -40 35 -75 -118 0 42 22 30 6 15 -85 15 4 222 98 64 83 72 -334 57 199 198 141 121 100 -74 53
-80 -3 0 35 218 190 67 0 19 2 3 1 22 4 2 -7 0 2 17 -34 2 7 -4 2 -13 -21 66 -6 5 4
0 16 -347 -75 190 547 -255 0 -63 0 0 0 49 0 -37 0 0 0 -18 -36 0 52 6 -33 0 0 -269 0 0 -4
16 42 96 -118 67 -255 -274 0 -122 -10 12 -1 17 5 27 14 -97 -79 -18 -66 -5 50 21 -24 -86 -19 253 4 2 6
0 0 0 0 0 0 0 -267 0 0 0 0 0 0 0 0 0 0 0 0 0 0 0 0 0 0 0 0 0 0
-15 -69 -72 42 19 -63 -122 0 241 -18 -136 -15 -451 33 -19 177 240 309 22 29 9 62 -94 45 73 -132 80 97 -58 -122
0 -69 -7 22 2 0 -10 0 -18 463 -2 104 -40 -22 -2 17 0 -55 7 5 6 -22 0 14 18 13 2 -63 23 0
-2 -18 10 30 3 0 12 0 -136 -2 489 0 -45 6 2 7 -108 49 6 7 16 77 -13 15 11 24 4 11 -6 -158
0 -14 0 6 1 0 -1 0 -15 104 0 -325 1 -3 0 0 0 -6 4 0 2 -18 0 3 1 8 0 -61 7 0
-63 163 0 15 22 49 17 0 -451 -40 -45 1 -12 180 10 1 -136 -24 92 109 95 -315 -28 -5 140 -93 22 68 -31 -14
122 19 4 -85 4 0 5 0 33 -22 6 -3 180 -579 -10 -50 0 201 56 -11 4 53 0 -97 333 -48 64 -15 19 0
10 -38 30 15 2 -37 27 0 -19 -2 2 0 10 -10 -592 1 -10 1 -4 -21 5 -3 2 -42 -34 -45 32 7 -3 2
14 78 10 4 -7 0 14 0 177 17 7 0 1 -50 1 39 -4 -16 -52 -10 309 186 15 -11 -109 -37 -26 -81 50 19
0 -43 -71 222 0 0 -97 0 240 0 -108 0 -136 0 -10 -4 -391 303 -4 0 -6 -146 40 100 1 118 0 0 0 50
4 -65 -57 98 2 0 -79 0 309 -55 49 -6 -24 201 1 -16 303 102 -22 21 -3 -152 62 26 -68 174 10 3 18 53
65 1 -8 64 17 -18 -18 0 22 7 6 4 92 56 -4 -52 -4 -22 410 -9 4 41 0 0 -85 28 17 -24 15 -1
-452 -5 -39 83 -34 -36 -66 0 29 5 7 0 109 -11 -21 -10 0 21 -9 48 5 59 1 -24 -24 -125 94 -23 14 0
27 129 -3 72 2 0 -5 0 9 6 16 2 95 4 5 309 -6 -3 4 5 181 -22 20 21 9 -29 5 -29 18 25
-27 -22 23 -334 7 52 50 0 62 -22 77 -18 -315 53 -3 186 -146 -152 41 59 -22 189 87 -126 115 -382 -14 117 -70 109
2 -6 5 57 -4 6 21 0 -94 0 -13 0 -28 0 2 15 40 62 0 1 20 87 -430 26 1 25 6 0 0 65
35 58 -8 199 2 -33 -24 0 45 14 15 3 -5 -97 -42 -11 100 26 0 -24 21 -126 26 -392 -45 145 9 25 -20 24
275 -39 -62 198 -13 0 -86 0 73 18 11 1 140 333 -34 -109 1 -68 -85 -24 9 115 1 -45 72 -118 146 -32 16 1
-13 223 -14 141 -21 0 -19 0 -132 13 24 8 -93 -48 -45 -37 118 174 28 -125 -29 -382 25 145 -118 -457 -61 -64 40 21
-34 -39 253 121 66 -269 253 0 80 2 4 0 22 64 32 -26 0 10 17 94 5 -14 6 9 146 -61 -563 -9 6 -4
2 302 3 100 -6 0 4 0 97 -63 11 -61 68 -15 7 -81 0 3 -24 -23 -29 117 0 25 -32 -64 -9 731 -199 0
0 -179 1 -74 5 0 2 0 -58 23 -6 7 -31 19 -3 50 0 18 15 14 18 -70 0 -20 16 40 6 -199 531 0
2 -1 13 53 4 -4 6 0 -122 0 -158 0 -14 0 2 19 50 53 -1 0 25 109 65 24 1 21 -4 0 0 -380

