Q_obj 
-672 2 7 0 2 3 -2 11 0 -6 2 1 -12 -20 -5 4 7 1 -111 2 -3 1 -6 -26 9 28 0 15 0 -42
2 606 0 1 1 4 -457 -12 215 -9 -43 0 0 1 -48 1 -51 84 5 22 -66 163 1 3 -8 14 0 0 1 -4
7 0 98 -8 -31 6 3 229 -3 -16 -3 -71 45 32 -25 -13 -26 27 -31 1 11 1 90 -65 109 84 0 -149 8 -30
0 1 -8 -877 296 0 -35 18 -97 0 -4 0 -3 25 -61 6 -6 3 -4 0 14 13 3 0 18 -6 0 14 1 5
2 1 -31 296 92 0 0 67 -27 0 -39 0 -13 89 -206 21 -22 11 -14 -2 109 1 10 0 63 4 0 48 1 16
3 4 6 0 0 139 0 3 4 -180 6 0 0 10 -8 -3 -14 -48 1 -17 -15 0 0 146 3 1 0 -12 0 1
-2 -457 3 -35 0 0 -23 10 -310 0 -11 0 0 -1 44 0 52 -84 0 -10 31 -47 1 0 7 -21 0 1 1 0
11 -12 229 18 67 3 10 -236 -6 -7 -1 -42 254 -338 75 -108 37 -28 -46 5 -43 -4 88 3 79 50 0 -122 8 14
0 215 -3 -97 -27 4 -310 -6 -587 -10 100 3 17 10 -43 2 -18 45 -12 3 -182 111 -5 3 -10 -15 0 5 0 16
-6 -9 -16 0 0 -180 0 -7 -10 583 -15 0 0 -27 26 9 41 137 0 49 44 0 0 -409 -5 0 0 36 0 0
2 -43 -3 -4 -39 6 -11 -1 100 -15 519 1 12 13 -67 4 -95 89 -18 10 14 5 -9 5 -8 -2 0 8 0 21
1 0 -71 0 0 0 0 -42 3 0 1 401 39 44 1 -5 9 -7 -28 1 0 1 74 0 -49 -26 0 2 5 -24
-12 0 45 -3 -13 0 0 254 17 0 12 39 59 -27 49 5 8 5 -39 4 -32 1 84 0 -226 -122 0 -1 7 79
-20 1 32 25 89 10 -1 -338 10 -27 13 44 -27 -257 75 -165 47 -43 19 0 -34 2 -55 -105 -227 -51 0 -499 -4 19
-5 -48 -25 -61 -206 -8 44 75 -43 26 -67 1 49 75 198 18 -34 -11 48 1 -27 -15 -34 -7 30 -13 0 41 -2 -51
4 1 -13 6 21 -3 0 -108 2 9 4 -5 5 -165 18 793 17 -14 -2 0 -8 1 7 36 -88 -7 0 -212 1 -2
7 -51 -26 -6 -22 -14 52 37 -18 41 -95 9 8 47 -34 17 149 -50 -98 104 -43 -17 -19 -11 26 -3 0 19 -1 114
1 84 27 3 11 -48 -84 -28 45 137 89 -7 5 -43 -11 -14 -50 92 7 69 -6 30 10 -39 -26 4 0 -16 1 -13
-111 5 -31 -4 -14 1 0 -46 -12 0 -18 -28 -39 19 48 -2 -98 7 339 -23 52 1 74 -2 -8 -1 0 3 7 89
2 22 1 0 -2 -17 -10 5 3 49 10 1 4 0 1 0 104 69 -23 -204 15 4 -2 -13 2 1 0 1 0 25
-3 -66 11 14 109 -15 31 -43 -182 44 14 0 -32 -34 -27 -8 -43 -6 52 15 79 -11 25 -12 -13 1 0 -19 3 -55
1 163 1 13 1 0 -47 -4 111 0 5 1 1 2 -15 1 -17 30 1 4 -11 -140 0 0 -3 8 0 2 0 0
-6 1 90 3 10 0 1 88 -5 0 -9 74 84 -55 -34 7 -19 10 74 -2 25 0 339 0 6 5 0 -1 67 -12
-26 3 -65 0 0 146 0 3 3 -409 5 0 0 -105 -7 36 -11 -39 -2 -13 -12 0 0 -835 2 4 0 140 0 0
9 -8 109 18 63 3 7 79 -10 -5 -8 -49 -226 -227 30 -88 26 -26 -8 2 -13 -3 6 2 -395 57 0 -99 1 -36
28 14 84 -6 4 1 -21 50 -15 0 -2 -26 -122 -51 -13 -7 -3 4 -1 1 1 8 5 4 57 -461 0 -1 1 -19
0 0 0 0 0 0 0 0 0 0 0 0 0 0 0 0 0 0 0 0 0 0 0 0 0 0 223 0 0 0
15 0 -149 14 48 -12 1 -122 5 36 8 2 -1 -499 41 -212 19 -16 3 1 -19 2 -1 140 -99 -1 0 79 0 2
0 1 8 1 1 0 1 8 0 0 0 5 7 -4 -2 1 -1 1 7 0 3 0 67 0 1 1 0 0 -444 -1
-42 -4 -30 5 16 1 0 14 16 0 21 -24 79 19 -51 -2 114 -13 89 25 -55 0 -12 0 -36 -19 0 2 -1 336

