Q_obj 
-39 -575 -41 -22 0 6 -26 -227 4 2 -364 -16 0 34 -298 7 -57 0 -11 -76 374 0 20 4 -17 6 -35 2 -24 -13
-575 451 -24 25 0 -76 -12 -27 6 33 -217 -9 0 14 -194 -98 -35 0 -4 -56 82 18 16 77 -7 19 36 -42 19 -9
-41 -24 -76 10 7 0 275 -13 -105 -31 -40 27 7 -169 -22 -54 163 0 -63 729 15 0 -73 15 -14 2 -7 -45 4 98
-22 25 10 621 15 5 32 2 -5 2 3 0 0 27 -17 -6 -21 -31 -10 2 -18 0 32 4 2 -7 145 26 123 22
0 0 7 15 420 0 12 4 -25 382 -11 0 -76 0 13 0 -6 0 0 0 2 0 15 -160 1 0 -18 0 13 0
6 -76 0 5 0 342 15 246 17 202 0 0 0 -26 -62 -108 -6 0 10 -14 -5 -8 17 481 9 65 10 -29 4 -6
-26 -12 275 32 12 15 -307 30 -169 -61 26 38 11 -174 32 -7 95 0 -98 -209 29 0 235 7 65 2 -14 75 -13 16
-227 -27 -13 2 4 246 30 -217 16 -119 -143 3 0 -47 91 89 -14 17 18 -1 -160 -8 22 -284 17 108 7 123 2 -57
4 6 -105 -5 -25 17 -169 16 408 118 -12 10 -24 -48 -61 48 -32 0 -37 197 10 0 34 -71 -41 -7 33 -129 -47 -80
2 33 -31 2 382 202 -61 -119 118 315 0 0 -71 13 31 53 36 0 -4 7 6 5 -78 -84 -3 -31 1 15 2 3
-364 -217 -40 3 -11 0 26 -143 -12 0 160 23 0 -36 -334 -10 40 -57 13 -10 121 0 -68 0 24 -7 -14 25 9 19
-16 -9 27 0 0 0 38 3 10 0 23 -576 0 9 19 10 -10 0 15 -17 9 0 -28 0 2 0 0 -15 1 -16
0 0 7 0 -76 0 11 0 -24 -71 0 0 323 0 0 0 -6 0 0 0 0 0 14 31 0 0 0 0 0 0
34 14 -169 27 0 -26 -174 -47 -48 13 -36 9 0 386 -15 49 -61 1 74 71 -42 0 99 31 -143 162 -1 -144 -25 -92
-298 -194 -22 -17 13 -62 32 91 -61 31 -334 19 0 -15 233 -20 26 66 7 -10 157 0 -41 72 14 -40 7 -8 -10 33
7 -98 -54 -6 0 -108 -7 89 48 53 -10 10 0 49 -20 441 4 2 -61 74 -119 26 114 125 20 7 11 299 17 -153
-57 -35 163 -21 -6 -6 95 -14 -32 36 40 -10 -6 -61 26 4 512 1 84 80 20 0 -193 -6 240 20 9 -30 1 -6
0 0 0 -31 0 0 0 17 0 0 -57 0 0 1 66 2 1 652 2 1 7 0 1 0 -1 0 42 1 -27 1
-11 -4 -63 -10 0 10 -98 18 -37 -4 13 15 0 74 7 -61 84 2 641 53 16 0 79 -11 53 -58 3 132 9 115
-76 -56 729 2 0 -14 -209 -1 197 7 -10 -17 0 71 -10 74 80 1 53 264 20 3 218 17 -88 19 -2 -90 2 56
374 82 15 -18 2 -5 29 -160 10 6 121 9 0 -42 157 -119 20 7 16 20 482 23 5 14 17 59 -17 -16 -14 -17
0 18 0 0 0 -8 0 -8 0 5 0 0 0 0 0 26 0 0 0 3 23 -727 0 10 0 0 0 12 0 0
20 16 -73 32 15 17 235 22 34 -78 -68 -28 14 99 -41 114 -193 1 79 218 5 0 303 11 -5 -6 -23 -281 -5 -204
4 77 15 4 -160 481 7 -284 -71 -84 0 0 31 31 72 125 -6 0 -11 17 14 10 11 149 -9 -74 1 34 3 7
-17 -7 -14 2 1 9 65 17 -41 -3 24 2 0 -143 14 20 240 -1 53 -88 17 0 -5 -9 120 -43 5 -15 25 -34
6 19 2 -7 0 65 2 108 -7 -31 -7 0 0 162 -40 7 20 0 -58 19 59 0 -6 -74 -43 230 0 39 11 1
-35 36 -7 145 -18 10 -14 7 33 1 -14 0 0 -1 7 11 9 42 3 -2 -17 0 -23 1 5 0 748 -10 128 6
2 -42 -45 26 0 -29 75 123 -129 15 25 -15 0 -144 -8 299 -30 1 132 -90 -16 12 -281 34 -15 39 -10 -25 -27 316
-24 19 4 123 13 4 -13 2 -47 2 9 1 0 -25 -10 17 1 -27 9 2 -14 0 -5 3 25 11 128 -27 590 -22
-13 -9 98 22 0 -6 16 -57 -80 3 19 -16 0 -92 33 -153 -6 1 115 56 -17 0 -204 7 -34 1 6 316 -22 -386

