Q_obj 
-245 17 0 -31 -5 -188 -74 -37 183 1 141 39 -16 19 -10 28 13 -88 27 111 62 0 58 90 44 -33 -406 146 13 27
17 416 0 -19 2 -3 -2 41 -5 0 5 24 -160 40 -91 8 42 -19 65 39 12 0 0 31 51 385 68 45 -5 -358
0 0 -830 0 0 0 0 0 0 0 0 0 0 0 0 0 0 0 0 0 0 0 0 0 0 0 0 0 0 0
-31 -19 0 -42 -8 154 -18 18 78 -115 4 -190 -19 19 0 -68 186 0 139 -159 -180 -141 -16 -23 -54 -6 -93 18 -13 -52
-5 2 0 -8 444 9 1 -1 6 0 14 11 -86 -35 0 31 3 -46 -51 0 3 0 -8 20 12 16 -8 -58 -24 47
-188 -3 0 154 9 -254 -37 -42 -480 1 -13 -184 -25 8 -17 -170 -305 -27 -167 -93 -43 0 -81 -3 -204 14 -224 -64 31 -1
-74 -2 0 -18 1 -37 191 1 2 0 -16 23 12 14 0 71 -23 5 -24 -85 -78 0 41 3 25 -10 -2 5 0 -32
-37 41 0 18 -1 -42 1 776 18 1 55 -21 -7 6 198 -1 -30 -2 10 20 23 0 0 3 -24 15 -20 -5 3 -18
183 -5 0 78 6 -480 2 18 272 1 -572 -93 -26 21 1 -169 110 -16 94 -65 -26 0 -16 -4 -105 -17 6 -36 1 -22
1 0 0 -115 0 1 0 1 1 127 0 -95 -1 0 1 1 1 0 1 0 1 -221 1 0 1 0 1 0 -1 1
141 5 0 4 14 -13 -16 55 -572 0 -230 -4 2 -8 11 91 327 -6 142 70 -137 0 75 9 -5 -10 144 -24 -15 12
39 24 0 -190 11 -184 23 -21 -93 -95 -4 30 24 -21 2 83 -224 1 -166 193 218 -117 21 29 66 8 113 -21 19 64
-16 -160 0 -19 -86 -25 12 -7 -26 -1 2 24 -434 -25 30 85 69 -77 35 -22 -8 0 -44 30 33 -160 -32 5 -137 216
19 40 0 19 -35 8 14 6 21 0 -8 -21 -25 -73 -8 35 22 34 -73 64 -31 0 14 36 -37 90 -45 -76 -1 41
-10 -91 0 0 0 -17 0 198 1 1 11 2 30 -8 299 -2 -21 0 -6 -2 11 0 2 2 2 -58 -7 1 2 76
28 8 0 -68 31 -170 71 -1 -169 1 91 83 85 35 -2 -114 273 -82 136 130 -46 0 31 95 92 -24 -355 168 12 -14
13 42 0 186 3 -305 -23 -30 110 1 327 -224 69 22 -21 273 -38 -23 137 185 -275 0 -25 -1 -257 -15 256 -50 38 60
-88 -19 0 0 -46 -27 5 -2 -16 0 -6 1 -77 34 0 -82 -23 429 51 15 10 0 -6 -65 4 -32 81 68 -15 -15
27 65 0 139 -51 -167 -24 10 94 1 142 -166 35 -73 -6 136 137 51 -125 -80 -127 0 -51 86 -166 -17 10 -147 12 36
111 39 0 -159 0 -93 -85 20 -65 0 70 193 -22 64 -2 130 185 15 -80 -327 99 0 -41 -19 199 30 131 47 -29 -179
62 12 0 -180 3 -43 -78 23 -26 1 -137 218 -8 -31 11 -46 -275 10 -127 99 -364 0 15 12 245 17 -9 70 1 45
0 0 0 -141 0 0 0 0 0 -221 0 -117 0 0 0 0 0 0 0 0 0 33 0 0 0 0 0 0 3 0
58 0 0 -16 -8 -81 41 0 -16 1 75 21 -44 14 2 31 -25 -6 -51 -41 15 0 -132 3 20 -19 44 6 11 -5
90 31 0 -23 20 -3 3 3 -4 0 9 29 30 36 2 95 -1 -65 86 -19 12 0 3 -203 46 -18 -79 -96 -1 13
44 51 0 -54 12 -204 25 -24 -105 1 -5 66 33 -37 2 92 -257 4 -166 199 245 0 20 46 166 4 126 -22 21 92
-33 385 0 -6 16 14 -10 15 -17 0 -10 8 -160 90 -58 -24 -15 -32 -17 30 17 0 -19 -18 4 -81 -6 50 -29 -267
-406 68 0 -93 -8 -224 -2 -20 6 1 144 113 -32 -45 -7 -355 256 81 10 131 -9 0 44 -79 126 -6 -177 -79 3 122
146 45 0 18 -58 -64 5 -5 -36 0 -24 -21 5 -76 1 168 -50 68 -147 47 70 0 6 -96 -22 50 -79 376 -3 99
13 -5 0 -13 -24 31 0 3 1 -1 -15 19 -137 -1 2 12 38 -15 12 -29 1 3 11 -1 21 -29 3 -3 -63 19
27 -358 0 -52 47 -1 -32 -18 -22 1 12 64 216 41 76 -14 60 -15 36 -179 45 0 -5 13 92 -267 122 99 19 149

