Q_obj 
-400 109 164 147 -61 0 2 12 55 55 60 -8 358 42 58 0 -3 -17 -128 218 -1 0 10 -37 0 0 0 -153 -36 -27
109 730 -60 -460 -71 0 4 -4 -143 40 63 4 -128 2 -4 0 12 -16 37 170 -1 -8 11 -22 0 3 0 53 -26 -23
164 -60 385 -87 -11 110 23 -11 -47 -33 -82 -157 40 46 -27 0 3 233 59 249 1 -1 -20 -31 7 1 0 84 6 -67
147 -460 -87 87 -101 -1 8 17 -286 91 77 5 -173 -19 86 0 -14 -29 -330 233 -3 -11 14 -59 0 4 -3 67 -60 -16
-61 -71 -11 -101 6 -12 -119 49 -89 -13 453 -1 73 211 -47 110 1 -76 73 -96 2 2 -3 35 -10 0 6 -78 49 10
0 0 110 -1 -12 -140 -17 6 12 16 -17 0 0 -58 1 463 1 -182 -2 1 0 0 28 41 -12 1 0 117 22 1
2 4 23 8 -119 -17 15 -2 3 -2 -128 1 -1 3 -1 435 0 21 6 2 1 0 1 -2 1 1 0 26 1 -1
12 -4 -11 17 49 6 -2 436 -29 -54 -43 1 -13 204 47 6 -13 -60 74 12 2 -13 0 -88 1 4 41 1 35 -30
55 -143 -47 -286 -89 12 3 -29 547 28 82 2 -64 71 70 14 9 39 -108 86 -1 35 2 -32 1 -9 -4 8 -18 -8
55 40 -33 91 -13 16 -2 -54 28 -214 24 2 -65 26 -106 0 -2 -15 65 77 -9 -97 276 -196 -119 26 0 24 -23 -52
60 63 -82 77 453 -17 -128 -43 82 24 16 2 -70 -222 59 103 0 41 -101 96 -1 2 2 -34 10 0 -4 -23 -54 -4
-8 4 -157 5 -1 0 1 1 2 2 2 -929 103 2 2 0 0 0 -3 -13 0 0 1 -1 0 0 0 148 -1 4
358 -128 40 -173 73 0 -1 -13 -64 -65 -70 103 370 -49 -67 0 5 21 153 544 3 0 -10 45 0 0 0 -37 44 -151
42 2 46 -19 211 -58 3 204 71 26 -222 2 -49 323 -23 -61 -5 -241 -67 66 0 8 21 10 -3 -1 19 94 -15 -5
58 -4 -27 86 -47 1 -1 47 70 -106 59 2 -67 -23 569 0 2 28 281 79 4 43 6 58 0 -11 -11 33 72 -61
0 0 0 0 110 463 435 6 14 0 103 0 0 -61 0 -284 0 -197 0 0 0 0 0 44 0 0 0 0 0 0
-3 12 3 -14 1 1 0 -13 9 -2 0 0 5 -5 2 0 -503 3 9 -5 1 1 0 3 0 0 -158 -1 2 1
-17 -16 233 -29 -76 -182 21 -60 39 -15 41 0 21 -241 28 -197 3 -406 -2 -33 2 -48 55 -21 -26 13 -5 229 80 -21
-128 37 59 -330 73 -2 6 74 -108 65 -101 -3 153 -67 281 0 9 -2 -194 -190 -2 13 -13 -59 0 -3 0 -76 -43 75
218 170 249 233 -96 1 2 12 86 77 96 -13 544 66 79 0 -5 -33 -190 -177 -4 -13 15 -84 0 4 0 -232 -51 45
-1 -1 1 -3 2 0 1 2 -1 -9 -1 0 3 0 4 0 1 2 -2 -4 -656 -10 0 5 0 3 0 -1 7 -5
0 -8 -1 -11 2 0 0 -13 35 -97 2 0 0 8 43 0 1 -48 13 -13 -10 757 0 -209 0 -351 0 -2 66 -56
10 11 -20 14 -3 28 1 0 2 276 2 1 -10 21 6 0 0 55 -13 15 0 0 -602 -16 -149 0 0 -11 398 -1
-37 -22 -31 -59 35 41 -2 -88 -32 -196 -34 -1 45 10 58 44 3 -21 -59 -84 5 -209 -16 -534 6 56 -3 -74 117 -101
0 0 7 0 -10 -12 1 1 1 -119 10 0 0 -3 0 0 0 -26 0 0 0 0 -149 6 600 0 0 8 -177 0
0 3 1 4 0 1 1 4 -9 26 0 0 0 -1 -11 0 0 13 -3 4 3 -351 0 56 0 -480 0 1 -17 16
0 0 0 -3 6 0 0 41 -4 0 -4 0 0 19 -11 0 -158 -5 0 0 0 0 0 -3 0 0 -72 0 0 0
-153 53 84 67 -78 117 26 1 8 24 -23 148 -37 94 33 0 -1 229 -76 -232 -1 -2 -11 -74 8 1 0 395 -34 67
-36 -26 6 -60 49 22 1 35 -18 -23 -54 -1 44 -15 72 0 2 80 -43 -51 7 66 398 117 -177 -17 0 -34 -233 36
-27 -23 -67 -16 10 1 -1 -30 -8 -52 -4 4 -151 -5 -61 0 1 -21 75 45 -5 -56 -1 -101 0 16 0 67 36 -152

