Q_obj 
517 11 -246 159 -71 211 244 205 83 9 77 -9 39 -7 -9 5 -48 -5 3 17 0 -108 -5 -48 -113 216 -215 10 238 -4
11 580 -13 0 -1 2 6 -130 1 1 0 245 1 0 389 0 -1 1 1 1 0 0 1 2 1 2 8 1 121 1
-246 -13 587 145 -23 85 83 71 124 12 202 15 12 -10 13 -3 -14 4 5 27 0 -150 -10 -98 -148 398 -167 -80 80 -1
159 0 145 544 1 -352 0 0 188 -15 -494 1 0 0 0 -22 1 6 1 2 0 14 1 7 1 -27 84 17 0 -9
-71 -1 -23 1 706 -17 -61 193 -7 -11 -24 0 -101 -1 2 -9 -154 -18 1 2 0 16 2 10 22 -48 -47 8 227 1
211 2 85 -352 -17 -661 61 60 -47 -18 149 11 5 -56 -3 -14 -5 15 2 7 0 -12 -5 -48 147 390 147 -1 54 4
244 6 83 0 -61 61 -533 41 32 0 88 1 137 7 -4 0 95 2 2 9 0 -49 -3 -32 -73 167 164 -8 38 0
205 -130 71 0 193 60 41 -118 31 1 69 -271 -14 -30 61 0 -152 -5 -2 -13 0 80 -4 -31 -70 218 137 -7 -277 0
83 1 124 188 -7 -47 32 31 -279 -3 -76 4 5 8 0 65 -6 43 1 2 0 -6 -1 -11 74 51 51 -3 28 -1
9 1 12 -15 -11 -18 0 1 -3 -339 -25 1 0 -1 0 232 0 -390 -16 -101 0 -17 0 0 0 1 6 52 0 0
77 0 202 -494 -24 149 88 69 -76 -25 -646 -7 17 32 2 -15 -20 35 4 25 0 -92 -2 -23 -191 -26 59 9 89 2
-9 245 15 1 0 11 1 -271 4 1 -7 243 36 -34 -44 0 -44 1 -3 -22 0 136 2 -3 -8 80 -6 0 220 0
39 1 12 0 -101 5 137 -14 5 0 17 36 -14 2 9 0 512 4 1 6 0 -34 0 -5 -11 17 26 -1 -123 0
-7 0 -10 0 -1 -56 7 -30 8 -1 32 -34 2 764 1 1 -1 0 5 27 0 -157 0 -7 -17 13 -5 2 38 0
-9 389 13 0 2 -3 -4 61 0 0 2 -44 9 1 492 0 -10 0 1 3 0 -14 4 0 0 -6 -6 0 -63 0
5 0 -3 -22 -9 -14 0 0 65 232 -15 0 0 1 0 -256 0 -314 -12 -75 0 -8 1 3 0 -9 3 -102 1 0
-48 -1 -14 1 -154 -5 95 -152 -6 0 -20 -44 512 -1 -10 0 -191 5 -1 -7 0 44 1 7 15 -21 -32 2 -42 1
-5 1 4 6 -18 15 2 -5 43 -390 35 1 4 0 0 -314 5 89 21 127 0 25 1 2 0 -4 -3 174 -6 0
3 1 5 1 1 2 2 -2 1 -16 4 -3 1 5 1 -12 -1 21 918 -206 0 -16 0 0 5 -6 2 8 4 1
17 1 27 2 2 7 9 -13 2 -101 25 -22 6 27 3 -75 -7 127 -206 -297 0 -99 0 -4 31 -37 11 43 24 1
0 0 0 0 0 0 0 0 0 0 0 0 0 0 0 0 0 0 0 0 -10 0 0 0 0 0 0 0 0 0
-108 0 -150 14 16 -12 -49 80 -6 -17 -92 136 -34 -157 -14 -8 44 25 -16 -99 0 239 3 26 -178 223 -72 21 -141 -1
-5 1 -10 1 2 -5 -3 -4 -1 0 -2 2 0 0 4 1 1 1 0 0 0 3 579 -120 -8 -9 -3 1 -2 0
-48 2 -98 7 10 -48 -32 -31 -11 0 -23 -3 -5 -7 0 3 7 2 0 -4 0 26 -120 -519 -75 -90 -32 8 -28 0
-113 1 -148 1 22 147 -73 -70 74 0 -191 -8 -11 -17 0 0 15 0 5 31 0 -178 -8 -75 -533 292 -76 17 -64 3
216 2 398 -27 -48 390 167 218 51 1 -26 80 17 13 -6 -9 -21 -4 -6 -37 0 223 -9 -90 292 -127 146 -26 100 3
-215 8 -167 84 -47 147 164 137 51 6 59 -6 26 -5 -6 3 -32 -3 2 11 0 -72 -3 -32 -76 146 690 7 160 3
10 1 -80 17 8 -1 -8 -7 -3 52 9 0 -1 2 0 -102 2 174 8 43 0 21 1 8 17 -26 7 -435 -8 1
238 121 80 0 227 54 38 -277 28 0 89 220 -123 38 -63 1 -42 -6 4 24 0 -141 -2 -28 -64 100 160 -8 -174 0
-4 1 -1 -9 1 4 0 0 -1 0 2 0 0 0 0 0 1 0 1 1 0 -1 0 0 3 3 3 1 0 -3

