Q_obj 
-933 0 6 0 0 0 0 0 22 -11 0 -3 1 0 75 0 0 1 -30 94 0 -8 0 -11 0 -19 -1 0 -1 -3
0 808 258 186 70 -9 0 0 0 122 0 299 0 0 0 0 0 0 0 0 0 -179 0 0 0 0 74 -1 0 0
6 258 42 -118 -38 -8 7 41 -6 -234 -5 -167 -14 22 -21 0 10 -6 18 -54 -26 -123 4 37 120 -6 -41 3 18 252
0 186 -118 154 -32 15 0 2 1 -14 -1 -137 2 0 1 0 0 2 1 0 11 16 -13 1 -7 1 -36 -3 20 0
0 70 -38 -32 -321 0 -1 -7 -202 36 2 64 3 -3 64 0 -1 2 -3 10 2 34 2 -6 -29 2 16 0 -8 -40
0 -9 -8 15 0 763 -135 -3 1 -3 28 25 -3 43 9 0 0 -23 -247 -127 -94 -3 38 -98 70 -160 35 65 -174 14
0 0 7 0 -1 -135 -249 -10 0 -11 33 -5 -4 164 0 0 0 1 -6 -6 27 -7 -1 -2 -17 -4 -19 -14 43 -2
0 0 41 2 -7 -3 -10 69 1 48 12 -37 -348 -32 2 0 37 -10 -3 12 -97 33 -73 181 44 -112 13 27 66 92
22 0 -6 1 -202 1 0 1 -697 15 3 53 0 0 158 0 0 -1 38 -115 2 10 0 15 5 25 1 5 4 2
-11 122 -234 -14 36 -3 -11 48 15 125 11 152 -24 -35 51 0 -16 -8 -31 96 55 207 -9 -61 54 10 34 -2 -8 124
0 0 -5 -1 2 28 33 12 3 11 486 56 -15 103 8 0 1 90 2 -3 -1 7 0 1 1 1 -202 -366 3 4
-3 299 -167 -137 64 25 -5 -37 53 152 56 -10 15 -16 15 0 -7 -36 -11 35 15 144 5 -27 -86 7 -137 118 -23 -195
1 0 -14 2 3 -3 -4 -348 0 -24 -15 15 -94 -13 0 0 -30 8 3 -6 80 -16 -91 -150 7 93 -14 -18 -59 -3
0 0 22 0 -3 43 164 -32 0 -35 103 -16 -13 212 0 0 -2 3 5 -6 -4 -23 -4 2 3 4 2 -43 -22 -7
75 0 -21 1 64 9 0 2 158 51 8 15 0 0 -200 0 0 -6 129 -395 4 35 0 51 3 84 -40 18 7 14
0 0 0 0 0 0 0 0 0 0 0 0 0 0 0 -779 0 0 0 0 0 0 0 0 0 0 0 0 0 0
0 0 10 0 -1 0 0 37 0 -16 1 -7 -30 -2 0 0 397 -10 2 -3 -122 -11 1 22 -5 -11 -1 -1 64 -15
1 0 -6 2 2 -23 1 -10 -1 -8 90 -36 8 3 -6 0 -10 269 0 3 20 -6 0 -38 -4 23 168 212 -13 -11
-30 0 18 1 -3 -247 -6 -3 38 -31 2 -11 3 5 129 0 2 0 155 49 41 -20 0 -261 -33 -441 -46 5 81 -10
94 0 -54 0 10 -127 -6 12 -115 96 -3 35 -6 -6 -395 0 -3 3 49 -361 42 65 1 9 -5 39 24 -13 52 32
0 0 -26 11 2 -94 27 -97 2 55 -1 15 80 -4 4 0 -122 20 41 42 678 38 45 -49 -71 66 -9 1 -213 118
-8 -179 -123 16 34 -3 -7 33 10 207 7 144 -16 -23 35 0 -11 -6 -20 65 38 -41 -6 -41 36 7 33 -1 -5 84
0 0 4 -13 2 38 -1 -73 0 -9 0 5 -91 -4 0 0 1 0 0 1 45 -6 360 0 -29 0 7 1 80 8
-11 0 37 1 -6 -98 -2 181 15 -61 1 -27 -150 2 51 0 22 -38 -261 9 -49 -41 0 548 -38 -62 -24 2 52 -66
0 0 120 -7 -29 70 -17 44 5 54 1 -86 7 3 3 0 -5 -4 -33 -5 -71 36 -29 -38 -268 -6 -12 0 -168 433
-19 0 -6 1 2 -160 -4 -112 25 10 1 7 93 4 84 0 -11 23 -441 39 66 7 0 -62 -6 474 -26 3 41 31
-1 74 -41 -36 16 35 -19 13 1 34 -202 -137 -14 2 -40 0 -1 168 -46 24 -9 33 7 -24 -12 -26 521 -474 -30 -47
0 -1 3 -3 0 65 -14 27 5 -2 -366 118 -18 -43 18 0 -1 212 5 -13 1 -1 1 2 0 3 -474 -210 0 0
-1 0 18 20 -8 -174 43 66 4 -8 3 -23 -59 -22 7 0 64 -13 81 52 -213 -5 80 52 -168 41 -30 0 379 114
-3 0 252 0 -40 14 -2 92 2 124 4 -195 -3 -7 14 0 -15 -11 -10 32 118 84 8 -66 433 31 -47 0 114 475

