Q_obj 
551 -2 10 -141 -68 42 235 -15 47 -49 131 -26 131 -4 13 131 25 -1 0 -33 -9 -11 -4 26 -20 279 413 0 16 -228
-2 197 -10 3 2 8 1 3 -67 32 42 6 12 0 -10 0 -5 1 78 200 4 -37 1 -6 5 10 -1 0 -2 7
10 -10 348 5 67 17 29 33 20 40 119 -30 -7 10 343 10 5 -12 0 15 -1 119 3 84 12 31 -22 0 -32 -13
-141 3 5 235 -22 -39 291 -3 -1 17 -65 4 -16 -9 -4 -61 5 -2 -4 14 -14 -25 -1 -7 -8 15 50 0 4 -102
-68 2 67 -22 582 -124 14 112 -65 39 -55 -209 -136 15 -86 -50 -50 33 -10 -7 -27 -56 48 16 205 42 -43 0 -112 -36
42 8 17 -39 -124 -44 -41 -25 125 234 -128 56 8 -10 -118 -122 -8 5 -2 10 3 -103 -5 -117 -22 34 -46 0 26 7
235 1 29 291 14 -41 482 -5 8 -12 66 16 -41 14 -40 50 -13 9 8 -19 29 14 3 -18 11 -196 -63 0 6 573
-15 3 33 -3 112 -25 -5 -228 -8 -6 59 -91 6 -12 -34 66 -142 -237 0 -21 -22 -43 -45 17 49 7 -21 0 -508 10
47 -67 20 -1 -65 125 8 -8 -527 442 -75 9 22 -2 -104 22 4 1 -165 -113 0 -7 -2 -9 -10 22 -62 0 9 1
-49 32 40 17 39 234 -12 -6 442 225 -148 -1 -26 2 -275 -27 -2 6 78 67 1 9 2 5 5 -41 72 0 7 -3
131 42 119 -65 -55 -128 66 59 -75 -148 -40 27 -35 15 97 -327 -3 -38 38 145 0 242 -2 35 -10 185 -182 0 -58 -5
-26 6 -30 4 -209 56 16 -91 9 -1 27 -293 178 220 29 -36 -278 69 0 -1 323 -150 25 4 383 -96 33 0 65 -34
131 12 -7 -16 -136 8 -41 6 22 -26 -35 178 -268 133 49 112 -236 112 10 24 211 -97 56 -4 242 -9 -247 0 -5 -82
-4 0 10 -9 15 -10 14 -12 -2 2 15 220 133 179 -16 12 2 -57 1 -4 77 -4 -31 -60 -137 -69 1 0 13 -31
13 -10 343 -4 -86 -118 -40 -34 -104 -275 97 29 49 -16 337 86 -3 14 -17 -43 1 -209 -3 -112 -13 -14 -12 0 35 13
131 0 10 -61 -50 -122 50 66 22 -27 -327 -36 112 12 86 -265 16 -37 0 100 12 110 1 1 1 135 -196 0 -65 16
25 -5 5 5 -50 -8 -13 -142 4 -2 -3 -278 -236 2 -3 16 -207 -330 0 1 -62 79 -160 -61 -29 106 -4 0 79 28
-1 1 -12 -2 33 5 9 -237 1 6 -38 69 112 -57 14 -37 -330 -544 0 13 -37 15 104 33 -119 -50 6 0 241 -14
0 78 0 -4 -10 -2 8 0 -165 78 38 0 10 1 -17 0 0 0 -734 128 1 7 0 0 0 26 0 0 0 0
-33 200 15 14 -7 10 -19 -21 -113 67 145 -1 24 -4 -43 100 1 13 128 383 3 -80 1 -27 1 -32 48 0 22 4
-9 4 -1 -14 -27 3 29 -22 0 1 0 323 211 77 1 12 -62 -37 1 3 364 -73 -24 -67 -106 -104 -2 0 23 -54
-11 -37 119 -25 -56 -103 14 -43 -7 9 242 -150 -97 -4 -209 110 79 15 7 -80 -73 599 -5 89 -22 -27 77 0 44 -71
-4 1 3 -1 48 -5 3 -45 -2 2 -2 25 56 -31 -3 1 -160 104 0 1 -24 -5 -738 21 -44 -22 -3 0 -142 -4
26 -6 84 -7 16 -117 -18 17 -9 5 35 4 -4 -60 -112 1 -61 33 0 -27 -67 89 21 -726 90 -65 -42 0 -16 -9
-20 5 12 -8 205 -22 11 49 -10 5 -10 383 242 -137 -13 1 -29 -119 0 1 -106 -22 -44 90 -204 -96 -13 0 -48 -19
279 10 31 15 42 34 -196 7 22 -41 185 -96 -9 -69 -14 135 106 -50 26 -32 -104 -27 -22 -65 -96 -402 -515 0 -7 -148
413 -1 -22 50 -43 -46 -63 -21 -62 72 -182 33 -247 1 -12 -196 -4 6 0 48 -2 77 -3 -42 -13 -515 205 0 22 -152
0 0 0 0 0 0 0 0 0 0 0 0 0 0 0 0 0 0 0 0 0 0 0 0 0 0 0 11 0 0
16 -2 -32 4 -112 26 6 -508 9 7 -58 65 -5 13 35 -65 79 241 0 22 23 44 -142 -16 -48 -7 22 0 -218 -9
-228 7 -13 -102 -36 7 573 10 1 -3 -5 -34 -82 -31 13 16 28 -14 0 4 -54 -71 -4 -9 -19 -148 -152 0 -9 -193

