Q_obj 
-693 -19 -3 6 14 -163 0 -6 85 -5 -116 141 -1 0 -85 -148 -25 243 9 135 -112 5 2 88 -6 -1 0 1 33 -1
-19 -607 4 -1 -27 -90 -1 -203 179 -11 15 26 1 0 -38 -134 214 -82 -6 44 128 265 3 -256 15 1 0 -1 3 -2
-3 4 -69 -28 -99 1 -25 2 -11 -151 -16 20 -8 0 20 -3 2 1 192 -17 -1 -1 63 -10 5 10 0 105 -8 -29
6 -1 -28 -689 -35 10 75 3 -4 -32 0 -21 -61 0 3 -8 2 5 61 24 0 2 74 0 -59 -49 -4 -132 -1 -6
14 -27 -99 -35 -137 1 72 -4 18 -1 10 152 -1 0 -4 27 0 25 165 -119 -19 5 -15 50 260 2 -2 131 27 0
-163 -90 1 10 1 -66 1 -134 -154 10 -26 -64 -3 0 -4 273 55 -147 0 -71 0 176 0 0 1 -2 0 3 -41 2
0 -1 -25 75 72 1 -102 0 -21 -362 8 -40 -2 0 -11 0 0 0 12 36 4 2 -265 4 81 3 0 -270 7 -69
-6 -203 2 3 -4 -134 0 -234 -262 16 3 -9 -4 0 -9 -8 101 4 1 -13 24 -539 2 -17 3 13 0 0 144 3
85 179 -11 -4 18 -154 -21 -262 -472 5 4 3 0 0 -14 -34 349 117 20 13 -80 343 -9 163 -12 5 0 8 -122 1
-5 -11 -151 -32 -1 10 -362 16 5 -429 8 -155 -13 0 -7 2 -21 -7 254 139 8 -18 -129 -6 -50 16 -16 120 13 94
-116 15 -16 0 10 -26 8 3 4 8 -271 -30 0 0 -30 -50 -5 84 -8 -17 -6 -5 -19 61 -6 0 0 5 -29 2
141 26 20 -21 152 -64 -40 -9 3 -155 -30 -96 -6 0 31 16 -4 -291 -26 315 -205 35 101 -24 -112 6 12 86 181 -29
-1 1 -8 -61 -1 -3 -2 -4 0 -13 0 -6 -569 0 1 4 0 -1 12 5 0 -3 6 0 -3 -330 0 -6 1 -2
0 0 0 0 0 0 0 0 0 0 0 0 0 46 0 0 0 0 0 0 0 0 0 0 0 0 0 0 0 0
-85 -38 20 3 -4 -4 -11 -9 -14 -7 -30 31 1 0 -247 -10 -90 73 11 5 -49 7 29 -24 7 1 0 -9 -17 -1
-148 -134 -3 -8 27 273 0 -8 -34 2 -50 16 4 0 -10 -232 31 -10 13 -13 -124 -1 1 139 -13 3 0 -2 9 1
-25 214 2 2 0 55 0 101 349 -21 -5 -4 0 0 -90 31 868 -10 1 -7 -3 -130 3 -1 1 0 0 0 30 -4
243 -82 1 5 25 -147 0 4 117 -7 84 -291 -1 0 73 -10 -10 -140 9 -344 68 -45 2 183 -12 -1 0 2 -219 -1
9 -6 192 61 165 0 12 1 20 254 -8 -26 12 0 11 13 1 9 -304 35 -25 -4 -27 9 13 -12 -25 -219 -21 49
135 44 -17 24 -119 -71 36 -13 13 139 -17 315 5 0 5 -13 -7 -344 35 -58 -164 49 -88 -48 93 -6 -10 -76 254 27
-112 128 -1 0 -19 0 4 24 -80 8 -6 -205 0 0 -49 -124 -3 68 -25 -164 -501 -31 -8 -221 9 0 0 3 -187 2
5 265 -1 2 5 176 2 -539 343 -18 -5 35 -3 0 7 -1 -130 -45 -4 49 -31 -58 -3 -28 -2 9 0 2 -170 -3
2 3 63 74 -15 0 -265 2 -9 -129 -19 101 6 0 29 1 3 2 -27 -88 -8 -3 -231 -9 124 -5 0 -266 -16 -24
88 -256 -10 0 50 0 4 -17 163 -6 61 -24 0 0 -24 139 -1 183 9 -48 -221 -28 -9 -480 -26 0 0 3 -108 -1
-6 15 5 -59 260 1 81 3 -12 -50 -6 -112 -3 0 7 -13 1 -12 13 93 9 -2 124 -26 271 4 -5 217 -15 -9
-1 1 10 -49 2 -2 3 13 5 16 0 6 -330 0 1 3 0 -1 -12 -6 0 9 -5 0 4 -488 0 -25 0 3
0 0 0 -4 -2 0 0 0 0 -16 0 12 0 0 0 0 0 0 -25 -10 0 0 0 0 -5 0 5 16 0 -3
1 -1 105 -132 131 3 -270 0 8 120 5 86 -6 0 -9 -2 0 2 -219 -76 3 2 -266 3 217 -25 16 -245 5 24
33 3 -8 -1 27 -41 7 144 -122 13 -29 181 1 0 -17 9 30 -219 -21 254 -187 -170 -16 -108 -15 0 0 5 -749 3
-1 -2 -29 -6 0 2 -69 3 1 94 2 -29 -2 0 -1 1 -4 -1 49 27 2 -3 -24 -1 -9 3 -3 24 3 -897

