Q_obj 
-126 -42 24 -55 23 12 258 -128 -199 13 99 0 0 109 1 -39 58 17 -104 -259 -23 -343 -170 63 -234 -8 286 -45 -46 14
-42 79 177 -4 -2 -1 348 32 65 105 1 0 0 -23 0 114 135 1 1 17 2 -29 -14 -117 60 61 -165 4 5 -61
24 177 -267 -11 62 -52 197 9 183 65 204 0 0 100 42 65 5 119 -79 -176 -25 -68 -34 -54 42 -144 -286 -72 50 15
-55 -4 -11 -6 -2 18 35 -7 -2 6 -21 0 0 -4 9 -5 2 4 30 26 -11 99 -26 8 -17 -15 33 -2 -8 -11
23 -2 62 -2 -83 -179 -37 -58 -112 87 92 0 0 101 63 2 3 22 157 186 -115 -13 -6 43 23 140 16 -175 -7 -8
12 -1 -52 18 -179 274 55 -56 -97 -37 77 0 0 -339 0 94 5 -144 92 -204 312 110 55 70 38 24 20 -60 81 6
258 348 197 35 -37 55 198 -128 -109 146 -68 0 0 106 -22 58 89 -48 63 -42 -9 215 107 -67 -233 145 -503 9 -74 67
-128 32 9 -7 -58 -56 -128 269 -28 -2 -6 0 0 -27 58 -188 -36 -43 50 -20 34 -46 -23 -312 155 -55 -122 35 42 37
-199 65 183 -2 -112 -97 -109 -28 -153 40 -268 0 0 116 -65 333 -65 129 46 18 -11 -16 -7 -124 167 -53 46 -68 -63 -160
13 105 65 6 87 -37 146 -2 40 -375 -85 0 0 36 -7 -37 -78 32 -82 -83 7 33 17 -31 -5 84 -163 -19 56 -203
99 1 204 -21 92 77 -68 -6 -268 -85 -234 0 0 -91 104 114 23 6 -63 -97 -22 -135 -67 8 1 26 1 5 81 56
0 0 0 0 0 0 0 0 0 0 0 -216 0 0 0 0 0 0 0 0 0 0 0 0 0 0 0 0 0 0
0 0 0 0 0 0 0 0 0 0 0 0 -927 0 0 0 0 0 0 0 0 0 0 0 0 0 0 0 0 0
109 -23 100 -4 101 -339 106 -27 116 36 -91 0 0 -57 -169 -132 45 -13 -44 244 104 -29 -14 19 -130 -30 172 -24 56 45
1 0 42 9 63 0 -22 58 -65 -7 104 0 0 -169 450 9 1 135 -96 -15 -74 54 27 -26 -15 -10 -5 -88 -144 1
-39 114 65 -5 2 94 58 -188 333 -37 114 0 0 -132 9 201 20 21 -25 25 -12 -31 -15 -220 104 243 203 23 27 -82
58 135 5 2 3 5 89 -36 -65 -78 23 0 0 45 1 20 127 -24 35 18 -14 9 4 -50 -75 107 195 -13 -52 -132
17 1 119 4 22 -144 -48 -43 129 32 6 0 0 -13 135 21 -24 -105 -18 49 -162 22 11 18 -42 -110 16 -186 154 -69
-104 1 -79 30 157 92 63 50 46 -82 -63 0 0 -44 -96 -25 35 -18 -20 1 47 186 93 -35 5 -54 4 104 183 84
-259 17 -176 26 186 -204 -42 -20 18 -83 -97 0 0 244 -15 25 18 49 1 -148 -13 159 79 -28 85 70 -158 -194 -107 77
-23 2 -25 -11 -115 312 -9 34 -11 7 -22 0 0 104 -74 -12 -14 -162 47 -13 167 -69 -34 -32 13 -10 -18 -391 181 -15
-343 -29 -68 99 -13 110 215 -46 -16 33 -135 0 0 -29 54 -31 9 22 186 159 -69 357 304 46 -105 -94 202 -13 -52 -70
-170 -14 -34 -26 -6 55 107 -23 -7 17 -67 0 0 -14 27 -15 4 11 93 79 -34 304 -78 23 -52 -46 101 -6 -26 -35
63 -117 -54 8 43 70 -67 -312 -124 -31 8 0 0 19 -26 -220 -50 18 -35 -28 -32 46 23 369 93 -145 -235 -27 -50 18
-234 60 42 -17 23 38 -233 155 167 -5 1 0 0 -130 -15 104 -75 -42 5 85 13 -105 -52 93 456 132 -206 30 3 60
-8 61 -144 -15 140 24 145 -55 -53 84 26 0 0 -30 -10 243 107 -110 -54 70 -10 -94 -46 -145 132 37 181 -1 -51 163
286 -165 -286 33 16 20 -503 -122 46 -163 1 0 0 172 -5 203 195 16 4 -158 -18 202 101 -235 -206 181 80 -31 -36 -34
-45 4 -72 -2 -175 -60 9 35 -68 -19 5 0 0 -24 -88 23 -13 -186 104 -194 -391 -13 -6 -27 30 -1 -31 157 167 -10
-46 5 50 -8 -7 81 -74 42 -63 56 81 0 0 56 -144 27 -52 154 183 -107 181 -52 -26 -50 3 -51 -36 167 -161 -95
14 -61 15 -11 -8 6 67 37 -160 -203 56 0 0 45 1 -82 -132 -69 84 77 -15 -70 -35 18 60 163 -34 -10 -95 -163

