Q_obj 
-54 37 -10 -87 -198 55 -48 89 -40 138 14 139 125 56 12 -10 6 -151 -3 0 56 0 -26 -6 -30 0 -126 72 -170 0
37 -229 -34 18 -71 130 25 -8 240 -36 -257 -183 3 13 369 58 11 8 -21 -1 75 1 -9 16 -10 0 7 77 -105 14
-10 -34 94 -112 -83 90 -317 64 169 -102 -47 -110 15 190 -67 -13 11 -82 -3 4 107 -23 18 -7 20 0 7 139 275 -2
-87 18 -112 505 -195 -5 117 -302 -19 -302 36 135 70 15 0 104 -22 -34 7 0 75 0 89 21 97 0 -22 82 0 0
-198 -71 -83 -195 -47 -3 254 85 51 236 -31 -216 -76 -155 -143 -24 4 -28 -7 1 40 11 134 -13 146 0 -78 30 -208 0
55 130 90 -5 -3 -405 -93 9 -89 -12 45 21 25 -15 -3 0 4 -1 0 1 36 1 26 0 29 0 1 46 -101 0
-48 25 -317 117 254 -93 272 -85 95 -32 -12 -36 -104 -168 -39 15 5 48 4 1 70 -4 -150 8 -163 0 47 71 -141 -1
89 -8 64 -302 85 9 -85 -27 6 145 -15 -61 -95 -10 2 -47 -3 -19 -10 0 -39 1 -42 -21 -46 0 -34 -40 -4 1
-40 240 169 -19 51 -89 95 6 -185 -5 270 -147 -21 -73 328 -64 9 4 25 2 126 4 10 -17 11 0 -12 127 -52 13
138 -36 -102 -302 236 -12 -32 145 -5 -519 -15 -111 -41 -220 -10 -37 -11 -28 -10 0 -117 7 -138 -21 -151 0 -59 -133 -85 1
14 -257 -47 36 -31 45 -12 -15 270 -15 715 2 9 20 0 -277 -19 0 113 0 -11 0 -1 -68 -1 0 4 -8 -9 0
139 -183 -110 135 -216 21 -36 -61 -147 -111 2 -268 45 -289 -17 17 -7 70 6 3 -85 6 -76 10 -82 0 54 -97 -43 7
125 3 15 70 -76 25 -104 -95 -21 -41 9 45 -406 13 8 12 0 79 3 0 0 59 76 5 83 0 -69 11 -17 1
56 13 190 15 -155 -15 -168 -10 -73 -220 20 -289 13 -284 -165 2 12 38 1 -2 118 -13 -66 2 -72 0 86 138 161 2
12 369 -67 0 -143 -3 -39 2 328 -10 0 -17 8 -165 -216 0 -15 13 0 0 -161 0 -11 0 -13 0 14 -169 64 -10
-10 58 -13 104 -24 0 15 -47 -64 -37 -277 17 12 2 0 -295 6 -5 -24 0 10 0 11 26 12 0 -3 10 0 0
6 11 11 -22 4 4 5 -3 9 -11 -19 -7 0 12 -15 6 497 4 225 1 4 2 -5 311 -5 0 0 -40 -10 0
-151 8 -82 -34 -28 -1 48 -19 4 -28 0 70 79 38 13 -5 4 503 -1 1 37 349 137 -2 151 0 20 39 -1 0
-3 -21 -3 7 -7 0 4 -10 25 -10 113 6 3 1 0 -24 225 -1 365 0 -5 0 4 -21 4 0 0 -9 0 0
0 -1 4 0 1 1 1 0 2 0 0 3 0 -2 0 0 1 1 0 -18 1 0 0 0 0 0 1 1 0 0
56 75 107 75 40 36 70 -39 126 -117 -11 -85 0 118 -161 10 4 37 -5 1 199 11 -55 -10 -60 0 -2 -113 -105 -5
0 1 -23 0 11 1 -4 1 4 7 0 6 59 -13 0 0 2 349 0 0 11 -620 0 0 0 0 -358 12 4 0
-26 -9 18 89 134 26 -150 -42 10 -138 -1 -76 76 -66 -11 11 -5 137 4 0 -55 0 -5 7 -15 0 144 -54 -77 1
-6 16 -7 21 -13 0 8 -21 -17 -21 -68 10 5 2 0 26 311 -2 -21 0 -10 0 7 228 7 0 -1 -7 0 0
-30 -10 20 97 146 29 -163 -46 11 -151 -1 -82 83 -72 -13 12 -5 151 4 0 -60 0 -15 7 -6 0 160 -59 -84 1
0 0 0 0 0 0 0 0 0 0 0 0 0 0 0 0 0 0 0 0 0 0 0 0 0 704 0 0 0 0
-126 7 7 -22 -78 1 47 -34 -12 -59 4 54 -69 86 14 -3 0 20 0 1 -2 -358 144 -1 160 0 498 -3 -16 0
72 77 139 82 30 46 71 -40 127 -133 -8 -97 11 138 -169 10 -40 39 -9 1 -113 12 -54 -7 -59 0 -3 168 -99 -6
-170 -105 275 0 -208 -101 -141 -4 -52 -85 -9 -43 -17 161 64 0 -10 -1 0 0 -105 4 -77 0 -84 0 -16 -99 399 3
0 14 -2 0 0 0 -1 1 13 1 0 7 1 2 -10 0 0 0 0 0 -5 0 1 0 1 0 0 -6 3 963

