Q_obj 
78 -170 7 63 -54 35 0 -5 377 5 0 0 194 -71 226 24 0 238 26 54 88 -13 109 -16 189 34 -143 31 333 12
-170 53 34 109 -203 123 -40 44 -118 1 0 61 39 -122 -35 136 0 -48 39 155 34 -75 217 1 18 11 24 152 -54 -77
7 34 -756 56 -66 7 -26 -22 7 4 0 -13 -2 3 0 18 -1 2 -37 12 10 -339 -17 -6 -1 7 -15 -6 -4 7
63 109 56 223 -106 -4 198 152 145 19 0 215 142 70 -122 -303 -8 -80 183 185 -17 -63 -202 157 -96 89 -80 18 -15 26
-54 -203 -66 -106 201 -25 92 64 -15 -9 0 31 -12 5 -9 -95 0 -12 -51 -33 -42 148 32 24 -15 -17 52 21 1 8
35 123 7 -4 -25 -525 -41 -22 -38 -9 0 -84 6 152 8 131 0 237 0 392 19 -14 62 -77 -39 17 -50 170 -87 70
0 -40 -26 198 92 -41 270 -69 67 27 0 39 -11 -102 -67 10 0 -27 91 24 -171 59 89 30 -69 48 -122 -162 -85 4
-5 44 -22 152 64 -22 -69 590 -36 0 0 47 24 -34 -76 76 3 24 -31 -56 34 36 64 -100 110 151 54 -49 0 -23
377 -118 7 145 -15 -38 67 -36 -521 7 0 -55 -8 -115 157 -47 0 130 68 81 -30 -15 -155 5 -108 -17 81 -3 -150 4
5 1 4 19 -9 -9 27 0 7 -193 0 -41 -11 15 2 24 0 6 10 -16 -16 -7 -20 -15 0 -1 6 39 4 9
0 0 0 0 0 0 0 0 0 0 704 0 0 0 0 0 0 0 0 0 0 0 0 0 0 0 0 0 0 0
0 61 -13 215 31 -84 39 47 -55 -41 0 222 128 34 21 -18 2 -46 51 -99 39 23 117 -192 -3 15 232 114 79 -141
194 39 -2 142 -12 6 -11 24 -8 -11 0 128 -340 20 -177 -85 0 134 60 -42 -84 7 152 145 164 27 106 44 -133 2
-71 -122 3 70 5 152 -102 -34 -115 15 0 34 20 367 -218 -82 0 225 30 -64 50 -5 172 -25 -304 130 -373 -43 40 72
226 -35 0 -122 -9 8 -67 -76 157 2 0 21 -177 -218 103 61 0 -115 -50 5 -53 2 -48 -93 -653 33 102 1 -30 26
24 136 18 -303 -95 131 10 76 -47 24 0 -18 -85 -82 61 87 0 68 -139 78 -42 -38 45 -71 74 46 -117 -19 -37 23
0 0 -1 -8 0 0 0 3 0 0 0 2 0 0 0 0 -293 0 21 0 0 0 0 -1 0 0 0 0 0 0
238 -48 2 -80 -12 237 -27 24 130 6 0 -46 134 225 -115 68 0 -386 -38 -132 71 -4 151 -75 28 -5 -33 -7 -313 -1
26 39 -37 183 -51 0 91 -31 68 10 0 51 60 30 -50 -139 21 -38 -163 88 -9 -58 -90 128 -52 12 -48 9 -9 14
54 155 12 185 -33 392 24 -56 81 -16 0 -99 -42 -64 5 78 0 -132 88 -262 -28 -25 -137 -7 39 0 10 248 80 96
88 34 10 -17 -42 19 -171 34 -30 -16 0 39 -84 50 -53 -42 0 71 -9 -28 -113 -20 33 57 103 -32 89 85 -25 0
-13 -75 -339 -63 148 -14 59 36 -15 -7 0 23 7 -5 2 -38 0 -4 -58 -25 -20 -155 40 24 4 -13 36 15 9 -15
109 217 -17 -202 32 62 89 64 -155 -20 0 117 152 172 -48 45 0 151 -90 -137 33 40 279 111 -47 10 -96 27 123 -181
-16 1 -6 157 24 -77 30 -100 5 -15 0 -192 145 -25 -93 -71 -1 -75 128 -7 57 24 111 420 -11 -146 38 32 24 -104
189 18 -1 -96 -15 -39 -69 110 -108 0 0 -3 164 -304 -653 74 0 28 -52 39 103 4 -47 -11 173 -94 83 11 43 -18
34 11 7 89 -17 17 48 151 -17 -1 0 15 27 130 33 46 0 -5 12 0 -32 -13 10 -146 -94 648 269 18 50 22
-143 24 -15 -80 52 -50 -122 54 81 6 0 232 106 -373 102 -117 0 -33 -48 10 89 36 -96 38 83 269 -94 -62 -121 -63
31 152 -6 18 21 170 -162 -49 -3 39 0 114 44 -43 1 -19 0 -7 9 248 85 15 27 32 11 18 -62 -156 -12 15
333 -54 -4 -15 1 -87 -85 0 -150 4 0 79 -133 40 -30 -37 0 -313 -9 80 -25 9 123 24 43 50 -121 -12 -160 -20
12 -77 7 26 8 70 4 -23 4 9 0 -141 2 72 26 23 0 -1 14 96 0 -15 -181 -104 -18 22 -63 15 -20 -398

