Q_obj 
-192 144 -291 -36 2 -20 -22 32 -213 -50 11 -128 44 -148 -304 -109 69 -11 -2 233 64 11 -224 -28 1 115 -29 29 -147 4
144 112 18 -5 0 -24 -33 4 -291 -22 -518 2 -82 21 104 -51 10 74 0 134 56 -7 -125 -16 0 26 -8 7 -99 0
-291 18 -98 -120 5 -152 -201 -56 -91 -93 -9 -58 30 -72 240 -66 72 -133 0 140 35 -52 78 16 0 133 -249 -242 -51 8
-36 -5 -120 -156 43 7 65 169 -25 104 -21 39 5 -27 59 15 9 52 0 25 140 23 15 0 0 29 -37 115 -67 -1
2 0 5 43 -111 0 77 -122 -1 -144 0 -4 0 0 -2 11 0 0 0 1 0 0 2 0 0 0 -24 0 1 -3
-20 -24 -152 7 0 -52 25 46 -17 -23 -12 45 8 -18 49 15 12 24 0 25 -77 12 40 0 0 99 -43 86 -68 0
-22 -33 -201 65 77 25 -25 305 -12 217 -34 110 6 -15 61 48 13 26 0 8 -303 36 17 0 0 147 -56 243 -93 -3
32 4 -56 169 -122 46 305 -422 9 -183 -3 69 1 8 34 1 -23 40 0 -20 -55 32 34 0 0 -11 -17 170 -25 7
-213 -291 -91 -25 -1 -17 -12 9 -108 -13 -457 -67 91 486 -129 24 5 -74 0 -38 -61 -1 175 18 0 37 -28 9 -47 -12
-50 -22 -93 104 -144 -23 217 -183 -13 -585 -21 29 6 -19 21 -14 29 -3 0 29 -72 -1 -15 0 0 96 -26 17 -47 6
11 -518 -9 -21 0 -12 -34 -3 -457 -21 158 -4 -158 -392 26 -115 2 31 0 -455 -1 5 -17 0 0 15 -5 8 -6 0
-128 2 -58 39 -4 45 110 69 -67 29 -4 629 -24 -38 32 319 5 288 0 12 158 11 18 0 0 41 -72 -245 -36 -28
44 -82 30 5 0 8 6 1 91 6 -158 -24 -87 102 41 17 -4 14 0 -102 9 6 -33 6 0 -59 -4 11 47 -3
-148 21 -72 -27 0 -18 -15 8 486 -19 -392 -38 102 -540 -72 45 9 -33 0 -115 -61 -4 115 11 0 35 -18 -4 -83 -5
-304 104 240 59 -2 49 61 34 -129 21 26 32 41 -72 321 -1 -26 -102 0 125 73 21 332 31 0 -19 120 136 -84 -4
-109 -51 -66 15 11 15 48 1 24 -14 -115 319 17 45 -1 -16 4 110 0 -17 37 5 33 5 0 19 120 -106 -26 72
69 10 72 9 0 12 13 -23 5 29 2 5 -4 9 -26 4 -70 73 -2 -21 2 38 96 0 1 -12 21 54 -13 0
-11 74 -133 52 0 24 26 40 -74 -3 31 288 14 -33 -102 110 73 -246 5 61 -171 -104 -218 -12 0 -133 -23 -231 127 -2
-2 0 0 0 0 0 0 0 0 0 0 0 0 0 0 0 -2 5 708 0 0 -30 0 0 -19 0 0 5 3 0
233 134 140 25 1 25 8 -20 -38 29 -455 12 -102 -115 125 -17 -21 61 0 -26 54 20 -181 -12 0 -57 19 13 219 1
64 56 35 140 0 -77 -303 -55 -61 -72 -1 158 9 -61 73 37 2 -171 0 54 644 4 -2 1 0 48 0 221 -10 0
11 -7 -52 23 0 12 36 32 -1 -1 5 11 6 -4 21 5 38 -104 -30 20 4 191 -24 0 5 -19 -15 -54 -6 0
-224 -125 78 15 2 40 17 34 175 -15 -17 18 -33 115 332 33 96 -218 0 -181 -2 -24 -362 25 0 -32 -21 -64 133 3
-28 -16 16 0 0 0 0 0 18 0 0 0 6 11 31 5 0 -12 0 -12 1 0 25 931 0 0 0 0 0 0
1 0 0 0 0 0 0 0 0 0 0 0 0 0 0 0 1 0 -19 0 0 5 0 0 574 0 0 0 0 0
115 26 133 29 0 99 147 -11 37 96 15 41 -59 35 -19 19 -12 -133 0 -57 48 -19 -32 0 0 160 35 -9 106 0
-29 -8 -249 -37 -24 -43 -56 -17 -28 -26 -5 -72 -4 -18 120 120 21 -23 0 19 0 -15 -21 0 0 35 717 -73 -1 -40
29 7 -242 115 0 86 243 170 9 17 8 -245 11 -4 136 -106 54 -231 5 13 221 -54 -64 0 0 -9 -73 135 31 1
-147 -99 -51 -67 1 -68 -93 -25 -47 -47 -6 -36 47 -83 -84 -26 -13 127 3 219 -10 -6 133 0 0 106 -1 31 -209 1
4 0 8 -1 -3 0 -3 7 -12 6 0 -28 -3 -5 -4 72 0 -2 0 1 0 0 3 0 0 0 -40 1 1 89

