Q_obj 
-529 -32 115 11 -23 3 26 -25 141 53 -65 0 -18 7 200 -2 33 -10 0 3 132 -196 0 -88 -99 -8 -19 -348 0 -20
-32 151 14 -12 16 1 -16 0 17 20 12 -27 39 0 2 -55 -15 1 58 1 18 -39 -56 105 42 1 9 -39 0 -465
115 14 -27 10 -18 4 9 4 -47 5 -29 0 -29 -5 -47 -3 7 107 0 4 -46 82 0 -77 -27 -122 48 75 -29 -32
11 -12 10 205 -8 2 9 1 13 3 -16 -1 25 -1 0 2 8 3 -4 2 -3 10 -1 -32 21 2 11 2 0 12
-23 16 -18 -8 239 -1 136 0 -9 -127 -127 21 21 -1 1 3 135 -13 -33 -2 15 64 0 68 49 22 -72 -50 0 25
3 1 4 2 -1 313 2 0 5 3 -4 0 -3 0 0 5 3 1 0 79 -1 4 0 -10 -5 1 5 0 0 -4
26 -16 9 9 136 2 219 1 20 138 138 -22 -21 2 0 -3 -144 -16 36 3 -15 -69 0 -73 -52 18 79 55 0 -26
-25 0 4 1 0 0 1 -79 10 1 0 0 2 1 8 0 1 1 0 0 21 -1 0 0 -6 0 0 -2 -321 0
141 17 -47 13 -9 5 20 10 -47 9 -36 0 -37 -6 -59 -4 7 -64 1 6 -60 108 1 -101 -38 110 64 89 23 -39
53 20 5 3 -127 3 138 1 9 -133 -63 44 -11 51 -2 19 -68 -89 8 3 -3 108 0 -24 4 -66 -60 -18 0 -14
-65 12 -29 -16 -127 -4 138 0 -36 -63 -178 11 44 -6 3 38 -285 13 -52 -4 27 36 0 137 84 10 -89 -64 0 49
0 -27 0 -1 21 0 -22 0 0 44 11 387 4 5 0 -1 -16 -7 498 0 2 -14 4 10 3 -5 56 6 0 -11
-18 39 -29 25 21 -3 -21 2 -37 -11 44 4 901 4 -10 -3 -17 -5 11 -3 3 -7 3 -202 28 -4 -28 6 0 -31
7 0 -5 -1 -1 0 2 1 -6 51 -6 5 4 618 0 -16 31 405 5 1 2 2 0 10 6 305 -9 4 0 6
200 2 -47 0 1 0 0 8 -59 -2 3 0 -10 0 -136 1 -1 1 0 0 -163 11 0 4 55 1 3 22 -41 1
-2 -55 -3 2 3 5 -3 0 -4 19 38 -1 -3 -16 1 281 46 29 6 -4 -1 10 -3 -11 -6 22 -3 1 0 47
33 -15 7 8 135 3 -144 1 7 -68 -285 -16 -17 31 -1 46 -360 -54 41 2 -13 -65 0 -58 -43 -40 64 58 0 -27
-10 1 107 3 -13 1 -16 1 -64 -89 13 -7 -5 405 1 29 -54 79 -8 0 -2 0 0 -17 -10 -462 18 -6 7 -9
0 58 0 -4 -33 0 36 0 1 8 -52 498 11 5 0 6 41 -8 -463 0 7 10 -7 35 23 -6 43 -9 0 46
3 1 4 2 -2 79 3 0 6 3 -4 0 -3 1 0 -4 2 0 0 335 -1 5 0 -11 -5 0 5 0 0 -3
132 18 -46 -3 15 -1 -15 21 -60 -3 27 2 3 2 -163 -1 -13 -2 7 -1 -33 -9 2 29 50 -1 -10 9 0 -16
-196 -39 82 10 64 4 -69 -1 108 108 36 -14 -7 2 11 10 -65 0 10 5 -9 106 8 -75 -124 -4 60 -238 0 83
0 -56 0 -1 0 0 0 0 1 0 0 4 3 0 0 -3 0 0 -7 0 2 8 -583 9 5 0 0 0 0 -32
-88 105 -77 -32 68 -10 -73 0 -101 -24 137 10 -202 10 4 -11 -58 -17 35 -11 29 -75 9 461 -162 -12 -81 -10 0 -97
-99 42 -27 21 49 -5 -52 -6 -38 4 84 3 28 6 55 -6 -43 -10 23 -5 50 -124 5 -162 533 -7 -37 -45 0 -55
-8 1 -122 2 22 1 18 0 110 -66 10 -5 -4 305 1 22 -40 -462 -6 0 -1 -4 0 -12 -7 345 13 -5 -8 -7
-19 9 48 11 -72 5 79 0 64 -60 -89 56 -28 -9 3 -3 64 18 43 5 -10 60 0 -81 -37 13 -97 -41 0 -33
-348 -39 75 2 -50 0 55 -2 89 -18 -64 6 6 4 22 1 58 -6 -9 0 9 -238 0 -10 -45 -5 -41 -125 0 7
0 0 -29 0 0 0 0 -321 23 0 0 0 0 0 -41 0 0 7 0 0 0 0 0 0 0 -8 0 0 -588 0
-20 -465 -32 12 25 -4 -26 0 -39 -14 49 -11 -31 6 1 47 -27 -9 46 -3 -16 83 -32 -97 -55 -7 -33 7 0 664

