Q_obj 
-12 -7 149 281 -91 -61 50 27 194 -27 76 1 -163 -88 231 17 0 -178 -28 -42 -128 -364 2 9 131 -97 -291 131 -24 -60
-7 -288 2 7 0 1 334 0 -1 -156 0 0 1 189 -1 0 0 2 0 0 238 -1 0 0 1 1 2 1 0 -343
149 2 -326 -334 207 -36 2 32 -9 -41 -135 0 7 39 91 -113 0 59 -146 13 -39 -66 3 6 -108 -51 14 -33 -47 1
281 7 -334 -418 174 106 34 -81 93 142 85 1 -78 14 98 -29 0 -103 9 -2 23 -201 1 -17 100 110 -140 18 60 -40
-91 0 207 174 17 -35 2 30 -1 -42 46 0 -3 -20 -10 167 0 -16 18 0 -15 3 9 6 15 160 2 41 64 5
-61 1 -36 106 -35 -9 -272 290 40 -102 -136 40 250 39 26 23 0 82 -144 -154 -38 -53 20 -2 -136 37 -168 28 83 -219
50 334 2 34 2 -272 -10 -204 111 29 35 28 -212 80 59 1 0 -15 0 0 101 71 24 1 -32 -47 42 42 79 -511
27 0 32 -81 30 290 -204 -183 44 -132 91 31 239 -58 51 -16 0 -128 106 337 -10 64 16 3 119 -76 -57 -58 38 -179
194 -1 -9 93 -1 40 111 44 378 33 -39 -4 -128 -75 38 0 0 -195 0 0 -95 18 -10 0 -7 10 -100 63 -34 -14
-27 -156 -41 142 -42 -102 29 -132 33 -166 -57 -10 -48 -164 257 25 0 -13 -163 280 -305 9 -2 -3 -121 54 60 -18 13 90
76 0 -135 85 46 -136 35 91 -39 -57 -534 2 -31 -133 37 -51 0 -27 152 29 -77 59 -14 -7 46 19 -91 41 -7 -66
1 0 0 1 0 40 28 31 -4 -10 2 901 -26 -5 1 0 0 1 0 0 -7 0 -2 0 1 3 16 0 -6 24
-163 1 7 -78 -3 250 -212 239 -128 -48 -31 -26 -486 9 -63 0 0 90 0 107 11 -95 -20 0 65 47 136 -52 -69 -169
-88 189 39 14 -20 39 80 -58 -75 -164 -133 -5 9 -91 31 7 0 20 -368 91 348 -101 -6 4 -45 45 120 -55 -16 6
231 -1 91 98 -10 26 59 51 38 257 37 1 -63 31 -385 -2 0 -121 -128 315 -39 116 2 6 -46 -30 -123 51 -2 -72
17 0 -113 -29 167 23 1 -16 0 25 -51 0 0 7 -2 151 0 20 7 0 13 4 0 -4 3 -271 0 -13 -135 0
0 0 0 0 0 0 0 0 0 0 0 0 0 0 0 0 -553 0 0 0 0 0 0 0 0 0 0 0 0 0
-178 2 59 -103 -16 82 -15 -128 -195 -13 -27 1 90 20 -121 20 0 -452 -57 -200 -9 -152 9 3 6 -1 133 -68 14 -2
-28 0 -146 9 18 -144 0 106 0 -163 152 0 0 -368 -128 7 0 -57 537 0 184 59 0 -6 157 -17 0 -4 10 0
-42 0 13 -2 0 -154 0 337 0 280 29 0 107 91 315 0 0 -200 0 180 114 61 0 0 134 -21 182 -151 0 0
-128 238 -39 23 -15 -38 101 -10 -95 -305 -77 -7 11 348 -39 13 0 -9 184 114 8 -93 -7 -4 37 46 151 -73 -15 8
-364 -1 -66 -201 3 -53 71 64 18 9 59 0 -95 -101 116 4 0 -152 59 61 -93 348 -1 -3 -426 -11 -142 232 -1 -54
2 0 3 1 9 20 24 16 -10 -2 -14 -2 -20 -6 2 0 0 9 0 0 -7 -1 -945 0 1 -83 13 0 182 16
9 0 6 -17 6 -2 1 3 0 -3 -7 0 0 4 6 -4 0 3 -6 0 -4 -3 0 -394 -6 -3 0 -1 -2 0
131 1 -108 100 15 -136 -32 119 -7 -121 46 1 65 -45 -46 3 0 6 157 134 37 -426 1 -6 -370 4 100 -138 10 25
-97 1 -51 110 160 37 -47 -76 10 54 19 3 47 45 -30 -271 0 -1 -17 -21 46 -11 -83 -3 4 -492 9 -2 -110 -10
-291 2 14 -140 2 -168 42 -57 -100 60 -91 16 136 120 -123 0 0 133 0 182 151 -142 13 0 100 9 -334 -85 41 185
131 1 -33 18 41 28 42 -58 63 -18 41 0 -52 -55 51 -13 0 -68 -4 -151 -73 232 0 -1 -138 -2 -85 -469 3 -39
-24 0 -47 60 64 83 79 38 -34 13 -7 -6 -69 -16 -2 -135 0 14 10 0 -15 -1 182 -2 10 -110 41 3 -316 53
-60 -343 1 -40 5 -219 -511 -179 -14 90 -66 24 -169 6 -72 0 0 -2 0 0 8 -54 16 0 25 -10 185 -39 53 91

