Q_obj 
-66 4 -35 -13 -48 -218 -2 -60 -135 -24 -8 -33 -16 0 -7 -49 0 -18 94 -39 30 -49 0 2 -30 5 -5 90 32 0
4 -327 14 18 16 2 -25 2 0 -48 -18 -6 1 -16 1 1 0 0 -1 8 36 0 0 -25 -43 -390 -255 3 23 0
-35 14 -305 163 59 154 2 -29 -122 -107 -76 40 -209 0 16 -75 120 -144 -66 -241 135 30 -71 -9 -188 20 -21 34 -17 0
-13 18 163 -31 -5 74 0 -227 -15 -86 -81 -3 369 0 18 83 52 -42 -162 -138 159 -72 -2 -52 -106 26 -28 283 -145 0
-48 16 59 -5 -187 154 -33 88 -10 -13 25 -361 -7 -46 7 -55 -6 -127 -95 38 83 -194 -68 21 61 -6 -21 102 364 -62
-218 2 154 74 154 562 8 172 385 61 -2 107 41 0 -3 -24 0 53 46 94 10 220 0 -6 23 2 -1 -15 -59 0
-2 -25 2 0 -33 8 437 -13 -1 112 1 52 0 157 0 -2 0 0 5 -46 0 8 0 -73 1 55 32 -8 3 -61
-60 2 -29 -227 88 172 -13 -362 -73 -71 19 50 -63 -8 -5 -281 -31 -300 29 88 -32 -162 -171 26 -33 -15 -1 -230 31 0
-135 0 -122 -15 -10 385 -1 -73 -320 -51 0 -8 -8 0 -5 100 0 193 71 -98 0 -590 89 0 -7 0 0 30 2 0
-24 -48 -107 -86 -13 61 112 -71 -51 399 31 64 72 70 -1 -28 -50 -59 -33 -312 -54 13 -29 105 66 84 62 24 -26 0
-8 -18 -76 -81 25 -2 1 19 0 31 -81 17 8 0 1 4 -6 0 -7 66 -161 1 0 2 188 -26 31 19 74 0
-33 -6 40 -3 -361 107 52 50 -8 64 17 117 -5 71 5 -38 -4 -84 -60 -5 56 -124 -45 -34 41 32 7 62 244 94
-16 1 -209 369 -7 41 0 -63 -8 72 8 -5 -518 0 1 49 -77 -26 -95 184 -7 -43 -1 -30 67 2 -1 165 -99 0
0 -16 0 0 -46 0 157 -8 0 70 0 71 0 -62 1 6 0 0 -10 -30 0 0 0 152 -1 35 20 18 -5 0
-7 1 16 18 7 -3 0 -5 -5 -1 1 5 1 1 -339 5 -29 -22 -2 -4 -7 3 -13 3 6 1 0 14 1 0
-49 1 -75 83 -55 -24 -2 -281 100 -28 4 -38 49 6 5 -453 -2 396 -58 2 18 74 292 28 45 5 -1 48 95 0
0 0 120 52 -6 0 0 -31 0 -50 -6 -4 -77 0 -29 -2 -662 0 3 -107 -113 1 0 0 -14 0 0 -7 -33 0
-18 0 -144 -42 -127 53 0 -300 193 -59 0 -84 -26 0 -22 396 0 -53 285 -54 0 21 354 20 -17 0 0 -95 93 0
94 -1 -66 -162 -95 46 5 29 71 -33 -7 -60 -95 -10 -2 -58 3 285 -302 -66 -32 -26 181 -31 -85 -7 3 -187 -49 0
-39 8 -241 -138 38 94 -46 88 -98 -312 66 -5 184 -30 -4 2 -107 -54 -66 -209 -117 74 -21 -63 165 -55 -3 85 -58 0
30 36 135 159 83 10 0 -32 0 -54 -161 56 -7 0 -7 18 -113 0 -32 -117 353 1 0 -2 -374 51 -57 56 248 0
-49 0 30 -72 -194 220 8 -162 -590 13 1 -124 -43 0 3 74 1 21 -26 74 1 470 39 -11 -28 0 0 4 83 0
0 0 -71 -2 -68 0 0 -171 89 -29 0 -45 -1 0 -13 292 0 354 181 -21 0 39 -685 8 -1 0 0 -34 44 0
2 -25 -9 -52 21 -6 -73 26 0 105 2 -34 -30 152 3 28 0 20 -31 -63 -2 -11 8 484 -22 53 32 64 -18 0
-30 -43 -188 -106 61 23 1 -33 -7 66 188 41 67 -1 6 45 -14 -17 -85 165 -374 -28 -1 -22 309 -62 72 164 132 0
5 -390 20 26 -6 2 55 -15 0 84 -26 32 2 35 1 5 0 0 -7 -55 51 0 0 53 -62 340 469 14 29 0
-5 -255 -21 -28 -21 -1 32 -1 0 62 31 7 -1 20 0 -1 0 0 3 -3 -57 0 0 32 72 469 -215 -4 -36 0
90 3 34 283 102 -15 -8 -230 30 24 19 62 165 18 14 48 -7 -95 -187 85 56 4 -34 64 164 14 -4 -127 124 0
32 23 -17 -145 364 -59 3 31 2 -26 74 244 -99 -5 1 95 -33 93 -49 -58 248 83 44 -18 132 29 -36 124 546 0
0 0 0 0 -62 0 -61 0 0 0 0 94 0 0 0 0 0 0 0 0 0 0 0 0 0 0 0 0 0 -426

