Q_obj 
-210 38 0 7 -87 24 -35 -143 -13 -21 -329 -1 124 1 -12 0 -252 -5 -7 -59 -294 79 -3 -49 12 45 20 -8 9 -35
38 -555 0 106 -37 2 -1 -7 -24 98 -13 25 13 1 -50 0 1 23 43 51 42 -161 -23 -437 -51 -8 72 45 -39 233
0 0 46 0 0 0 0 0 0 0 0 0 0 0 0 0 0 0 0 0 0 0 0 0 0 0 0 0 0 0
7 106 0 56 37 -18 28 -122 74 346 14 97 -48 1 -2 -14 -54 29 171 -221 13 64 -343 -26 22 59 -335 -31 -182 32
-87 -37 0 37 529 -1 2 300 12 -41 314 -1 121 1 0 0 -175 0 62 -106 -125 126 -5 51 0 35 38 0 -62 67
24 2 0 -18 -1 427 -165 -8 0 4 1 41 -15 1 0 -321 13 -214 -10 20 -40 40 6 -1 -1 204 5 -1 17 -5
-35 -1 0 28 2 -165 -10 -6 6 -4 47 -3 23 0 0 -70 43 30 20 -28 63 -100 -8 3 1 -86 -6 1 -20 9
-143 -7 0 -122 300 -8 -6 23 -55 92 203 -6 122 0 -6 6 -309 -1 -183 204 -294 87 39 6 7 24 -83 -4 187 -44
-13 -24 0 74 12 0 6 -55 -640 91 49 27 -6 0 9 0 19 0 77 -85 18 39 -26 64 67 8 71 66 -12 -38
-21 98 0 346 -41 4 -4 92 91 263 -18 204 3 0 0 0 41 33 -171 232 -29 60 -120 102 0 -12 309 0 174 -27
-329 -13 0 14 314 1 47 203 49 -18 -103 2 120 1 -4 -11 653 -15 16 -57 97 88 -1 19 4 30 18 -2 -15 26
-1 25 0 97 -1 41 -3 -6 27 204 2 306 -2 1 0 -14 3 30 -2 5 -2 33 -33 15 0 23 91 0 3 -1
124 13 0 -48 121 -15 23 122 -6 3 120 -2 -255 0 10 0 7 -25 -22 107 111 373 12 -16 -9 78 -2 7 23 -31
1 1 0 1 1 1 0 0 0 0 1 1 0 121 0 0 1 0 1 1 1 0 0 0 0 0 1 0 0 0
-12 -50 0 -2 0 0 0 -6 9 0 -4 0 10 0 -70 0 0 0 33 25 -10 -1 -6 68 16 0 0 -11 -32 -104
0 0 0 -14 0 -321 -70 6 0 0 -11 -14 0 0 0 403 -15 73 -2 0 0 8 6 0 1 -54 19 2 -2 0
-252 1 0 -54 -175 13 43 -309 19 41 653 3 7 1 0 -15 -68 -23 -81 113 256 -53 17 -2 -4 -7 -44 -4 80 -20
-5 23 0 29 0 -214 30 -1 0 33 -15 30 -25 0 0 73 -23 150 13 -8 -4 -19 -11 -22 1 -66 16 1 -14 -18
-7 43 0 171 62 -10 20 -183 77 -171 16 -2 -22 1 33 -2 -81 13 252 -255 8 -42 -61 -56 -332 67 151 -392 277 33
-59 51 0 -221 -106 20 -28 204 -85 232 -57 5 107 1 25 0 113 -8 -255 -41 -68 -45 73 -66 -77 -96 -203 61 263 115
-294 42 0 13 -125 -40 63 -294 18 -29 97 -2 111 1 -10 0 256 -4 8 -68 -176 49 -5 -56 11 53 27 -7 -7 -38
79 -161 0 64 126 40 -100 87 39 60 88 33 373 0 -1 8 -53 -19 -42 -45 49 -274 -1 234 1 -396 -52 -2 42 201
-3 -23 0 -343 -5 6 -8 39 -26 -120 -1 -33 12 0 -6 6 17 -11 -61 73 -5 -1 -832 -7 87 -17 118 -57 66 89
-49 -437 0 -26 51 -1 3 6 64 102 19 15 -16 0 68 0 -2 -22 -56 -66 -56 234 -7 -303 70 12 8 -59 53 -310
12 -51 0 22 0 -1 1 7 67 0 4 0 -9 0 16 1 -4 1 -332 -77 11 1 87 70 -261 0 -6 -233 -265 -167
45 -8 0 59 35 204 -86 24 8 -12 30 23 78 0 0 -54 -7 -66 67 -96 53 -396 -17 12 0 -138 17 0 -65 31
20 72 0 -335 38 5 -6 -83 71 309 18 91 -2 1 0 19 -44 16 151 -203 27 -52 118 8 -6 17 311 -9 -160 25
-8 45 0 -31 0 -1 1 -4 66 0 -2 0 7 0 -11 2 -4 1 -392 61 -7 -2 -57 -59 -233 0 -9 -413 -430 122
9 -39 0 -182 -62 17 -20 187 -12 174 -15 3 23 0 -32 -2 80 -14 277 263 -7 42 66 53 -265 -65 -160 -430 243 -33
-35 233 0 32 67 -5 9 -44 -38 -27 26 -1 -31 0 -104 0 -20 -18 33 115 -38 201 89 -310 -167 31 25 122 -33 361

