Q_obj 
-316 1 0 -64 1 185 2 1 0 4 -2 -2 -9 0 1 1 97 2 -53 -2 1 -6 385 0 -400 1 0 1 0 93
1 90 0 -20 29 154 3 61 -2 44 -259 -25 5 112 -2 66 158 56 26 326 24 36 1 0 39 4 90 -17 105 -307
0 0 -285 0 0 110 0 0 0 0 0 0 0 0 0 0 59 0 0 0 0 0 -330 0 -240 0 0 0 0 55
-64 -20 0 -111 -67 -5 4 2 -8 0 -6 -215 1 0 1 -161 -17 39 214 -8 0 41 -36 0 39 101 0 -6 0 -18
1 29 0 -67 -383 -5 -13 73 -78 0 -46 -84 -11 -2 -442 386 -124 -5 91 -17 -1 70 1 0 -27 63 -7 11 -15 24
185 154 110 -5 -5 -10 -72 -95 48 17 -60 13 -4 -6 -7 -26 -59 7 -17 -244 -7 -8 -31 0 134 -2 -20 8 -68 -131
2 3 0 4 -13 -72 168 -22 -132 10 -79 1 6 4 24 6 36 -24 2 -78 1 1 1 0 -33 0 12 0 7 -35
1 61 0 2 73 -95 -22 206 2 -156 192 -144 109 -41 3 174 464 -35 -23 -198 16 53 1 0 88 -152 -339 56 -270 88
0 -2 0 -8 -78 48 -132 2 -172 1 0 24 7 1 130 26 -7 16 9 0 0 37 0 0 26 -3 1 0 -1 23
4 44 0 0 0 17 10 -156 1 363 -62 0 1 -25 0 0 -78 22 1 66 44 1 2 0 -10 1 28 3 88 14
-2 -259 0 -6 -46 -60 -79 192 0 -62 -166 110 -82 -55 0 -111 -80 -27 11 -10 -5 -42 -1 0 -100 115 -233 -86 27 -240
-2 -25 0 -215 -84 13 1 -144 24 0 110 -131 60 0 0 -201 188 -119 253 -4 0 576 -1 0 48 -16 -1 -13 40 -26
-9 5 0 1 -11 -4 6 109 7 1 -82 60 -12 1 -4 -33 -145 -6 11 0 1 -14 -5 0 -29 35 1 2 0 2
0 112 0 0 -2 -6 4 -41 1 -25 -55 0 1 602 -1 -5 2 45 1 46 0 1 0 0 5 1 -388 14 169 29
1 -2 0 1 -442 -7 24 3 130 0 0 0 -4 -1 -104 187 3 23 1 1 1 0 1 0 -4 1 1 0 -8 -5
1 66 0 -161 386 -26 6 174 26 0 -111 -201 -33 -5 187 372 -293 25 217 -42 -3 167 1 0 -72 150 -17 26 -33 49
97 158 59 -17 -124 -59 36 464 -7 -78 -80 188 -145 2 3 -293 -175 -45 29 -91 16 -63 -17 0 63 207 -108 75 -185 153
2 56 0 39 -5 7 -24 -35 16 22 -27 -119 -6 45 23 25 -45 -224 -42 28 0 -187 1 0 -6 29 -13 3 113 10
-53 26 0 214 91 -17 2 -23 9 1 11 253 11 1 1 217 29 -42 -233 0 1 -75 -29 0 43 -132 3 9 0 12
-2 326 0 -8 -17 -244 -78 -198 0 66 -10 -4 0 46 1 -42 -91 28 0 53 4 6 -1 0 -101 1 253 105 -1 133
1 24 0 0 -1 -7 1 16 0 44 -5 0 1 0 1 -3 16 0 1 4 -348 1 1 0 5 1 -2 9 -9 18
-6 36 0 41 70 -8 1 53 37 1 -42 576 -14 1 0 167 -63 -187 -75 6 1 191 -3 0 -11 -118 3 8 31 14
385 1 -330 -36 1 -31 1 1 0 2 -1 -1 -5 0 1 1 -17 1 -29 -1 1 -3 -373 0 73 1 0 1 0 -15
0 0 0 0 0 0 0 0 0 0 0 0 0 0 0 0 0 0 0 0 0 0 0 -124 0 0 0 0 0 0
-400 39 -240 39 -27 134 -33 88 26 -10 -100 48 -29 5 -4 -72 63 -6 43 -101 5 -11 73 0 -303 50 -14 19 -44 111
1 4 0 101 63 -2 0 -152 -3 1 115 -16 35 1 1 150 207 29 -132 1 1 -118 1 0 50 -120 1 3 -8 5
0 90 0 0 -7 -20 12 -339 1 28 -233 -1 1 -388 1 -17 -108 -13 3 253 -2 3 0 0 -14 1 -339 43 -103 93
1 -17 0 -6 11 8 0 56 0 3 -86 -13 2 14 0 26 75 3 9 105 9 8 1 0 19 3 43 -154 13 -14
0 105 0 0 -15 -68 7 -270 -1 88 27 40 0 169 -8 -33 -185 113 0 -1 -9 31 0 0 -44 -8 -103 13 261 138
93 -307 55 -18 24 -131 -35 88 23 14 -240 -26 2 29 -5 49 153 10 12 133 18 14 -15 0 111 5 93 -14 138 189

