Q_obj 
870 15 11 -2 0 -98 4 -1 91 -8 178 0 -2 5 -11 -120 18 -20 2 0 20 -2 16 -159 -4 -10 -19 -273 -176 16
15 -107 29 7 125 3 53 -15 7 -47 -63 5 -171 -31 19 62 434 1 -252 0 114 19 -51 -23 -12 -5 -18 29 -32 -40
11 29 172 158 -19 -10 -5 21 189 -18 -20 -23 -28 166 -7 -123 -33 0 -111 0 46 -24 93 65 -138 -4 35 110 4 -402
-2 7 158 102 119 -132 4 6 111 50 -139 -65 26 0 -13 -201 30 43 28 0 11 17 -127 0 -75 -12 -292 -7 103 19
0 125 -19 119 -308 -8 0 0 141 3 0 0 -209 -235 0 -112 -104 0 -362 0 -5 0 28 42 9 0 10 70 0 0
-98 3 -10 -132 -8 222 1 149 -174 -1 -276 1 192 -16 -1 -358 2 1 -114 0 5 -178 17 -33 5 39 11 -57 -554 3
4 53 -5 4 0 1 768 25 5 1 8 0 32 1 0 11 63 0 -18 0 0 -28 -4 -20 3 -1 -1 16 17 7
-1 -15 21 6 0 149 25 379 -8 42 96 0 -155 0 -17 -12 -18 -63 90 0 -100 -196 16 -6 -9 1 6 -1 101 20
91 7 189 111 141 -174 5 -8 -171 -22 -69 40 12 -18 -15 -218 36 -33 46 0 -54 -20 -332 265 -85 -13 176 440 47 22
-8 -47 -18 50 3 -1 1 42 -22 495 28 -21 55 2 26 4 -55 -10 -30 0 202 -57 33 -13 9 0 -161 -6 35 -37
178 -63 -20 -139 0 -276 8 96 -69 28 -347 0 124 -9 27 -208 -75 32 -71 0 -67 -96 -8 -23 10 16 -25 -15 347 -40
0 5 -23 -65 0 1 0 0 40 -21 0 -877 -7 17 0 8 -3 -11 -13 0 -8 0 -66 -2 -49 0 191 -4 0 0
-2 -171 -28 26 -209 192 32 -155 12 55 124 -7 273 56 -22 -38 104 -82 74 0 -130 -255 101 0 13 1 36 12 130 26
5 -31 166 0 -235 -16 1 0 -18 2 -9 17 56 656 -1 -37 31 1 98 0 -3 0 -238 21 -75 -1 -80 34 7 2
-11 19 -7 -13 0 -1 0 -17 -15 26 27 0 -22 -1 -385 -37 23 0 13 0 -61 21 -5 -4 4 5 -1 -14 0 -12
-120 62 -123 -201 -112 -358 11 -12 -218 4 -208 8 -38 -37 -37 -11 47 -40 -28 0 -8 0 261 -23 58 -35 82 -54 178 53
18 434 -33 30 -104 2 63 -18 36 -55 -75 -3 104 31 23 47 51 0 234 0 135 22 36 -18 16 -6 13 51 -38 -48
-20 1 0 43 0 1 0 -63 -33 -10 32 -11 -82 1 0 -40 0 -471 48 0 51 -172 18 -28 0 5 -50 -48 23 0
2 -252 -111 28 -362 -114 -18 90 46 -30 -71 -13 74 98 13 -28 234 48 358 0 73 148 128 19 52 0 47 25 -74 -14
0 0 0 0 0 0 0 0 0 0 0 0 0 0 0 0 0 0 0 221 0 0 0 0 0 0 0 0 0 0
20 114 46 11 -5 5 0 -100 -54 202 -67 -8 -130 -3 -61 -8 135 51 73 0 93 138 71 34 -20 2 -35 16 -83 91
-2 19 -24 17 0 -178 -28 -196 -20 -57 -96 0 -255 0 21 0 22 -172 148 0 138 -189 -18 7 12 2 -6 1 -112 -23
16 -51 93 -127 28 17 -4 16 -332 33 -8 -66 101 -238 -5 261 36 18 128 0 71 -18 218 -58 -44 -2 -165 -98 -3 -298
-159 -23 65 0 42 -33 -20 -6 265 -13 -23 -2 0 21 -4 -23 -18 -28 19 0 34 7 -58 489 -30 -4 -90 -550 -21 4
-4 -12 -138 -75 9 5 3 -9 -85 9 10 -49 13 -75 4 58 16 0 52 0 -20 12 -44 -30 -63 2 -9 -51 -1 187
-10 -5 -4 -12 0 39 -1 1 -13 0 16 0 1 -1 5 -35 -6 5 0 0 2 2 -2 -4 2 -635 -1 -5 -8 -5
-19 -18 35 -292 10 11 -1 6 176 -161 -25 191 36 -80 -1 82 13 -50 47 0 -35 -6 -165 -90 -9 -1 637 -151 20 -103
-273 29 110 -7 70 -57 16 -1 440 -6 -15 -4 12 34 -14 -54 51 -48 25 0 16 1 -98 -550 -51 -5 -151 -119 -21 23
-176 -32 4 103 0 -554 17 101 47 35 347 0 130 7 0 178 -38 23 -74 0 -83 -112 -3 -21 -1 -8 20 -21 -320 -4
16 -40 -402 19 0 3 7 20 22 -37 -40 0 26 2 -12 53 -48 0 -14 0 91 -23 -298 4 187 -5 -103 23 -4 74

