Q_obj 
-424 1 -32 8 11 -41 26 -15 12 0 -322 66 0 0 -13 3 1 59 -171 0 -32 -86 0 -7 0 -67 -98 1 -137 6
1 416 4 0 -4 15 0 -95 0 0 0 2 0 1 -2 65 1 20 1 0 4 9 0 76 -1 -14 0 4 12 1
-32 4 -42 -10 8 53 41 170 0 -88 18 72 -345 -26 -7 -243 -31 40 -145 -28 6 152 132 371 -179 -25 8 9 -38 22
8 0 -10 -241 -62 -83 5 -10 1 177 -4 30 -9 288 -32 -16 7 -19 28 22 18 5 4 16 -19 6 -1 0 11 63
11 -4 8 -62 -535 -283 0 -15 1 -75 -5 22 6 -183 -28 -4 28 -202 26 -9 1 1 -2 48 -5 12 -6 1 -17 262
-41 15 53 -83 -283 -247 25 -2 -1 -1 24 -15 -36 -39 49 23 -49 -36 -63 2 -64 -31 15 64 42 -10 12 23 -66 -463
26 0 41 5 0 25 -375 53 1 38 -14 -22 -140 12 -28 -99 3 -8 -23 12 -389 100 54 142 -80 -14 -8 0 32 7
-15 -95 170 -10 -15 -2 53 217 0 26 9 192 -87 11 -21 170 4 18 75 3 -97 7 34 -120 -202 -56 2 -150 -21 31
12 0 0 1 1 -1 1 0 578 0 -6 4 0 0 0 1 0 1 -7 0 0 -4 0 0 1 -2 -117 0 0 0
0 0 -88 177 -75 -1 38 26 0 417 0 3 -59 329 -2 -31 0 -13 0 -18 89 0 23 58 -22 0 0 0 0 0
-322 0 18 -4 -5 24 -14 9 -6 0 -819 -36 0 1 8 -1 0 -32 96 0 19 49 0 4 1 38 56 0 78 -3
66 2 72 30 22 -15 -22 192 4 3 -36 128 -8 -11 459 146 -47 -6 79 1 46 163 4 112 196 119 -29 3 78 -102
0 0 -345 -9 6 -36 -140 -87 0 -59 0 -8 -107 -17 0 127 0 -6 0 -18 343 0 126 -205 96 0 0 0 0 0
0 1 -26 288 -183 -39 12 11 0 329 1 -11 -17 132 16 -7 2 -37 -8 40 26 0 7 26 -3 0 0 1 1 11
-13 -2 -7 -32 -28 49 -28 -21 0 -2 8 459 0 16 49 -17 8 -7 191 6 -7 -16 0 -20 -22 -2 0 -3 -12 73
3 65 -243 -16 -4 23 -99 170 1 -31 -1 146 127 -7 -17 408 3 -10 58 -14 141 -4 -48 31 -426 38 -2 102 -4 24
1 1 -31 7 28 -49 3 4 0 0 0 -47 0 2 8 3 -80 5 81 0 -32 -91 0 11 4 -70 0 1 4 -5
59 20 40 -19 -202 -36 -8 18 1 -13 -32 -6 -6 -37 -7 -10 5 313 79 -1 14 47 3 -25 -21 0 -1 -5 255 43
-171 1 -145 28 26 -63 -23 75 -7 0 96 79 0 -8 191 58 81 79 -29 0 -146 -330 0 62 79 -272 61 2 -154 32
0 0 -28 22 -9 2 12 3 0 -18 0 1 -18 40 6 -14 0 -1 0 24 28 0 8 15 -13 0 0 0 0 0
-32 4 6 18 1 -64 -389 -97 0 89 19 46 343 26 -7 141 -32 14 -146 28 -42 153 -130 -256 112 -25 8 9 -39 22
-86 9 152 5 1 -31 100 7 -4 0 49 163 0 0 -16 -4 -91 47 -330 0 153 339 0 -70 12 -37 35 24 -67 48
0 0 132 4 -2 15 54 34 0 23 0 4 126 7 0 -48 0 3 0 8 -130 0 173 79 -36 0 0 0 0 0
-7 76 371 16 48 64 142 -120 0 58 4 112 -205 26 -20 31 11 -25 62 15 -256 -70 79 20 105 54 2 122 -15 101
0 -1 -179 -19 -5 42 -80 -202 1 -22 1 196 96 -3 -22 -426 4 -21 79 -13 112 12 -36 105 530 -2 -1 -1 1 32
-67 -14 -25 6 12 -10 -14 -56 -2 0 38 119 0 0 -2 38 -70 0 -272 0 -25 -37 0 54 -2 473 25 -38 -72 37
-98 0 8 -1 -6 12 -8 2 -117 0 56 -29 0 0 0 -2 0 -1 61 0 8 35 0 2 -1 25 908 0 1 0
1 4 9 0 1 23 0 -150 0 0 0 3 0 1 -3 102 1 -5 2 0 9 24 0 122 -1 -38 0 419 3 1
-137 12 -38 11 -17 -66 32 -21 0 0 78 78 0 1 -12 -4 4 255 -154 0 -39 -67 0 -15 1 -72 1 3 -168 38
6 1 22 63 262 -463 7 31 0 0 -3 -102 0 11 73 24 -5 43 32 0 22 48 0 101 32 37 0 1 38 -132

