Q_obj 
-271 -97 5 61 -90 47 58 0 0 64 -2 14 245 1 183 23 -4 0 18 -474 0 106 1 0 7 57 71 3 40 3 0 297 5 51 -31 -91 -13 0 0 30
-97 303 1 -31 10 9 222 0 0 13 40 58 -63 1 200 28 49 -1 29 18 0 -108 -1 0 6 443 16 -11 23 9 0 -76 21 66 21 -441 -17 0 0 -287
5 1 773 -37 0 -312 1 0 0 -17 0 2 4 1 16 0 -1 0 0 -3 0 1 195 0 0 0 257 0 16 0 0 5 7 -25 12 1 1 0 0 12
61 -31 -37 514 53 59 259 0 0 103 2 -76 -24 0 -79 -34 -7 1 -24 -64 0 2 -4 0 50 -12 207 -1 98 12 0 -29 0 -183 -65 -19 22 0 1 43
-90 10 0 53 40 9 12 0 0 8 0 21 72 0 42 144 -1 0 102 64 0 -11 0 0 46 0 11 0 0 1 0 87 0 -51 -17 6 -88 0 0 12
47 9 -312 59 9 -13 -2 0 0 -102 0 -2 -8 0 68 2 -10 1 1 -32 0 6 -36 0 1 -6 271 0 168 0 0 -10 0 40 93 12 -1 0 1 66
58 222 1 259 12 -2 -427 0 0 4 -8 234 10 4 163 -106 38 14 -75 75 0 40 -3 0 11 16 -2 7 -1 -29 0 1 75 -378 2 187 67 0 7 -227
0 0 0 0 0 0 0 716 0 0 0 0 0 0 0 0 0 0 0 0 0 0 0 0 0 0 0 0 0 0 0 0 0 0 0 0 0 0 0 0
0 0 0 0 0 0 0 0 309 0 0 0 0 0 0 0 0 0 0 0 -23 0 0 0 0 0 0 0 0 0 8 0 0 0 0 0 -1 -4 0 0
64 13 -17 103 8 -102 4 0 0 324 0 -4 -35 0 151 -12 -16 1 -8 -44 0 9 -2 0 -4 -3 -73 0 47 1 0 -43 0 79 249 11 8 0 1 100
-2 40 0 2 0 0 -8 0 0 0 -629 3 0 0 2 0 1 0 0 -24 0 -111 0 0 0 -66 0 -13 0 0 0 0 0 -2 0 -63 1 0 0 -1
14 58 2 -76 21 -2 234 0 0 -4 3 485 14 14 -108 32 -25 -18 21 -38 0 -6 -15 0 26 -64 -4 -1 -6 7 0 20 282 105 -5 83 -19 0 -9 152
245 -63 4 -24 72 -8 10 0 0 -35 0 14 -320 1 -79 -18 24 -89 -11 -172 0 32 1 0 -5 36 -3 2 31 -139 0 316 -1 -7 71 -73 12 0 -43 -142
1 1 1 0 0 0 4 0 0 0 0 14 1 -896 0 -1 0 -2 0 0 0 1 -3 0 0 0 0 0 0 0 0 1 52 0 0 2 1 0 -1 1
183 200 16 -79 42 68 163 0 0 151 2 -108 -79 0 389 35 -31 1 19 -146 0 19 3 0 3 -174 31 0 -55 8 0 -96 -13 31 -195 286 -21 0 1 188
23 28 0 -34 144 2 -106 0 0 -12 0 32 -18 -1 35 547 12 2 5 -5 5 6 2 0 175 10 3 1 1 -4 -12 -22 -33 51 -2 14 -43 -142 1 -66
-4 49 -1 -7 -1 -10 38 0 0 -16 1 -25 24 0 -31 12 -892 1 7 0 0 -1 0 0 2 -41 -8 0 2 2 0 29 -3 14 21 69 -6 0 1 -188
0 -1 0 1 0 1 14 0 0 1 0 -18 -89 -2 1 2 1 431 0 1 0 1 4 0 0 1 1 -2 1 -407 0 74 17 1 1 -1 -1 0 216 0
18 29 0 -24 102 1 -75 0 0 -8 0 21 -11 0 19 5 7 0 569 -5 0 5 0 0 124 2 2 1 0 -3 0 -13 0 36 -2 20 -2 0 0 -39
-474 18 -3 -64 64 -32 75 0 0 -44 -24 -38 -172 0 -146 -5 0 1 -5 -562 0 188 0 0 -4 12 -49 6 -27 4 0 -208 -3 -3 23 101 4 0 1 6
0 0 0 0 0 0 0 0 -23 0 0 0 0 0 0 5 0 0 0 0 -300 0 0 0 0 0 0 0 0 0 -243 0 0 0 0 0 8 21 0 0
106 -108 1 2 -11 6 40 0 0 9 -111 -6 32 1 19 6 -1 1 5 188 0 283 1 0 1 164 10 16 6 3 0 39 1 16 -4 137 -3 0 1 12
1 -1 195 -4 0 -36 -3 0 0 -2 0 -15 1 -3 3 2 0 4 0 0 0 1 -872 0 0 1 31 0 2 0 0 1 -59 -2 2 -1 -1 0 2 1
0 0 0 0 0 0 0 0 0 0 0 0 0 0 0 0 0 0 0 0 0 0 0 434 0 0 0 0 0 0 0 0 0 0 0 0 0 0 0 0
7 6 0 50 46 1 11 0 0 -4 0 26 -5 0 3 175 2 0 124 -4 0 1 0 0 -574 0 1 0 0 1 0 -6 0 -71 0 4 -107 0 0 -9
57 443 0 -12 0 -6 16 0 0 -3 -66 -64 36 0 -174 10 -41 1 2 12 0 164 1 0 0 528 -10 19 -12 2 0 43 -11 5 -9 -18 -5 0 1 250
71 16 257 207 11 271 -2 0 0 -73 0 -4 -3 0 31 3 -8 1 2 -49 0 10 31 0 1 -10 192 0 266 0 0 -4 -1 142 156 20 -1 0 1 52
3 -11 0 -1 0 0 7 0 0 0 -13 -1 2 0 0 1 0 -2 1 6 0 16 0 0 0 19 0 185 0 -3 0 -1 0 2 0 18 0 0 -1 2
40 23 16 98 0 168 -1 0 0 47 0 -6 31 0 -55 1 2 1 0 -27 0 6 2 0 0 -12 266 0 363 0 0 37 -1 68 241 26 0 0 1 -8
3 9 0 12 1 0 -29 0 0 1 0 7 -139 0 8 -4 2 -407 -3 4 0 3 0 0 1 2 0 -3 0 219 0 116 -25 -16 1 7 3 0 -197 -11
0 0 0 0 0 0 0 0 8 0 0 0 0 0 0 -12 0 0 0 0 -243 0 0 0 0 0 0 0 0 0 262 0 0 0 0 0 -19 -55 0 0
297 -76 5 -29 87 -10 1 0 0 -43 0 20 316 1 -96 -22 29 74 -13 -208 0 39 1 0 -6 43 -4 -1 37 116 0 -198 10 -8 86 -89 14 0 36 -173
5 21 7 0 0 0 75 0 0 0 0 282 -1 52 -13 -33 -3 17 0 -3 0 1 -59 0 0 -11 -1 0 -1 -25 0 10 207 0 0 25 21 0 9 20
51 66 -25 -183 -51 40 -378 0 0 79 -2 105 -7 0 31 51 14 1 36 -3 0 16 -2 0 -71 5 142 2 68 -16 0 -8 0 653 -43 55 -31 0 1 -79
-31 21 12 -65 -17 93 2 0 0 249 0 -5 71 0 -195 -2 21 1 -2 23 0 -4 2 0 0 -9 156 0 241 1 0 86 0 -43 282 22 2 0 1 -120
-91 -441 1 -19 6 12 187 0 0 11 -63 83 -73 2 286 14 69 -1 20 101 0 137 -1 0 4 -18 20 18 26 7 0 -89 25 55 22 7 -8 0 0 -411
-13 -17 1 22 -88 -1 67 0 -1 8 1 -19 12 1 -21 -43 -6 -1 -2 4 8 -3 -1 0 -107 -5 -1 0 0 3 -19 14 21 -31 2 -8 503 -231 0 42
0 0 0 0 0 0 0 0 -4 0 0 0 0 0 0 -142 0 0 0 0 21 0 0 0 0 0 0 0 0 0 -55 0 0 0 0 0 -231 -66 0 0
0 0 0 1 0 1 7 0 0 1 0 -9 -43 -1 1 1 1 216 0 1 0 1 2 0 0 1 1 -1 1 -197 0 36 9 1 1 0 0 0 89 0
30 -287 12 43 12 66 -227 0 0 100 -1 152 -142 1 188 -66 -188 0 -39 6 0 12 1 0 -9 250 52 2 -8 -11 0 -173 20 -79 -120 -411 42 0 0 203

