Q_obj 
243 0 0 0 0 0 0 0 0 0 0 0 0 0 0 0 0 0 0 0 0 0 0 0 -858 0 0 0 0 0 0 0 0 0 0 0 0 0 0 0
0 380 -204 0 1 -8 1 -10 -35 0 4 -113 2 0 9 -120 -51 -132 92 -25 -148 -2 -78 0 0 0 -239 -28 29 2 112 62 18 -87 2 10 -86 -25 -21 -3
0 -204 -1 0 3 5 1 -80 45 1 6 311 63 0 -7 -10 -135 88 16 -168 2 -4 -64 1 0 0 110 -13 1 4 -9 -24 -6 -41 4 -85 -132 -168 -145 -35
0 0 0 408 5 0 -512 0 0 0 54 0 0 0 0 0 0 0 0 -4 0 0 1 0 0 -3 0 1 0 0 -1 0 0 0 197 0 2 5 0 9
0 1 3 5 49 1 -4 0 0 0 -38 -1 0 0 0 0 1 0 0 1 0 0 0 0 0 -810 0 0 0 0 3 1 1 2 -20 1 -3 0 1 -17
0 -8 5 0 1 -220 1 -1 1 0 2 6 3 0 0 32 7 -2 1 -2 0 1 1 0 0 0 -8 1 0 0 -2 0 2 9 1 0 9 -2 -2 -25
0 1 1 -512 -4 1 193 0 0 0 -53 1 0 0 0 0 0 0 0 -4 0 0 0 0 0 4 0 0 0 0 2 1 0 1 -165 1 -1 5 1 -8
0 -10 -80 0 0 -1 0 -115 2 0 0 28 68 0 0 -61 143 4 3 67 0 -403 14 0 0 0 17 135 86 -3 -87 -24 46 -34 0 -31 97 67 -154 -49
0 -35 45 0 0 1 0 2 115 0 0 21 1 0 48 -27 9 -391 11 1 0 -2 -25 -1 0 0 50 -1 1 0 -70 127 -28 -8 0 -70 -21 1 -2 0
0 0 1 0 0 0 0 0 0 -745 0 1 0 0 1 0 0 1 0 0 0 0 1 175 0 0 0 0 0 1 0 1 1 1 0 0 0 0 1 0
0 4 6 54 -38 2 -53 0 0 0 -250 3 0 0 0 0 0 0 0 1 0 0 -2 0 0 30 0 -1 0 0 11 3 0 6 -227 3 -13 0 2 -68
0 -113 311 0 -1 6 1 28 21 1 3 -506 -16 0 -3 61 332 36 8 54 1 -1 -30 1 0 -2 33 -5 1 -8 -5 -11 110 -25 2 -41 -53 54 31 -16
0 2 63 0 0 3 0 68 1 0 0 -16 517 0 0 69 -102 -4 1 138 0 2 -18 0 0 0 -18 -9 0 -20 62 18 -28 59 0 12 -75 138 -46 35
0 0 0 0 0 0 0 0 0 0 0 0 0 -219 0 0 0 0 0 0 0 0 0 0 0 0 0 0 0 0 0 0 0 0 0 0 0 0 0 0
0 9 -7 0 0 0 0 0 48 1 0 -3 0 0 176 7 4 73 0 0 0 0 -4 1 0 0 -7 1 0 0 16 -27 -12 -1 0 4 5 0 0 0
0 -120 -10 0 0 32 0 -61 -27 0 0 61 69 0 7 551 141 -73 47 -124 -73 1 -14 0 0 0 -75 15 14 -3 -48 8 61 76 0 -22 211 -123 -133 -48
0 -51 -135 0 1 7 0 143 9 0 0 332 -102 0 4 141 145 -38 -9 294 0 5 44 0 0 1 -34 1 0 20 -7 9 39 3 0 50 15 293 222 0
0 -132 88 0 0 -2 0 4 -391 1 0 36 -4 0 73 -73 -38 -173 14 9 -24 0 25 1 0 0 124 -7 5 1 -92 197 100 6 0 -14 -38 9 11 4
0 92 16 0 0 1 0 3 11 0 0 8 1 0 0 47 -9 14 -156 1 -186 -3 87 0 0 0 56 -42 51 1 -60 -35 38 6 0 -250 -71 1 1 0
0 -25 -168 -4 1 -2 -4 67 1 0 1 54 138 0 0 -124 294 9 1 -75 0 104 47 0 0 0 34 -4 -22 -7 -178 -50 85 -62 1 -41 229 203 -312 -100
0 -148 2 0 0 0 0 0 0 0 0 1 0 0 0 -73 0 -24 -186 0 -62 0 -33 0 0 0 -101 59 -61 0 238 63 0 -54 0 -9 131 0 -11 0
0 -2 -4 0 0 1 0 -403 -2 0 0 -1 2 0 0 1 5 0 -3 104 0 439 17 0 0 0 0 -164 -115 0 -1 0 -7 7 0 20 22 104 -1 0
0 -78 -64 1 0 1 0 14 -25 1 -2 -30 -18 0 -4 -14 44 25 87 47 -33 17 -140 1 0 1 -33 -3 1 -1 -221 2 -162 89 -1 760 38 47 58 15
0 0 1 0 0 0 0 0 -1 175 0 1 0 0 1 0 0 1 0 0 0 0 1 -405 0 0 0 0 0 1 0 1 1 1 0 0 0 0 1 0
-858 0 0 0 0 0 0 0 0 0 0 0 0 0 0 0 0 0 0 0 0 0 0 0 -406 0 0 0 0 0 0 0 0 0 0 0 0 0 0 0
0 0 0 -3 -810 0 4 0 0 0 30 -2 0 0 0 0 1 0 0 0 0 0 1 0 0 -358 0 1 0 0 -2 0 1 -1 16 0 3 1 0 14
0 -239 110 0 0 -8 0 17 50 0 0 33 -18 0 -7 -75 -34 124 56 34 -101 0 -33 0 0 0 642 -12 19 1 107 8 -27 -44 0 50 6 34 31 14
0 -28 -13 1 0 1 0 135 -1 0 -1 -5 -9 0 1 15 1 -7 -42 -4 59 -164 -3 0 0 1 -12 -67 59 0 21 7 4 -23 0 -15 41 -4 16 8
0 29 1 0 0 0 0 86 1 0 0 1 0 0 0 14 0 5 51 -22 -61 -115 1 0 0 0 19 59 -118 1 -45 -11 2 9 0 3 -32 -21 3 1
0 2 4 0 0 0 0 -3 0 1 0 -8 -20 0 0 -3 20 1 1 -7 0 0 -1 1 0 0 1 0 1 927 1 0 0 3 0 -1 0 -7 -16 1
0 112 -9 -1 3 -2 2 -87 -70 0 11 -5 62 0 16 -48 -7 -92 -60 -178 238 -1 -221 0 0 -2 107 21 -45 1 56 17 17 45 6 171 -100 -178 -125 -49
0 62 -24 0 1 0 1 -24 127 1 3 -11 18 0 -27 8 9 197 -35 -50 63 0 2 1 0 0 8 7 -11 0 17 193 -33 8 2 -7 -16 -50 -36 -14
0 18 -6 0 1 2 0 46 -28 1 0 110 -28 0 -12 61 39 100 38 85 0 -7 -162 1 0 1 -27 4 2 0 17 -33 25 -66 0 -191 12 84 48 0
0 -87 -41 0 2 9 1 -34 -8 1 6 -25 59 0 -1 76 3 6 6 -62 -54 7 89 1 0 -1 -44 -23 9 3 45 8 -66 128 3 151 -123 -61 -200 -21
0 2 4 197 -20 1 -165 0 0 0 -227 2 0 0 0 0 0 0 0 1 0 0 -1 0 0 16 0 0 0 0 6 2 0 3 130 2 -7 0 1 -36
0 10 -85 0 1 0 1 -31 -70 0 3 -41 12 0 4 -22 50 -14 -250 -41 -9 20 760 0 0 0 50 -15 3 -1 171 -7 -191 151 2 119 -48 -41 6 -9
0 -86 -132 2 -3 9 -1 97 -21 0 -13 -53 -75 0 5 211 15 -38 -71 229 131 22 38 0 0 3 6 41 -32 0 -100 -16 12 -123 -7 -48 126 229 139 62
0 -25 -168 5 0 -2 5 67 1 0 0 54 138 0 0 -123 293 9 1 203 0 104 47 0 0 1 34 -4 -21 -7 -178 -50 84 -61 0 -41 229 -76 -311 -100
0 -21 -145 0 1 -2 1 -154 -2 1 2 31 -46 0 0 -133 222 11 1 -312 -11 -1 58 1 0 0 31 16 3 -16 -125 -36 48 -200 1 6 139 -311 550 -80
0 -3 -35 9 -17 -25 -8 -49 0 0 -68 -16 35 0 0 -48 0 4 0 -100 0 0 15 0 0 14 14 8 1 1 -49 -14 0 -21 -36 -9 62 -100 -80 635

