Q_obj 
213 -1 0 -53 -7 94 -32 0 105 2 -1 -42 13 -1 3 104 35 0 -49 28 23 -3 136 0 -49 0 0 0 3 5 52 60 68 0 3 36 -73 0 223 92
-1 459 -1 -73 125 -42 64 0 -80 -14 1 62 48 -278 13 23 21 0 -31 -90 44 -2 7 18 -34 14 0 0 1 51 -19 35 -46 101 16 8 -128 0 2 -35
0 -1 -576 0 -1 0 -3 0 0 0 1 0 0 -1 0 0 0 -214 0 -3 0 1 1 0 0 0 0 0 0 0 1 0 -1 -2 0 0 0 0 0 0
-53 -73 0 746 111 242 105 0 244 -10 0 -90 -68 -167 -29 66 -107 0 2 -37 -8 -3 54 0 -145 0 0 0 2 -4 4 -184 1 0 -37 23 7 0 22 -77
-7 125 -1 111 490 35 -136 0 44 0 1 -29 -17 136 34 2 -15 0 8 -19 -3 1 11 0 -7 0 0 0 1 131 2 -26 -9 77 43 1 31 0 4 8
94 -42 0 242 35 -468 37 0 73 0 0 -56 -32 -42 -10 -2 220 0 -119 -8 0 0 26 0 67 0 0 0 0 -18 0 378 0 0 -13 0 65 0 -42 22
-32 64 -3 105 -136 37 289 0 34 -74 2 -73 -7 73 -10 13 -13 0 -4 -7 70 -19 6 -14 -26 -11 0 0 1 -46 -30 -22 -102 204 -13 5 -10 0 15 53
0 0 0 0 0 0 0 755 0 0 0 0 0 0 0 0 0 0 0 0 0 0 0 0 0 0 0 0 0 0 0 0 0 0 0 0 0 0 0 0
105 -80 0 244 44 73 34 0 -64 -14 -42 207 150 -33 38 -43 214 0 -71 -40 8 58 -147 24 153 -31 0 0 0 -18 7 367 33 0 -56 -14 270 0 -9 328
2 -14 0 -10 0 0 -74 0 -14 -82 -97 -7 -32 -49 4 17 0 0 1 -2 601 -145 1 -18 0 24 0 0 1 1 -265 0 -33 2 -2 6 29 0 0 9
-1 1 1 0 1 0 2 0 -42 -97 -523 -2 84 1 32 36 1 0 -45 1 0 282 0 18 -88 -22 0 0 1 1 1 1 -2 -1 -24 13 97 0 1 3
-42 62 0 -90 -29 -56 -73 0 207 -7 -2 478 -32 -31 9 101 -53 0 -59 -79 -7 -9 -470 0 -190 0 0 0 3 8 4 -91 125 0 11 35 -122 0 46 -15
13 48 0 -68 -17 -32 -7 0 150 -32 84 -32 263 4 -42 -17 -54 0 65 12 5 80 44 55 53 -72 0 0 0 6 21 -93 -22 0 45 -5 -211 0 58 -106
-1 -278 -1 -167 136 -42 73 0 -33 -49 1 -31 4 473 13 -20 21 0 7 -56 16 -14 1 18 41 14 0 0 0 58 -6 35 -41 74 16 -6 31 0 2 64
3 13 0 -29 34 -10 -10 0 38 4 32 9 -42 13 -384 -46 5 0 39 -12 0 -9 1 -74 83 -56 0 0 -1 14 0 9 0 0 304 -16 -97 0 0 -1
104 23 0 66 2 -2 13 0 -43 17 36 101 -17 -20 -46 259 -11 0 48 -9 14 -62 -37 -27 218 37 0 0 2 -5 42 156 -30 0 36 20 -168 0 96 62
35 21 0 -107 -15 220 -13 0 214 0 1 -53 -54 21 5 -11 182 0 -115 15 0 1 51 0 -88 0 0 0 17 9 0 173 -8 0 6 250 -21 0 -18 -101
0 0 -214 0 0 0 0 0 0 0 0 0 0 0 0 0 0 -395 0 0 0 0 0 0 0 0 0 0 0 0 0 0 0 -3 0 0 0 0 0 0
-49 -31 0 2 8 -119 -4 0 -71 1 -45 -59 65 7 39 48 -115 0 502 2 9 14 13 0 -183 0 0 0 154 0 12 -58 29 0 -34 49 162 -172 66 2
28 -90 -3 -37 -19 -8 -7 0 -40 -2 1 -79 12 -56 -12 -9 15 0 2 404 -9 1 -203 0 25 0 0 0 0 -47 6 26 -23 204 -16 -3 0 0 3 -70
23 44 0 -8 -3 0 70 0 8 601 0 -7 5 16 0 14 0 0 9 -9 -470 207 5 0 18 0 0 0 1 1 -202 0 35 34 0 5 14 0 52 9
-3 -2 1 -3 1 0 -19 0 58 -145 282 -9 80 -14 -9 -62 1 0 14 1 207 294 0 53 27 -68 0 0 -1 1 -91 1 -19 -5 8 -21 -28 0 2 11
136 7 1 54 11 26 6 0 -147 1 0 -470 44 1 1 -37 51 0 13 -203 5 0 -666 0 94 0 0 0 0 6 6 87 13 -36 1 -12 5 0 19 -408
0 18 0 0 0 0 -14 0 24 -18 18 0 55 18 -74 -27 0 0 0 0 0 53 0 769 0 275 0 0 0 0 0 0 4 0 -93 -9 0 0 0 0
-49 -34 0 -145 -7 67 -26 0 153 0 -88 -190 53 41 83 218 -88 0 -183 25 18 27 94 0 32 0 0 0 -72 12 23 -223 45 0 -60 59 289 88 105 -136
0 14 0 0 0 0 -11 0 -31 24 -22 0 -72 14 -56 37 0 0 0 0 0 -68 0 275 0 615 0 0 1 0 0 0 -4 0 -71 13 0 0 0 0
0 0 0 0 0 0 0 0 0 0 0 0 0 0 0 0 0 0 0 0 0 0 0 0 0 0 133 0 0 0 0 0 0 0 0 0 0 0 0 0
0 0 0 0 0 0 0 0 0 0 0 0 0 0 0 0 0 0 0 0 0 0 0 0 0 0 0 -413 333 0 0 0 0 0 0 -21 0 291 0 0
3 1 0 2 1 0 1 0 0 1 1 3 0 0 -1 2 17 0 154 0 1 -1 0 0 -72 1 0 333 -654 0 1 57 0 0 1 57 -3 63 3 2
5 51 0 -4 131 -18 -46 0 -18 1 1 8 6 58 14 -5 9 0 0 -47 1 1 6 0 12 0 0 0 0 685 0 15 0 0 17 -1 0 0 -1 6
52 -19 1 4 2 0 -30 0 7 -265 1 4 21 -6 0 42 0 0 12 6 -202 -91 6 0 23 0 0 0 1 0 -839 0 -15 -14 0 15 -5 0 116 -3
60 35 0 -184 -26 378 -22 0 367 0 1 -91 -93 35 9 156 173 0 -58 26 0 1 87 0 -223 0 0 0 57 15 0 435 -14 0 11 -80 -36 -70 -31 -173
68 -46 -1 1 -9 0 -102 0 33 -33 -2 125 -22 -41 0 -30 -8 0 29 -23 35 -19 13 4 45 -4 0 0 0 0 -15 -14 580 101 0 -10 101 0 -30 -132
0 101 -2 0 77 0 204 0 0 2 -1 0 0 74 0 0 0 -3 0 204 34 -5 -36 0 0 0 0 0 0 0 -14 0 101 -419 0 0 0 0 0 0
3 16 0 -37 43 -13 -13 0 -56 -2 -24 11 45 16 304 36 6 0 -34 -16 0 8 1 -93 -60 -71 0 0 1 17 0 11 0 0 -240 13 61 0 -1 -1
36 8 0 23 1 0 5 0 -14 6 13 35 -5 -6 -16 20 250 0 49 -3 5 -21 -12 -9 59 13 0 -21 57 -1 15 -80 -10 0 13 205 -58 -4 33 22
-73 -128 0 7 31 65 -10 0 270 29 97 -122 -211 31 -97 -168 -21 0 162 0 14 -28 5 0 289 0 0 0 -3 0 -5 -36 101 0 61 -58 238 0 33 84
0 0 0 0 0 0 0 0 0 0 0 0 0 0 0 0 0 0 -172 0 0 0 0 0 88 0 0 291 63 0 0 -70 0 0 0 -4 0 -676 0 0
223 2 0 22 4 -42 15 0 -9 0 1 46 58 2 0 96 -18 0 66 3 52 2 19 0 105 0 0 0 3 -1 116 -31 -30 0 -1 33 33 0 632 -17
92 -35 0 -77 8 22 53 0 328 9 3 -15 -106 64 -1 62 -101 0 2 -70 9 11 -408 0 -136 0 0 0 2 6 -3 -173 -132 0 -1 22 84 0 -17 426

