Q_obj 
247 0 -79 -100 0 1 12 1 -1 0 0 1 0 -233 3 0 0 4 31 0 1 -55 13 0 1 15 0 1 30 -19 0 0 0 0 0 4 -29 32 1 288
0 -107 0 0 0 1 0 -3 0 119 0 0 -1 12 1 0 0 0 191 0 -50 0 0 0 140 -59 -80 10 3 -133 0 -134 -114 -39 122 -4 3 -154 0 0
-79 0 -673 10 0 0 -10 0 0 -1 0 0 0 148 23 0 0 0 -7 0 3 133 32 0 -2 -1 -245 0 287 6 0 157 -4 1 1 0 277 -4 0 -172
-100 0 10 -612 0 2 99 1 -14 -3 0 4 0 28 22 0 0 34 18 0 74 7 -1 0 3 13 1 -10 253 3 0 1 0 0 1 33 -258 -9 2 -33
0 0 0 0 286 0 -11 1 0 0 0 0 -6 0 24 0 46 0 -189 -1 53 0 0 0 0 0 1 -9 0 -290 -92 1 0 0 0 0 -2 0 0 0
1 1 0 2 0 600 -2 0 7 -1 0 0 119 1 -1 0 15 0 0 104 -4 0 0 0 2 -92 -4 1 -1 1 0 2 0 0 1 12 -3 36 1 0
12 0 -10 99 -11 -2 -351 0 -137 3 0 0 -4 0 -122 0 45 0 -16 0 -29 4 0 0 -7 -23 -4 6 39 -11 -24 3 1 -18 1 -21 -65 10 -1 -2
1 -3 0 1 1 0 0 6 1 -1 0 -209 -5 -2 0 0 0 36 -2 -1 -25 0 1 0 -2 1 119 -142 0 2 0 187 2 1 300 1 0 2 1 1
-1 0 0 -14 0 7 -137 1 -338 10 0 0 -2 0 -64 0 0 0 -51 0 -181 0 0 0 -7 48 1 34 -10 0 0 1 0 3 0 -81 11 -18 -4 0
0 119 -1 -3 0 -1 3 -1 10 -326 0 0 0 4 0 0 0 0 53 0 -65 1 0 0 -30 -21 -72 13 -26 -46 0 -45 61 9 61 -3 -20 -53 168 0
0 0 0 0 0 0 0 0 0 0 -738 0 0 0 0 0 0 0 0 0 0 0 0 -198 0 0 0 0 0 0 0 0 0 0 0 0 0 0 0 0
1 0 0 4 0 0 0 -209 0 0 0 -65 -1 0 1 0 0 -114 0 0 102 0 0 0 0 0 35 548 -2 0 0 56 0 0 78 0 3 0 0 0
0 -1 0 0 -6 119 -4 -5 -2 0 0 -1 811 0 13 0 130 1 -3 241 3 0 0 0 0 40 -1 -1 1 -4 -12 -6 1 4 8 -5 1 -14 0 0
-233 12 148 28 0 1 0 -2 0 4 0 0 0 -43 0 0 0 1 -12 0 4 104 -23 0 5 -4 -3 -1 0 9 0 -5 -3 -1 3 0 0 -10 0 -535
3 1 23 22 24 -1 -122 0 -64 0 0 1 13 0 -166 0 -92 2 9 0 -31 -6 0 0 12 -12 10 6 77 25 53 -6 0 40 1 5 -25 5 1 5
0 0 0 0 0 0 0 0 0 0 0 0 0 0 0 111 0 0 0 0 0 0 0 0 0 0 0 0 0 0 0 0 0 0 0 0 0 0 0 0
0 0 0 0 46 15 45 0 0 0 0 0 130 0 -92 0 -210 1 31 30 -8 0 0 0 -7 5 0 2 1 47 101 0 1 -24 1 0 10 -1 0 0
4 0 0 34 0 0 0 36 0 0 0 -114 1 1 2 0 1 -660 0 0 -14 0 0 0 0 1 -5 -77 -24 0 0 -9 0 0 -13 0 25 1 0 0
31 191 -7 18 -189 0 -16 -2 -51 53 0 0 -3 -12 9 0 31 0 -176 1 191 -5 2 0 89 -81 -81 -35 -7 241 -61 -51 -63 -25 68 120 -37 -215 7 29
0 0 0 0 -1 104 0 -1 0 0 0 0 241 0 0 0 30 0 1 262 0 0 0 0 0 0 0 1 0 1 0 -1 0 0 2 0 0 0 0 0
1 -50 3 74 53 -4 -29 -25 -181 -65 0 102 3 4 -31 0 -8 -14 191 0 426 2 0 0 17 30 -105 -168 -26 -66 17 105 18 -4 -8 426 -124 57 22 -7
-55 0 133 7 0 0 4 0 0 1 0 0 0 104 -6 0 0 0 -5 0 2 -325 118 0 1 -1 73 0 -83 4 0 -45 2 0 1 0 -80 -2 0 -38
13 0 32 -1 0 0 0 1 0 0 0 0 0 -23 0 0 0 0 2 0 0 118 425 0 0 1 0 1 0 0 0 0 0 0 0 0 0 1 0 15
0 0 0 0 0 0 0 0 0 0 -198 0 0 0 0 0 0 0 0 0 0 0 0 -144 0 0 0 0 0 0 0 0 0 0 0 0 0 0 0 0
1 140 -2 3 0 2 -7 -2 -7 -30 0 0 0 5 12 0 -7 0 89 0 17 1 0 0 -313 -24 -19 -3 15 -54 0 -96 72 96 72 1 10 -63 -130 0
15 -59 -1 13 0 -92 -23 1 48 -21 0 0 40 -4 -12 0 5 1 -81 0 30 -1 1 0 -24 -308 16 -5 11 59 0 23 21 8 -21 2 -9 -118 1 6
0 -80 -245 1 1 -4 -4 119 1 -72 0 35 -1 -3 10 0 0 -5 -81 0 -105 73 0 0 -19 16 443 45 125 33 0 -408 48 6 185 299 120 38 16 -54
1 10 0 -10 -9 1 6 -142 34 13 0 548 -1 -1 6 0 2 -77 -35 1 -168 0 1 0 -3 -5 45 -452 3 13 -3 20 -3 1 57 -78 25 -10 -4 2
30 3 287 253 0 -1 39 0 -10 -26 0 -2 1 0 77 0 1 -24 -7 0 -26 -83 0 0 15 11 125 3 -11 0 0 -78 -7 -4 1 208 599 -3 11 63
-19 -133 6 3 -290 1 -11 2 0 -46 0 0 -4 9 25 0 47 0 241 1 -66 4 0 0 -54 59 33 13 0 -31 -94 52 45 16 -47 2 -2 151 1 -20
0 0 0 0 -92 0 -24 0 0 0 0 0 -12 0 53 0 101 0 -61 0 17 0 0 0 0 0 0 -3 0 -94 -246 0 0 0 0 0 -5 0 0 0
0 -134 157 1 1 2 3 187 1 -45 0 56 -6 -5 -6 0 0 -9 -51 -1 105 -45 0 0 -96 23 -408 20 -78 52 0 58 59 28 291 -187 -76 61 -9 33
0 -114 -4 0 0 0 1 2 0 61 0 0 1 -3 0 0 1 0 -63 0 18 2 0 0 72 21 48 -3 -7 45 0 59 -267 -20 -58 2 -7 52 1 -1
0 -39 1 0 0 0 -18 1 3 9 0 0 4 -1 40 0 -24 0 -25 0 -4 0 0 0 96 8 6 1 -4 16 0 28 -20 -7 -20 0 -6 19 38 1
0 122 1 1 0 1 1 300 0 61 0 78 8 3 1 0 1 -13 68 2 -8 1 0 0 72 -21 185 57 1 -47 0 291 -58 -20 -10 -1 1 -55 0 -2
4 -4 0 33 0 12 -21 1 -81 -3 0 0 -5 0 5 0 0 0 120 0 426 0 0 0 1 2 299 -78 208 2 0 -187 2 0 -1 -354 156 2 2 0
-29 3 277 -258 -2 -3 -65 0 11 -20 0 3 1 0 -25 0 10 25 -37 0 -124 -80 0 0 10 -9 120 25 599 -2 -5 -76 -7 -6 1 156 -49 4 9 61
32 -154 -4 -9 0 36 10 2 -18 -53 0 0 -14 -10 5 0 -1 1 -215 0 57 -2 1 0 -63 -118 38 -10 -3 151 0 61 52 19 -55 2 4 -568 1 16
1 0 0 2 0 1 -1 1 -4 168 0 0 0 0 1 0 0 0 7 0 22 0 0 0 -130 1 16 -4 11 1 0 -9 1 38 0 2 9 1 232 0
288 0 -172 -33 0 0 -2 1 0 0 0 0 0 -535 5 0 0 0 29 0 -7 -38 15 0 0 6 -54 2 63 -20 0 33 -1 1 -2 0 61 16 0 -17

