Q_obj 
-129 131 1 51 272 4 17 2 -3 0 148 22 0 -10 43 192 -1 195 27 5 27 0 -5 0 0 60 0 -23 -14 -19 1 6 42 142 0 7 0 -6 21 -160
131 543 0 0 -44 -8 0 0 -29 1 179 -16 0 39 12 -116 11 236 35 -17 156 0 0 0 0 -14 0 50 55 2 -21 2 -89 -91 1 0 0 2 -15 104
1 0 -625 0 2 1 -10 -23 1 1 0 0 0 0 0 25 0 1 0 -29 0 0 -12 0 0 1 0 0 0 0 25 0 1 0 0 0 0 4 0 28
51 0 0 -369 1 135 4 9 -4 -2 -1 -423 0 0 2 1 -7 1 -147 23 54 0 -60 0 0 -66 0 0 7 87 7 3 -13 255 0 -146 0 -1 -396 0
272 -44 2 1 567 -2 4 9 15 0 -47 0 0 -11 19 -53 5 -62 28 5 9 0 5 0 0 -39 0 15 -15 13 -17 3 45 -49 0 1 0 -2 0 78
4 -8 1 135 -2 509 -3 0 -25 -16 11 47 0 -1 3 -1 9 30 29 -15 18 0 10 0 0 10 0 27 42 353 -16 1 -89 -59 -4 19 0 3 58 2
17 0 -10 4 4 -3 -104 -10 -307 0 1 -3 0 0 -291 -88 -101 0 140 -51 16 0 -65 0 0 -19 0 0 0 6 -36 -37 102 75 0 1 0 66 -3 -99
2 0 -23 9 9 0 -10 -716 41 -1 2 -7 0 0 38 -202 -1 -1 -22 240 -1 0 -150 0 0 2 0 0 0 0 -192 5 -13 -6 0 2 0 4 -7 -228
-3 -29 1 -4 15 -25 -307 41 -562 1 1 1 0 87 348 13 -5 0 -77 59 -8 0 1 0 0 11 0 0 121 -16 -34 46 -34 -41 1 0 0 112 1 -10
0 1 1 -2 0 -16 0 -1 1 -494 232 -105 0 58 0 3 0 -175 0 -1 0 0 0 0 0 1 0 0 -41 -7 2 0 2 0 13 0 0 1 112 3
148 179 0 -1 -47 11 1 2 1 232 -492 -48 0 27 0 245 -9 448 4 18 -19 0 1 0 0 132 0 -52 -19 -41 18 0 1 14 6 0 0 0 52 -222
22 -16 0 -423 0 47 -3 -7 1 -105 -48 64 0 -128 0 7 -3 37 -64 -4 23 0 58 0 0 -28 0 0 86 32 15 0 1 110 -27 -58 0 2 149 -5
0 0 0 0 0 0 0 0 0 0 0 0 639 0 0 0 0 0 0 0 0 0 0 0 0 0 0 0 0 0 0 0 0 0 0 0 0 0 0 0
-10 39 0 0 -11 -1 0 0 87 58 27 -128 0 -69 -33 -15 -2 -20 -50 5 -6 0 0 0 0 9 0 0 265 -3 6 -4 266 -32 -127 0 0 -4 132 14
43 12 0 2 19 3 -291 38 348 0 0 0 0 -33 147 -5 19 1 359 18 40 0 0 0 0 -49 0 0 -47 19 -76 -58 38 186 0 3 0 100 0 3
192 -116 25 1 -53 -1 -88 -202 13 3 245 7 0 -15 -5 128 12 328 -22 -276 225 0 -106 0 0 -31 0 70 -21 11 189 0 37 -83 0 1 0 31 7 -239
-1 11 0 -7 5 9 -101 -1 -5 0 -9 -3 0 -2 19 12 -286 -12 4 -208 -49 0 2 0 0 53 0 -32 -3 -14 -251 3 9 31 0 -1 0 -313 -3 -10
195 236 1 1 -62 30 0 -1 0 -175 448 37 0 -20 1 328 -12 -243 6 19 -26 0 0 0 0 173 0 -69 15 -47 27 1 0 18 -4 1 0 1 -38 -285
27 35 0 -147 28 29 140 -22 -77 0 4 -64 0 -50 359 -22 4 6 609 -33 38 0 20 0 0 -42 0 13 -70 29 18 47 259 71 0 -20 0 -52 -60 16
5 -17 -29 23 5 -15 -51 240 59 -1 18 -4 0 5 18 -276 -208 19 -33 -62 79 0 -194 0 0 -82 0 53 6 23 403 3 -39 -57 1 4 0 -68 -4 -274
27 156 0 54 9 18 16 -1 -8 0 -19 23 0 -6 40 225 -49 -26 38 79 -292 0 -7 0 0 171 0 -197 -9 -52 100 6 29 211 0 8 0 -5 22 -198
0 0 0 0 0 0 0 0 0 0 0 0 0 0 0 0 0 0 0 0 0 -532 0 85 125 0 0 0 0 0 0 0 0 0 0 0 0 0 0 0
-5 0 -12 -60 5 10 -65 -150 1 0 1 58 0 0 0 -106 2 0 20 -194 -7 0 838 0 0 10 0 0 0 2 156 0 1 -35 0 -8 0 23 55 -120
0 0 0 0 0 0 0 0 0 0 0 0 0 0 0 0 0 0 0 0 0 85 0 -858 31 0 0 0 0 0 0 0 0 0 0 0 0 0 0 0
0 0 0 0 0 0 0 0 0 0 0 0 0 0 0 0 0 0 0 0 0 125 0 31 -628 0 0 0 0 0 0 0 0 0 0 0 0 0 0 0
60 -14 1 -66 -39 10 -19 2 11 1 132 -28 0 9 -49 -31 53 173 -42 -82 171 0 10 0 0 -232 0 195 13 -2 -104 -6 -35 -239 1 -9 0 8 -27 29
0 0 0 0 0 0 0 0 0 0 0 0 0 0 0 0 0 0 0 0 0 0 0 0 0 0 692 0 0 0 0 0 0 0 0 0 0 0 0 0
-23 50 0 0 15 27 0 0 0 0 -52 0 0 0 0 70 -32 -69 13 53 -197 0 0 0 0 195 0 71 0 -56 65 0 0 103 0 0 0 0 0 -61
-14 55 0 7 -15 42 0 0 121 -41 -19 86 0 265 -47 -21 -3 15 -70 6 -9 0 0 0 0 13 0 0 120 16 8 -6 372 -44 90 1 0 -6 -97 20
-19 2 0 87 13 353 6 0 -16 -7 -41 32 0 -3 19 11 -14 -47 29 23 -52 0 2 0 0 -2 0 -56 16 -84 30 3 -29 58 -2 12 0 -1 37 -9
1 -21 25 7 -17 -16 -36 -192 -34 2 18 15 0 6 -76 189 -251 27 18 403 100 0 156 0 0 -104 0 65 8 30 89 -9 -14 -54 1 1 0 -92 14 260
6 2 0 3 3 1 -37 5 46 0 0 0 0 -4 -58 0 3 1 47 3 6 0 0 0 0 -6 0 0 -6 3 -9 589 5 25 0 -19 0 13 0 1
42 -89 1 -13 45 -89 102 -13 -34 2 1 1 0 266 38 37 9 0 259 -39 29 0 1 0 0 -35 0 0 372 -29 -14 5 -662 133 1 -1 0 -23 1 -31
142 -91 0 255 -49 -59 75 -6 -41 0 14 110 0 -32 186 -83 31 18 71 -57 211 0 -35 0 0 -239 0 103 -44 58 -54 25 133 355 0 35 0 -27 103 71
0 1 0 0 0 -4 0 0 1 13 6 -27 0 -127 0 0 0 -4 0 1 0 0 0 0 0 1 0 0 90 -2 1 0 1 0 577 0 0 0 30 1
7 0 0 -146 1 19 1 2 0 0 0 -58 0 0 3 1 -1 1 -20 4 8 0 -8 0 0 -9 0 0 1 12 1 -19 -1 35 0 680 0 0 -54 0
0 0 0 0 0 0 0 0 0 0 0 0 0 0 0 0 0 0 0 0 0 0 0 0 0 0 0 0 0 0 0 0 0 0 0 0 320 0 0 0
-6 2 4 -1 -2 3 66 4 112 1 0 2 0 -4 100 31 -313 1 -52 -68 -5 0 23 0 0 8 0 0 -6 -1 -92 13 -23 -27 0 0 0 60 2 36
21 -15 0 -396 0 58 -3 -7 1 112 52 149 0 132 0 7 -3 -38 -60 -4 22 0 55 0 0 -27 0 0 -97 37 14 0 1 103 30 -54 0 2 46 -5
-160 104 28 0 78 2 -99 -228 -10 3 -222 -5 0 14 3 -239 -10 -285 16 -274 -198 0 -120 0 0 29 0 -61 20 -9 260 1 -31 71 1 0 0 36 -5 69

