Q_obj 
-584 6 18 0 0 0 7 -54 1 -13 2 12 0 85 5 1 9 -7 25 8 0 19 6 80 -61 -36 3 -460 -7 -8 -5 0 -29 47 -28 8 -29 24 67 175
6 294 -21 1 -21 0 -3 86 4 18 46 120 0 -39 -1 0 249 -109 -45 94 0 -162 0 -52 -58 52 0 0 -49 5 3 0 -8 1 0 202 5 48 -22 18
18 -21 -22 32 2 0 0 -47 5 -227 -2 29 0 2 0 -55 -53 72 -25 112 0 -15 0 -8 8 58 0 0 4 0 0 0 -57 0 0 -11 9 -46 18 51
0 1 32 732 0 0 0 1 0 40 1 1 0 0 1 348 0 0 1 0 0 1 0 -1 0 1 1 0 0 0 0 0 1 2 -1 0 0 1 1 0
0 -21 2 0 725 0 0 -9 1 0 120 -7 0 -40 0 1 28 8 3 10 0 -31 0 2 -57 2 0 0 -10 0 0 0 22 0 0 25 -19 3 0 -1
0 0 0 0 0 143 0 0 1 0 0 1 0 0 1 1 1 0 0 1 0 -2 6 0 4 0 1 0 24 0 0 0 1 -386 -609 6 -11 0 2 0
7 -3 0 0 0 0 -846 -52 1 0 0 40 0 0 0 0 6 -39 151 2 0 -13 0 -14 10 -10 0 0 1 0 0 0 3 0 0 0 8 -50 0 20
-54 86 -47 1 -9 0 -52 -16 0 39 21 -19 0 76 -24 0 -49 20 -184 -15 0 20 0 25 -51 275 -11 0 4 67 43 0 290 3 -1 -39 -32 -129 -49 -161
1 4 5 0 1 1 1 0 666 -3 0 10 0 -1 1 1 -2 9 1 -25 0 3 0 0 0 2 1 0 1 0 1 0 -1 0 1 -1 0 0 0 1
-13 18 -227 40 0 0 0 39 -3 -125 2 -22 0 2 0 -70 44 -57 21 -88 0 14 0 7 -2 -45 0 0 -2 0 0 0 46 0 0 10 -5 37 -12 -40
2 46 -2 1 120 0 0 21 0 2 526 17 0 87 0 0 -59 -16 -4 -19 0 67 0 -2 123 -2 0 0 24 0 0 0 -46 0 0 -52 42 -5 1 4
12 120 29 1 -7 1 40 -19 10 -22 17 -383 0 -1 20 0 -31 -38 223 257 0 -36 0 -43 -12 69 9 0 -12 2 -2 0 -15 -2 2 55 1 -18 -14 34
0 0 0 0 0 0 0 0 0 0 0 0 726 0 0 0 0 0 0 0 0 0 0 0 0 0 0 0 0 0 0 0 0 0 0 0 0 0 0 0
85 -39 2 0 -40 0 0 76 -1 2 87 -1 0 403 0 1 -119 2 0 -38 0 -85 0 -189 -478 -133 0 0 -24 0 0 0 91 0 0 -100 -199 14 0 252
5 -1 0 1 0 1 0 -24 1 0 0 20 0 0 -415 0 3 -19 -30 1 0 7 0 1 11 -5 -542 0 1 0 0 0 45 -9 6 0 4 -24 -12 15
1 0 -55 348 1 1 0 0 1 -70 0 0 0 1 0 318 1 1 0 1 0 0 0 3 1 0 0 0 1 0 0 0 0 -3 2 1 1 0 0 2
9 249 -53 0 28 1 6 -49 -2 44 -59 -31 0 -119 3 1 -234 -123 5 -72 0 210 0 -20 -20 -24 2 0 30 1 0 0 -118 0 1 -147 -54 -13 -1 25
-7 -109 72 0 8 0 -39 20 9 -57 -16 -38 0 2 -19 1 -123 -383 -223 226 0 37 0 35 13 -35 -8 0 13 2 -2 0 16 3 -1 -54 0 19 15 -22
25 -45 -25 1 3 0 151 -184 1 21 -4 223 0 0 -30 0 5 -223 298 2 0 27 0 -124 70 80 -13 0 12 0 0 0 238 4 -2 -20 23 -180 -32 74
8 94 112 0 10 1 2 -15 -25 -88 -19 257 0 -38 1 1 -72 226 2 -30 0 68 0 -17 -6 36 1 0 10 -1 2 0 -38 0 1 -47 -17 -4 0 23
0 0 0 0 0 0 0 0 0 0 0 0 0 0 0 0 0 0 0 0 537 0 0 0 0 0 0 0 0 0 0 0 0 0 0 0 0 0 0 0
19 -162 -15 1 -31 -2 -13 20 3 14 67 -36 0 -85 7 0 210 37 27 68 0 370 -93 -95 -254 82 3 0 -64 8 6 0 -17 1 -4 182 -184 50 -29 56
6 0 0 0 0 6 0 0 0 0 0 0 0 0 0 0 0 0 0 0 0 -93 582 24 191 0 0 0 21 0 0 0 0 5 8 1 -420 0 0 16
80 -52 -8 -1 2 0 -14 25 0 7 -2 -43 0 -189 1 3 -20 35 -124 -17 0 -95 24 111 132 -52 1 0 17 19 13 0 -66 206 -129 -16 93 -146 300 236
-61 -58 8 0 -57 4 10 -51 0 -2 123 -12 0 -478 11 1 -20 13 70 -6 0 -254 191 132 39 95 5 0 3 -16 -10 0 8 10 31 -18 36 81 -10 -181
-36 52 58 1 2 0 -10 275 2 -45 -2 69 0 -133 -5 0 -24 -35 80 36 0 82 0 -52 95 -85 -2 0 13 14 9 0 299 1 0 -15 18 148 -75 -107
3 0 0 1 0 1 0 -11 1 0 0 9 0 0 -542 0 2 -8 -13 1 0 3 0 1 5 -2 536 0 1 0 0 0 21 -4 3 0 2 -11 -5 7
-460 0 0 0 0 0 0 0 0 0 0 0 0 0 0 0 0 0 0 0 0 0 0 0 0 0 0 -340 0 0 0 0 0 0 0 0 0 0 0 155
-7 -49 4 0 -10 24 1 4 1 -2 24 -12 0 -24 1 1 30 13 12 10 0 -64 21 17 3 13 1 0 64 -1 0 0 23 -125 -196 58 10 10 -1 -21
-8 5 0 0 0 0 0 67 0 0 0 2 0 0 0 0 1 2 0 -1 0 8 0 19 -16 14 0 0 -1 343 211 0 0 0 0 0 -9 -93 0 -25
-5 3 0 0 0 0 0 43 1 0 0 -2 0 0 0 0 0 -2 0 2 0 6 0 13 -10 9 0 0 0 211 147 0 0 0 0 0 -5 -59 0 -16
0 0 0 0 0 0 0 0 0 0 0 0 0 0 0 0 0 0 0 0 0 0 0 0 0 0 0 0 0 0 0 165 0 0 0 0 0 0 0 0
-29 -8 -57 1 22 1 3 290 -1 46 -46 -15 0 91 45 0 -118 16 238 -38 0 -17 0 -66 8 299 21 0 23 0 0 0 -166 -5 4 -98 1 257 -85 -86
47 1 0 2 0 -386 0 3 0 0 0 -2 0 0 -9 -3 0 3 4 0 0 1 5 206 10 1 -4 0 -125 0 0 0 -5 -37 -288 -26 4 3 -356 137
-28 0 0 -1 0 -609 0 -1 1 0 0 2 0 0 6 2 1 -1 -2 1 0 -4 8 -129 31 0 3 0 -196 0 0 0 4 -288 -303 -42 -23 -1 226 -86
8 202 -11 0 25 6 0 -39 -1 10 -52 55 0 -100 0 1 -147 -54 -20 -47 0 182 1 -16 -18 -15 0 0 58 0 0 0 -98 -26 -42 -197 -47 -9 0 22
-29 5 9 0 -19 -11 8 -32 0 -5 42 1 0 -199 4 1 -54 0 23 -17 0 -184 -420 93 36 18 2 0 10 -9 -5 0 1 4 -23 -47 145 21 27 -88
24 48 -46 1 3 0 -50 -129 0 37 -5 -18 0 14 -24 0 -13 19 -180 -4 0 50 0 -146 81 148 -11 0 10 -93 -59 0 257 3 -1 -9 21 194 -48 70
67 -22 18 1 0 2 0 -49 0 -12 1 -14 0 0 -12 0 -1 15 -32 0 0 -29 0 300 -10 -75 -5 0 -1 0 0 0 -85 -356 226 0 27 -48 25 198
175 18 51 0 -1 0 20 -161 1 -40 4 34 0 252 15 2 25 -22 74 23 0 56 16 236 -181 -107 7 155 -21 -25 -16 0 -86 137 -86 22 -88 70 198 -125

