Q_obj 
-622 -21 0 6 -34 0 -90 97 -29 80 -14 0 11 -10 0 0 -44 1 0 0 -55 -2 1 17 0 0 -21 3 -47 0 2 31 -94 28 20 0 -14 225 0 -36
-21 134 10 9 1 0 69 0 -27 48 -13 1 0 0 0 0 1 0 0 0 -33 -8 10 686 0 0 -2 -7 -2 0 0 1 152 -1 1 0 9 0 0 -17
0 10 1 0 9 0 13 0 16 8 -5 1 -2 21 0 0 8 7 0 0 8 62 -315 -7 0 1 -52 -1 0 -30 -1 10 -6 22 -4 -10 -111 -2 0 -40
6 9 0 -585 2 0 -37 19 -115 3 4 -1 0 -9 0 0 -18 2 0 0 2 24 -2 -7 0 15 2 14 -43 -6 14 10 23 -6 2 -2 35 -7 0 -62
-34 1 9 2 22 0 -35 270 -29 29 -19 0 8 16 0 0 138 1 0 0 -19 54 18 0 0 1 -22 7 -61 0 1 -69 -13 0 2 0 8 91 0 -37
0 0 0 0 0 -522 0 0 0 0 0 0 0 0 0 0 0 0 0 0 0 0 0 0 0 0 0 0 0 0 0 0 0 0 0 0 0 0 689 0
-90 69 13 -37 -35 0 -363 -10 117 79 53 0 11 5 0 0 23 1 0 0 -55 -10 15 -54 0 0 -3 9 93 0 1 -11 145 9 7 0 -4 96 0 61
97 0 0 19 270 0 -10 -170 -59 -53 -26 0 -78 -4 0 0 -395 0 0 0 38 54 0 0 0 0 0 -65 166 0 0 217 25 -11 1 0 51 -271 0 -32
-29 -27 16 -115 -29 0 117 -59 -152 -12 6 0 9 -59 0 0 76 1 -162 41 10 19 26 22 0 4 -35 -43 139 -1 3 6 -68 14 -2 0 -69 31 0 25
80 48 8 3 29 0 79 -53 -12 -74 -7 0 -8 -10 0 0 -138 1 0 0 511 11 -1 -37 0 -3 -21 -8 9 194 8 82 330 -13 -13 65 -9 165 0 -27
-14 -13 -5 4 -19 0 53 -26 6 -7 -211 1 6 -57 0 -37 28 1 0 0 6 -9 -17 11 -199 0 -26 176 118 0 0 -7 -29 -29 32 0 16 15 0 -22
0 1 1 -1 0 0 0 0 0 0 1 631 1 0 0 0 0 0 0 0 0 1 0 0 0 -7 0 1 1 4 136 1 1 1 0 2 0 1 0 0
11 0 -2 0 8 0 11 -78 9 -8 6 1 44 -4 0 0 -40 0 0 0 6 -15 -5 1 0 0 7 -1 18 1 0 21 4 1 0 1 -2 -26 0 11
-10 0 21 -9 16 0 5 -4 -59 -10 -57 0 -4 97 0 -6 -15 0 0 0 8 37 83 1 -36 0 145 33 22 2 1 -29 -1 23 0 1 -140 10 0 102
0 0 0 0 0 0 0 0 0 0 0 0 0 0 590 0 0 0 0 0 0 0 0 0 0 0 0 0 0 0 0 0 0 0 0 0 0 0 0 0
0 0 0 0 0 0 0 0 0 0 -37 0 0 -6 0 -494 0 0 0 0 0 0 0 0 -154 0 0 58 17 0 0 0 0 162 -193 0 39 0 0 0
-44 1 8 -18 138 0 23 -395 76 -138 28 0 -40 -15 0 0 -302 1 0 0 98 34 11 0 0 0 -58 -9 90 0 1 -285 65 -1 -1 0 2 -95 0 -12
1 0 7 2 1 0 1 0 1 1 1 0 0 0 0 0 1 648 0 0 1 1 -5 0 0 -4 0 0 0 225 7 1 0 1 0 75 0 0 0 1
0 0 0 0 0 0 0 0 -162 0 0 0 0 0 0 0 0 0 273 61 0 0 0 0 0 0 -273 0 0 0 0 0 0 0 0 0 0 0 0 295
0 0 0 0 0 0 0 0 41 0 0 0 0 0 0 0 0 0 61 -702 0 0 0 0 0 0 68 0 0 0 0 0 0 0 0 0 0 0 0 -72
-55 -33 8 2 -19 0 -55 38 10 511 6 0 6 8 0 0 98 1 0 0 289 -5 -9 27 0 -5 15 7 -6 275 8 -57 -232 10 10 92 5 -116 0 20
-2 -8 62 24 54 0 -10 54 19 11 -9 1 -15 37 0 0 34 1 0 0 -5 -309 -13 7 0 0 -47 2 -11 -2 -1 -5 -1 -8 3 0 48 16 0 -34
1 10 -315 -2 18 0 15 0 26 -1 -17 0 -5 83 0 0 11 -5 0 0 -9 -13 -98 -7 0 0 -80 -1 0 25 1 16 -7 16 -3 9 -82 -3 0 -60
17 686 -7 -7 0 0 -54 0 22 -37 11 0 1 1 0 0 0 0 0 0 27 7 -7 457 0 0 2 7 2 0 1 0 -119 2 0 0 -6 1 0 14
0 0 0 0 0 0 0 0 0 0 -199 0 0 -36 0 -154 0 0 0 0 0 0 0 0 -439 0 0 304 88 0 0 0 0 -35 43 0 -8 0 0 0
0 0 1 15 1 0 0 0 4 -3 0 -7 0 0 0 0 0 -4 0 0 -5 0 0 0 0 -258 0 0 0 19 65 0 0 1 0 7 -1 0 0 2
-21 -2 -52 2 -22 0 -3 0 -35 -21 -26 0 7 145 0 0 -58 0 -273 68 15 -47 -80 2 0 0 -168 0 0 1 2 -86 10 -33 8 1 175 16 0 63
3 -7 -1 14 7 0 9 -65 -43 -8 176 1 -1 33 0 58 -9 0 0 0 7 2 -1 7 304 0 0 -345 -262 0 0 6 -16 38 -46 0 11 -6 0 -24
-47 -2 0 -43 -61 0 93 166 139 9 118 1 18 22 0 17 90 0 0 0 -6 -11 0 2 88 0 0 -262 649 0 0 -49 -10 14 -13 0 -8 62 0 77
0 0 -30 -6 0 0 0 0 -1 194 0 4 1 2 0 0 0 225 0 0 275 -2 25 0 0 19 1 0 0 -312 -30 0 1 0 1 47 4 1 0 0
2 0 -1 14 1 0 1 0 3 8 0 136 0 1 0 0 1 7 0 0 8 -1 1 1 0 65 2 0 0 -30 -553 0 0 0 1 -10 1 0 0 3
31 1 10 10 -69 0 -11 217 6 82 -7 1 21 -29 0 0 -285 1 0 0 -57 -5 16 0 0 0 -86 6 -49 0 0 -673 -37 10 -1 0 -47 48 0 -77
-94 152 -6 23 -13 0 145 25 -68 330 -29 1 4 -1 0 0 65 0 0 0 -232 -1 -7 -119 0 0 10 -16 -10 1 0 -37 473 8 6 1 1 -76 0 -28
28 -1 22 -6 0 0 9 -11 14 -13 -29 1 1 23 0 162 -1 1 0 0 10 -8 16 2 -35 1 -33 38 14 0 0 10 8 505 548 0 86 -5 0 -23
20 1 -4 2 2 0 7 1 -2 -13 32 0 0 0 0 -193 -1 0 0 0 10 3 -3 0 43 0 8 -46 -13 1 1 -1 6 548 339 1 89 1 0 6
0 0 -10 -2 0 0 0 0 0 65 0 2 1 1 0 0 0 75 0 0 92 0 9 0 0 7 1 0 0 47 -10 0 1 0 1 -436 2 1 0 0
-14 9 -111 35 8 0 -4 51 -69 -9 16 0 -2 -140 0 39 2 0 0 0 5 48 -82 -6 -8 -1 175 11 -8 4 1 -47 1 86 89 2 -47 25 0 125
225 0 -2 -7 91 0 96 -271 31 165 15 1 -26 10 0 0 -95 0 0 0 -116 16 -3 1 0 0 16 -6 62 1 0 48 -76 -5 1 1 25 -34 0 32
0 0 0 0 0 689 0 0 0 0 0 0 0 0 0 0 0 0 0 0 0 0 0 0 0 0 0 0 0 0 0 0 0 0 0 0 0 0 267 0
-36 -17 -40 -62 -37 0 61 -32 25 -27 -22 0 11 102 0 0 -12 1 295 -72 20 -34 -60 14 0 2 63 -24 77 0 3 -77 -28 -23 6 0 125 32 0 -185

