Q_obj 
108 0 17 0 -52 -90 0 -17 166 0 -86 282 120 0 11 -34 22 -10 0 -72 10 0 0 -139 51 39 118 -45 42 -53 62 29 54 26 83 -16 -43 -266 -27 0
0 243 19 0 0 -25 -52 81 0 21 0 0 0 0 0 -5 0 -228 0 0 -15 -49 -260 4 24 0 2 5 8 -1 -35 50 -2 0 -16 20 4 0 68 0
17 19 297 0 7 55 -112 -21 0 193 -1 -10 -4 0 2 21 -3 26 0 0 -125 45 -45 43 -55 -4 -7 159 -275 31 120 35 120 -1 48 -298 10 -115 -64 0
0 0 0 -412 0 0 0 0 0 0 0 0 0 0 0 0 0 0 0 0 0 0 0 0 0 0 0 0 0 0 0 0 0 0 0 0 0 0 0 0
-52 0 7 0 69 -13 0 -8 0 3 11 34 13 0 -1 -9 -12 -1 0 0 -5 0 0 -81 -3 10 -67 -23 12 31 5 14 29 11 -11 -9 -22 0 -5 0
-90 -25 55 0 -13 50 136 1 0 83 23 58 22 0 -2 -79 -17 30 0 0 -126 17 2 18 84 16 -88 -22 7 20 98 0 154 209 -80 127 -151 -46 86 0
0 -52 -112 0 0 136 416 19 0 -118 0 0 0 0 0 34 0 -40 0 0 67 428 -62 -31 45 0 -5 4 -38 -13 199 2 -26 -3 -31 -105 -30 0 54 0
-17 81 -21 0 -8 1 19 683 0 -19 10 13 3 0 2 -1 4 -44 0 0 -72 -25 -54 -27 -2 0 24 31 65 -7 10 428 -9 5 4 -15 5 122 21 0
166 0 0 0 0 0 0 0 -812 0 0 246 -7 0 0 0 0 0 0 0 0 0 0 0 0 70 0 0 0 0 0 0 0 0 0 0 0 0 0 0
0 21 193 0 3 83 -118 -19 0 -163 0 0 0 0 0 15 0 -113 0 0 -171 23 81 4 -67 0 14 -42 -79 26 155 32 28 12 49 178 100 0 -43 0
-86 0 -1 0 11 23 0 10 0 0 -728 41 39 0 83 7 1 5 0 0 1 0 0 29 -8 67 2 2 -9 65 -15 -15 -11 7 -27 2 8 56 13 0
282 0 -10 0 34 58 0 13 246 0 41 313 -14 0 -4 22 -13 7 0 0 -5 0 0 89 -39 111 -73 28 -25 35 -38 -19 -33 -15 -63 10 28 169 18 0
120 0 -4 0 13 22 0 3 -7 0 39 -14 590 0 -5 9 -5 3 0 -393 -2 0 0 34 -2 -227 -29 13 -9 12 -14 -4 -12 -6 -6 5 11 65 7 0
0 0 0 0 0 0 0 0 0 0 0 0 0 617 0 0 0 0 0 0 0 0 0 0 0 0 0 0 0 0 0 0 0 0 0 0 0 0 0 -452
11 0 2 0 -1 -2 0 2 0 0 83 -4 -5 0 -77 -1 0 0 0 0 0 0 0 -3 3 -9 0 -2 2 -8 2 -2 2 0 6 -1 0 -6 -1 0
-34 -5 21 0 -9 -79 34 -1 0 15 7 22 9 0 -1 546 -1 2 0 0 -41 -16 1 -50 14 8 -3 -166 192 -1 30 2 -64 50 -19 13 51 90 5 0
22 0 -3 0 -12 -17 0 4 0 0 1 -13 -5 0 0 -1 474 6 0 0 -10 0 0 -32 15 -4 -127 7 3 81 10 -5 13 27 1 4 6 0 16 0
-10 -228 26 0 -1 30 -40 -44 0 -113 5 7 3 0 0 2 6 223 0 0 36 -67 -57 -2 80 2 31 -4 -32 0 61 -32 23 3 -57 11 -30 54 -2 0
0 0 0 0 0 0 0 0 0 0 0 0 0 0 0 0 0 0 362 0 0 0 0 0 0 0 0 0 0 0 0 0 0 0 0 0 0 0 0 0
-72 0 0 0 0 0 0 0 0 0 0 0 -393 0 0 0 0 0 0 59 0 0 0 0 0 132 0 0 0 0 0 0 0 0 0 0 0 0 0 0
10 -15 -125 0 -5 -126 67 -72 0 -171 1 -5 -2 0 0 -41 -10 36 0 0 -348 85 -3 38 64 -1 11 -243 -178 15 -99 117 122 7 -40 -190 275 0 101 0
0 -49 45 0 0 17 428 -25 0 23 0 0 0 0 0 -16 0 -67 0 0 85 407 22 53 -207 0 -6 -15 -4 76 -3 42 156 17 150 -3 187 0 -229 0
0 -260 -45 0 0 2 -62 -54 0 81 0 0 0 0 0 1 0 -57 0 0 -3 22 216 -3 25 0 1 5 0 -2 -1 -35 -5 -1 -18 -44 -1 0 12 0
-139 4 43 0 -81 18 -31 -27 0 4 29 89 34 0 -3 -50 -32 -2 0 0 38 53 -3 -126 -17 25 -186 -49 173 86 -3 45 113 -3 -25 -64 14 0 -7 0
51 24 -55 0 -3 84 45 -2 0 -67 -8 -39 -2 0 3 14 15 80 0 0 64 -207 25 -17 -111 20 78 -52 -20 37 123 4 17 11 -445 -69 -40 -33 145 0
39 0 -4 0 10 16 0 0 70 0 67 111 -227 0 -9 8 -4 2 0 132 -1 0 0 25 20 29 -22 13 -7 7 -10 2 -9 -5 27 5 8 48 6 0
118 2 -7 0 -67 -88 -5 24 0 14 2 -73 -29 0 0 -3 -127 31 0 0 11 -6 1 -186 78 -22 -221 55 26 453 60 -38 59 148 7 33 9 0 79 0
-45 5 159 0 -23 -22 4 31 0 -42 2 28 13 0 -2 -166 7 -4 0 0 -243 -15 5 -49 -52 13 55 260 49 -23 -6 -49 45 12 18 -234 -44 325 -23 0
42 8 -275 0 12 7 -38 65 0 -79 -9 -25 -9 0 2 192 3 -32 0 0 -178 -4 0 173 -20 -7 26 49 58 2 -35 -103 410 -62 25 119 -251 -93 -85 0
-53 -1 31 0 31 20 -13 -7 0 26 65 35 12 0 -8 -1 81 0 0 0 15 76 -2 86 37 7 453 -23 2 560 -74 13 -35 -43 24 17 -29 0 5 0
62 -35 120 0 5 98 199 10 0 155 -15 -38 -14 0 2 30 10 61 0 0 -99 -3 -1 -3 123 -10 60 -6 -35 -74 97 -15 -4 -181 -75 140 -14 0 152 0
29 50 35 0 14 0 2 428 0 32 -15 -19 -4 0 -2 2 -5 -32 0 0 117 42 -35 45 4 2 -38 -49 -103 13 -15 263 15 -6 -6 25 -7 -194 7 0
54 -2 120 0 29 154 -26 -9 0 28 -11 -33 -12 0 2 -64 13 23 0 0 122 156 -5 113 17 -9 59 45 410 -35 -4 15 155 -11 3 -58 226 0 76 0
26 0 -1 0 11 209 -3 5 0 12 7 -15 -6 0 0 50 27 3 0 0 7 17 -1 -3 11 -5 148 12 -62 -43 -181 -6 -11 536 14 7 10 0 5 0
83 -16 48 0 -11 -80 -31 4 0 49 -27 -63 -6 0 6 -19 1 -57 0 0 -40 150 -18 -25 -445 27 7 18 25 24 -75 -6 3 14 -419 44 16 -46 -103 0
-16 20 -298 0 -9 127 -105 -15 0 178 2 10 5 0 -1 13 4 11 0 0 -190 -3 -44 -64 -69 5 33 -234 119 17 140 25 -58 7 44 257 175 114 -110 0
-43 4 10 0 -22 -151 -30 5 0 100 8 28 11 0 0 51 6 -30 0 0 275 187 -1 14 -40 8 9 -44 -251 -29 -14 -7 226 10 16 175 -40 319 -73 0
-266 0 -115 0 0 -46 0 122 0 0 56 169 65 0 -6 90 0 54 0 0 0 0 0 0 -33 48 0 325 -93 0 0 -194 0 0 -46 114 319 -604 141 0
-27 68 -64 0 -5 86 54 21 0 -43 13 18 7 0 -1 5 16 -2 0 0 101 -229 12 -7 145 6 79 -23 -85 5 152 7 76 5 -103 -110 -73 141 244 0
0 0 0 0 0 0 0 0 0 0 0 0 0 -452 0 0 0 0 0 0 0 0 0 0 0 0 0 0 0 0 0 0 0 0 0 0 0 0 0 -12

