Q_obj 
-543 28 0 13 18 0 1 34 2 1 -5 0 0 0 0 0 0 0 0 0 -75 0 0 0 41 -270 0 -67 0 1 -139 0 0 0 1 0 0 0 32 81
28 174 34 224 -33 223 -1 0 -3 -31 -105 0 -75 -164 0 -4 4 -9 21 -82 111 -26 7 37 -1 9 0 -117 0 -8 -16 1 -135 0 0 -35 -24 -16 35 92
0 34 562 -14 0 -18 0 0 0 4 1 0 7 11 0 -14 2 3 0 4 -3 3 72 0 0 5 0 7 0 0 -6 1 -15 0 -6 4 3 2 -44 17
13 224 -14 434 15 -97 3 0 2 38 47 0 34 73 0 -4 -1 5 -8 37 190 12 -2 -16 0 -19 0 -148 0 -74 15 0 60 0 15 1 0 8 -16 -35
18 -33 0 15 686 -73 2 0 38 25 -140 0 25 0 0 26 0 0 -7 34 7 0 0 0 -444 -11 0 -4 0 0 1 0 17 0 -57 -16 -11 0 0 4
0 223 -18 -97 -73 422 -39 0 -6 18 -232 0 -353 90 93 3 -5 -60 -15 -115 -16 14 0 -4 0 2 0 55 0 0 17 8 -105 0 1 14 12 9 -7 6
1 -1 0 3 2 -39 -714 1 -20 -27 1 0 8 1 2 7 2 -272 0 -94 98 19 0 0 0 2 0 116 0 -10 -105 452 2 0 -14 -80 20 1 14 5
34 0 0 0 0 0 1 -847 0 2 0 0 0 0 0 0 0 0 0 0 1 0 0 0 0 50 0 0 0 1 0 0 0 0 1 0 0 0 1 -14
2 -3 0 2 38 -6 -20 0 299 -262 -13 0 3 0 2 -266 0 0 0 4 1 0 0 0 -42 -1 0 0 0 0 1 7 2 0 601 178 124 0 0 1
1 -31 4 38 25 18 -27 2 -262 -388 0 0 -5 -8 0 84 -13 0 5 -4 -17 -167 0 7 0 -2 0 16 0 -140 -1 10 10 0 -189 241 168 0 -2 -8
-5 -105 1 47 -140 -232 1 0 -13 0 286 0 80 1 0 0 -6 0 21 108 11 0 0 10 142 3 0 -22 0 0 -13 0 49 0 0 0 0 1 2 -5
0 0 0 0 0 0 0 0 0 0 0 612 0 0 0 0 0 0 0 0 0 0 0 0 0 0 0 0 0 0 0 0 0 0 0 0 0 0 0 0
0 -75 7 34 25 -353 8 0 3 -5 80 0 -500 -30 272 0 2 21 6 40 31 -4 1 2 0 0 0 10 0 0 -31 -19 36 0 0 -4 -3 -3 9 -1
0 -164 11 73 0 90 1 0 0 -8 1 0 -30 850 0 -1 -120 1 -10 -22 19 -6 2 -15 0 0 0 -33 0 0 -18 0 79 0 0 -8 -6 117 5 -2
0 0 0 0 0 93 2 0 2 0 0 0 272 0 818 0 0 0 0 0 -4 0 0 0 0 0 0 -5 0 0 5 4 0 0 1 1 1 0 -1 0
0 -4 -14 -4 26 3 7 0 -266 84 0 0 0 -1 0 319 0 0 1 0 7 0 -8 1 0 0 0 -6 0 39 0 -2 2 0 254 -57 -39 0 6 -1
0 4 2 -1 0 -5 2 0 0 -13 -6 0 2 -120 0 0 788 0 119 2 0 -10 0 170 0 -7 0 1 0 0 -1 0 -20 0 0 -13 -9 -12 -9 -23
0 -9 3 5 0 -60 -272 0 0 0 0 0 21 1 0 0 0 -102 0 -159 2 0 -15 0 0 0 0 -1 0 0 -1 92 5 0 0 -29 -6 1 1 0
0 21 0 -8 -7 -15 0 0 0 5 21 0 6 -10 0 1 119 0 -92 7 -2 4 0 -176 8 23 0 5 0 0 9 1 51 0 1 5 4 -1 28 76
0 -82 4 37 34 -115 -94 0 4 -4 108 0 40 -22 0 0 2 -159 7 346 10 -3 8 2 0 2 0 -16 0 0 -13 32 40 0 0 -14 -5 -2 -14 6
-75 111 -3 190 7 -16 98 1 1 -17 11 0 31 19 -4 7 0 2 -2 10 80 3 0 -4 6 45 0 -301 0 74 329 296 15 0 -13 19 13 2 -77 -23
0 -26 3 12 0 14 19 0 0 -167 0 0 -4 -6 0 0 -10 0 4 -3 3 361 0 6 0 -2 0 -5 0 0 -3 -6 8 0 0 -165 -115 0 -1 -6
0 7 72 -2 0 0 0 0 0 0 0 0 1 2 0 -8 0 -15 0 8 0 0 111 0 0 -30 0 2 0 0 65 0 -2 0 -3 0 0 1 282 -103
0 37 0 -16 0 -4 0 0 0 7 10 0 2 -15 0 1 170 0 -176 2 -4 6 0 -221 0 33 0 8 0 0 14 1 68 0 1 7 5 -1 40 108
41 -1 0 0 -444 0 0 0 -42 0 142 0 0 0 0 0 0 0 8 0 6 0 0 0 -37 -25 0 5 0 0 11 0 0 0 0 0 0 0 -2 8
-270 9 5 -19 -11 2 2 50 -1 -2 3 0 0 0 0 0 -7 0 23 2 45 -2 -30 33 -25 -728 0 48 0 1 90 0 73 0 0 -2 -1 0 -24 206
0 0 0 0 0 0 0 0 0 0 0 0 0 0 0 0 0 0 0 0 0 0 0 0 0 0 -513 0 0 0 0 0 0 0 0 0 0 0 0 0
-67 -117 7 -148 -4 55 116 0 0 16 -22 0 10 -33 -5 -6 1 -1 5 -16 -301 -5 2 8 5 48 0 -60 0 -74 324 339 -27 0 14 -21 -15 -3 -66 6
0 0 0 0 0 0 0 0 0 0 0 0 0 0 0 0 0 0 0 0 0 0 0 0 0 0 0 0 -566 0 0 0 0 0 0 0 0 0 0 0
1 -8 0 -74 0 0 -10 1 0 -140 0 0 0 0 0 39 0 0 0 0 74 0 0 0 0 1 0 -74 0 569 -11 4 0 0 -86 96 67 0 3 0
-139 -16 -6 15 1 17 -105 0 1 -1 -13 0 -31 -18 5 0 -1 -1 9 -13 329 -3 65 14 11 90 0 324 0 -11 44 -305 6 0 3 -7 -4 -1 -8 -19
0 1 1 0 0 8 452 0 7 10 0 0 -19 0 4 -2 0 92 1 32 296 -6 0 1 0 0 0 339 0 4 -305 480 0 0 5 27 -6 0 73 -1
0 -135 -15 60 17 -105 2 0 2 10 49 0 36 79 0 2 -20 5 51 40 15 8 -2 68 0 73 0 -27 0 0 6 0 -230 0 1 11 7 8 97 242
0 0 0 0 0 0 0 0 0 0 0 0 0 0 0 0 0 0 0 0 0 0 0 0 0 0 0 0 0 0 0 0 0 -594 0 0 0 0 0 0
1 0 -6 15 -57 1 -14 1 601 -189 0 0 0 0 1 254 0 0 1 0 -13 0 -3 1 0 0 0 14 0 -86 3 5 1 0 -140 128 89 0 2 0
0 -35 4 1 -16 14 -80 0 178 241 0 0 -4 -8 1 -57 -13 -29 5 -14 19 -165 0 7 0 -2 0 -21 0 96 -7 27 11 0 128 45 -475 0 -2 -7
0 -24 3 0 -11 12 20 0 124 168 0 0 -3 -6 1 -39 -9 -6 4 -5 13 -115 0 5 0 -1 0 -15 0 67 -4 -6 7 0 89 -475 410 0 -1 -5
0 -16 2 8 0 9 1 0 0 0 1 0 -3 117 0 0 -12 1 -1 -2 2 0 1 -1 0 0 0 -3 0 0 -1 0 8 0 0 0 0 -302 1 0
32 35 -44 -16 0 -7 14 1 0 -2 2 0 9 5 -1 6 -9 1 28 -14 -77 -1 282 40 -2 -24 0 -66 0 3 -8 73 97 0 2 -2 -1 1 -7 -9
81 92 17 -35 4 6 5 -14 1 -8 -5 0 -1 -2 0 -1 -23 0 76 6 -23 -6 -103 108 8 206 0 6 0 0 -19 -1 242 0 0 -7 -5 0 -9 -102

