Q_obj 
-759 22 0 -43 21 -46 58 -36 -92 129 45 0 0 -2 0 0 -72 -20 19 15 -34 29 -106 53 -281 40 14 -132 0 -23 28 0 24 -13 38 15 -27 49 11 -3
22 -176 -8 1 77 -16 0 0 70 0 0 0 0 0 0 0 105 0 176 0 33 0 0 4 -56 0 1 -49 0 -10 60 0 51 -51 136 -44 84 -4 1 0
0 -8 -179 -335 44 -3 0 0 -4 0 0 0 0 0 48 0 6 -162 24 -13 -52 -10 -4 -13 1 -49 41 149 -9 14 2 0 2 -29 3 23 -41 75 30 1
-43 1 -335 231 73 0 0 0 0 0 0 0 0 5 0 0 -8 -227 -1 0 -18 0 0 0 111 0 314 5 0 0 0 0 0 -48 0 8 -14 27 232 -3
21 77 44 73 275 -198 0 0 -14 0 0 7 0 0 0 0 71 19 63 -22 -115 -19 0 22 -52 -60 -16 220 0 -42 101 0 86 371 -27 50 -91 165 -11 1
-46 -16 -3 0 -198 -147 4 2 18 5 3 0 0 0 1 0 -181 2 -5 -1 -1 63 18 -29 136 62 4 99 -6 19 -131 0 -112 135 -2 0 1 0 1 0
58 0 0 0 0 4 -181 -18 -44 65 -17 0 0 -4 0 0 0 0 0 0 1 5 -53 14 23 0 0 0 0 -17 -1 0 -1 0 23 1 0 1 1 -5
-36 0 0 0 0 2 -18 443 -58 188 -14 0 0 1 -1 0 0 0 0 0 0 7 -70 8 -14 5 0 0 -14 -24 -2 0 -2 0 30 1 0 1 0 1
-92 70 -4 0 -14 18 -44 -58 -517 -69 -34 0 0 30 -9 0 -13 -2 25 0 0 51 92 61 -23 29 -4 7 -88 -165 -26 0 -22 10 424 -44 83 61 -3 -18
129 0 0 0 0 5 65 188 -69 -730 51 0 0 -2 0 0 0 0 0 0 1 11 -83 18 50 1 0 0 -2 -27 -2 0 -2 0 36 1 0 1 0 -3
45 0 0 0 0 3 -17 -14 -34 51 110 0 0 1 0 0 0 0 0 0 1 4 -41 11 18 0 0 0 0 -13 -1 0 -1 0 18 1 0 1 1 1
0 0 0 0 7 0 0 0 0 0 0 -34 0 0 0 0 0 0 0 0 0 0 0 0 0 0 0 0 0 0 0 0 0 10 0 0 0 0 0 0
0 0 0 0 0 0 0 0 0 0 0 0 -4 0 0 0 0 0 0 0 0 0 0 0 0 0 0 0 0 0 0 0 0 0 0 0 0 0 0 0
-2 0 0 5 0 0 -4 1 30 -2 1 0 0 -657 1 0 0 7 0 1 0 0 -26 0 -1 1 7 -1 0 2 1 0 1 1 -15 1 0 1 6 276
0 0 48 0 0 1 0 -1 -9 0 0 0 0 1 -171 0 0 27 0 0 4 3 -11 4 0 -30 46 0 -21 67 7 0 6 0 5 -1 3 -4 34 0
0 0 0 0 0 0 0 0 0 0 0 0 0 0 0 -887 0 0 0 0 0 0 0 0 0 0 0 0 0 0 0 0 0 0 0 0 0 0 0 0
-72 105 6 -8 71 -181 0 0 -13 0 0 0 0 0 0 0 147 -3 -26 -54 211 16 0 65 188 49 -38 106 0 4 102 0 87 -47 -26 -89 167 -299 -28 1
-20 0 -162 -227 19 2 0 0 -2 0 0 0 0 7 27 0 -3 694 2 5 -18 5 -2 6 52 5 -233 -47 -5 21 3 0 2 -12 2 8 -14 26 -172 -4
19 176 24 -1 63 -5 0 0 25 0 0 0 0 0 0 0 -26 2 -616 0 -91 0 0 2 -46 0 0 13 0 -3 21 0 18 -42 48 29 -52 146 0 0
15 0 -13 0 -22 -1 0 0 0 0 0 0 0 1 0 0 -54 5 0 -330 0 -3 0 -4 -38 -11 8 -113 0 -4 0 0 0 16 0 1 0 2 6 0
-34 33 -52 -18 -115 -1 1 0 0 1 1 0 0 0 4 0 211 -18 -91 0 -332 5 0 -4 89 -3 -127 -90 0 1 1 0 1 79 1 -138 258 -462 185 1
29 0 -10 0 -19 63 5 7 51 11 4 0 0 0 3 0 16 5 0 -3 5 -416 61 260 -26 201 3 33 -19 -11 -1 0 0 14 -25 2 -1 4 13 0
-106 0 -4 0 0 18 -53 -70 92 -83 -41 0 0 -26 -11 0 0 -2 0 0 0 61 -719 75 -41 34 -4 0 -106 -201 -20 0 -17 0 -46 1 0 1 -3 25
53 4 -13 0 22 -29 14 8 61 18 11 0 0 0 4 0 65 6 2 -4 -4 260 75 -261 -67 256 14 21 -25 -20 31 0 26 -14 -32 0 1 0 2 0
-281 -56 1 111 -52 136 23 -14 -23 50 18 0 0 -1 0 0 188 52 -46 -38 89 -26 -41 -67 -143 -102 -35 341 0 -43 -82 0 -70 36 39 -37 71 -125 -26 0
40 0 -49 0 -60 62 0 5 29 1 0 0 0 1 -30 0 49 5 0 -11 -3 201 34 256 -102 340 8 102 -222 72 8 0 7 41 -14 2 -2 5 6 0
14 1 41 314 -16 4 0 0 -4 0 0 0 0 7 46 0 -38 -233 0 8 -127 3 -4 14 -35 8 -238 -66 -8 36 4 0 4 11 3 -22 42 -74 144 -5
-132 -49 149 5 220 99 0 0 7 0 0 0 0 -1 0 0 106 -47 13 -113 -90 33 0 21 341 102 -66 319 0 51 -43 0 -36 -147 13 39 -71 128 -48 2
0 0 -9 0 0 -6 0 -14 -88 -2 0 0 0 0 -21 0 0 -5 0 0 0 -19 -106 -25 0 -222 -8 0 -103 568 57 0 49 0 46 1 0 1 -6 1
-23 -10 14 0 -42 19 -17 -24 -165 -27 -13 0 0 2 67 0 4 21 -3 -4 1 -11 -201 -20 -43 72 36 51 568 404 -28 0 -24 29 89 0 1 -1 27 1
28 60 2 0 101 -131 -1 -2 -26 -2 -1 0 0 1 7 0 102 3 21 0 1 -1 -20 31 -82 8 4 -43 57 -28 13 0 790 -68 -10 0 1 0 3 1
0 0 0 0 0 0 0 0 0 0 0 0 0 0 0 0 0 0 0 0 0 0 0 0 0 0 0 0 0 0 0 -981 0 0 0 0 0 0 0 0
24 51 2 0 86 -112 -1 -2 -22 -2 -1 0 0 1 6 0 87 2 18 0 1 0 -17 26 -70 7 4 -36 49 -24 790 0 -246 -57 -8 0 1 0 3 1
-13 -51 -29 -48 371 135 0 0 10 0 0 10 0 1 0 0 -47 -12 -42 16 79 14 0 -14 36 41 11 -147 0 29 -68 0 -57 574 19 -33 62 -111 9 0
38 136 3 0 -27 -2 23 30 424 36 18 0 0 -15 5 0 -26 2 48 0 1 -25 -46 -32 39 -14 3 13 46 89 -10 0 -8 19 94 -87 163 117 2 10
15 -44 23 8 50 0 1 1 -44 1 1 0 0 1 -1 0 -89 8 29 1 -138 2 1 0 -37 2 -22 39 1 0 0 0 0 -33 -87 346 489 248 26 0
-27 84 -41 -14 -91 1 0 0 83 0 0 0 0 0 3 0 167 -14 -52 0 258 -1 0 1 71 -2 42 -71 0 1 1 0 1 62 163 489 -301 -460 -47 1
49 -4 75 27 165 0 1 1 61 1 1 0 0 1 -4 0 -299 26 146 2 -462 4 1 0 -125 5 -74 128 1 -1 0 0 0 -111 117 248 -460 -67 85 0
11 1 30 232 -11 1 1 0 -3 0 1 0 0 6 34 0 -28 -172 0 6 185 13 -3 2 -26 6 144 -48 -6 27 3 0 3 9 2 26 -47 85 -326 -3
-3 0 1 -3 1 0 -5 1 -18 -3 1 0 0 276 0 0 1 -4 0 0 1 0 25 0 0 0 -5 2 1 1 1 0 1 0 10 0 1 0 -3 -492

