Q_obj 
723 -4 1 10 0 0 -6 -1 1 2 -73 1 -1 -88 116 -28 0 1 -1 -1 0 -33 -42 -24 3 0 1 125 -82 0 4 -2 0 0 84 3 5 0 0 -25
-4 -424 -4 -6 -4 0 10 21 -17 16 -13 -15 23 -14 21 0 13 -3 28 33 0 -73 -7 -47 42 0 -1 0 0 0 -61 -17 0 9 16 18 -5 0 0 503
1 -4 -409 131 -73 0 -10 8 163 -91 2 177 -132 -1 10 -15 -268 -3 49 -25 -2 -94 29 126 -36 0 47 -3 3 20 -172 12 0 4 -1 -321 33 1 -2 -4
10 -6 131 325 66 -223 -17 -1 104 1 118 -64 -76 -243 0 -84 -99 0 -7 0 0 -23 1 33 4 0 15 -58 39 0 23 -10 0 0 -134 110 9 0 0 -7
0 -4 -73 66 -378 0 21 -20 73 128 -1 23 -33 6 -16 30 -80 1 -130 49 6 -16 -43 37 75 0 -31 7 -4 -49 -63 -22 0 -8 2 -196 -45 1 6 -5
0 0 0 -223 0 -264 0 0 0 0 161 0 0 -333 0 0 0 0 0 0 0 0 0 0 0 0 0 0 0 0 0 0 0 0 -183 -86 0 0 0 0
-6 10 -10 -17 21 0 598 -25 0 5 -5 4 -7 8 2 -253 0 0 -26 -60 0 1 0 -7 -43 0 -2 39 -25 0 0 503 0 -11 6 -6 -7 0 0 11
-1 21 8 -1 -20 0 -25 -408 -4 19 -2 -4 20 -3 5 0 2 0 71 -83 0 1 -1 17 95 0 4 0 0 0 0 46 -7 -13 4 4 -6 0 0 22
1 -17 163 104 73 0 0 -4 580 -29 3 41 -42 3 -2 0 115 -2 -20 0 13 38 5 -49 16 0 -15 1 1 -111 -7 0 0 -2 -2 -267 11 1 14 -19
2 16 -91 1 128 0 5 19 -29 110 0 39 21 -5 4 -22 -5 8 96 30 0 0 -1 6 30 0 -1 35 -23 0 112 -18 0 9 1 19 226 0 0 17
-73 -13 2 118 -1 161 -5 -2 3 0 -60 2 -2 4 283 -18 -1 1 -4 -4 0 -88 -103 -63 8 0 1 -21 15 0 9 1 0 -1 -54 44 3 0 0 -66
1 -15 177 -64 23 0 4 -4 41 39 2 183 -40 4 0 6 -426 6 -51 9 4 -185 9 259 -2 0 10 1 -1 -29 108 -3 0 -1 -1 163 -13 -1 4 -16
-1 23 -132 -76 -33 0 -7 20 -42 21 -2 -40 525 -3 2 0 -72 0 -36 -23 11 -27 -9 25 -81 0 -37 0 0 -92 -16 13 0 9 4 199 -7 0 12 25
-88 -14 -1 -243 6 -333 8 -3 3 -5 4 4 -3 1 314 45 -1 1 -1 -4 0 -98 -114 -70 8 0 1 22 -13 0 9 8 0 -1 -3 -97 -2 0 0 -73
116 21 10 0 -16 0 2 5 -2 4 283 0 2 314 135 -2 -2 0 48 7 0 136 -83 93 -44 0 -21 12 -7 0 -13 -3 0 2 -322 4 0 0 0 102
-28 0 -15 -84 30 0 -253 0 0 -22 -18 6 0 45 -2 -248 0 0 15 0 0 0 1 0 0 0 0 185 -121 0 0 -143 0 0 22 -32 -20 0 0 0
0 13 -268 -99 -80 0 0 2 115 -5 -1 -426 -72 -1 -2 0 -113 -3 27 0 -2 -280 -14 379 -75 0 7 1 1 18 -61 0 0 1 2 256 3 2 -2 14
1 -3 -3 0 1 0 0 0 -2 8 1 6 0 1 0 0 -3 459 2 0 0 0 1 0 0 0 0 43 65 0 32 0 0 0 0 0 -2 194 0 -4
-1 28 49 -7 -130 0 -26 71 -20 96 -4 -51 -36 -1 48 15 27 2 -28 -95 -15 0 115 -28 -158 0 109 4 -2 133 25 54 0 31 6 6 -34 0 -15 30
-1 33 -25 0 49 0 -60 -83 0 30 -4 9 -23 -4 7 0 0 0 -95 -406 0 1 -2 -25 -141 0 -6 0 0 0 0 107 0 -36 5 0 -10 0 0 35
0 0 -2 0 6 0 0 0 13 0 0 4 11 0 0 0 -2 0 -15 0 -137 0 0 3 14 0 -57 0 0 -7 1 0 0 0 0 0 0 0 167 0
-33 -73 -94 -23 -16 0 1 1 38 0 -88 -185 -27 -98 136 0 -280 0 0 1 0 -321 -49 -679 127 0 6 0 0 0 -4 0 1 1 101 60 1 0 0 0
-42 -7 29 1 -43 0 0 -1 5 -1 -103 9 -9 -114 -83 1 -14 1 115 -2 0 -49 -64 -52 -86 0 -57 -4 3 0 2 2 0 0 118 -1 1 0 0 -37
-24 -47 126 33 37 0 -7 17 -49 6 -63 259 25 -70 93 0 379 0 -28 -25 3 -679 -52 121 -37 0 -28 0 0 -20 6 14 0 8 73 -84 -1 0 3 7
3 42 -36 4 75 0 -43 95 16 30 8 -2 -81 8 -44 0 -75 0 -158 -141 14 127 -86 -37 -47 0 -119 0 0 -116 -4 77 0 42 -8 -9 -10 0 14 35
0 0 0 0 0 0 0 0 0 0 0 0 0 0 0 0 0 0 0 0 0 0 0 0 0 490 0 0 0 0 0 0 0 0 0 0 0 0 0 0
1 -1 47 15 -31 0 -2 4 -15 -1 1 10 -37 1 -21 0 7 0 109 -6 -57 6 -57 -28 -119 0 572 0 0 507 0 4 0 2 0 -36 1 0 -60 -1
125 0 -3 -58 7 0 39 0 1 35 -21 1 0 22 12 185 1 43 4 0 0 0 -4 0 0 0 0 -70 451 0 -2 23 0 0 25 -22 110 -41 0 0
-82 0 3 39 -4 0 -25 0 1 -23 15 -1 0 -13 -7 -121 1 65 -2 0 0 0 3 0 0 0 0 451 312 0 -3 -14 0 0 -16 16 -72 -62 0 0
0 0 20 0 -49 0 0 0 -111 0 0 -29 -92 0 0 0 18 0 133 0 -7 0 0 -20 -116 0 507 0 0 97 -3 0 0 0 0 0 0 0 -7 0
4 -61 -172 23 -63 0 0 0 -7 112 9 108 -16 9 -13 0 -61 32 25 0 1 -4 2 6 -4 0 0 -2 -3 -3 929 0 0 0 -9 -56 -39 -11 1 -65
-2 -17 12 -10 -22 0 503 46 0 -18 1 -3 13 8 -3 -143 0 0 54 107 0 0 2 14 77 0 4 23 -14 0 0 0 0 20 0 -3 4 0 0 -18
0 0 0 0 0 0 0 -7 0 0 0 0 0 0 0 0 0 0 0 0 0 1 0 0 0 0 0 0 0 0 0 0 -381 18 0 0 0 0 0 0
0 9 4 0 -8 0 -11 -13 -2 9 -1 -1 9 -1 2 0 1 0 31 -36 0 1 0 8 42 0 2 0 0 0 0 20 18 -383 2 2 -2 0 0 10
84 16 -1 -134 2 -183 6 4 -2 1 -54 -1 4 -3 -322 22 2 0 6 5 0 101 118 73 -8 0 0 25 -16 0 -9 0 0 2 -45 -49 -2 0 0 76
3 18 -321 110 -196 -86 -6 4 -267 19 44 163 199 -97 4 -32 256 0 6 0 0 60 -1 -84 -9 0 -36 -22 16 0 -56 -3 0 2 -49 84 -3 0 0 19
5 -5 33 9 -45 0 -7 -6 11 226 3 -13 -7 -2 0 -20 3 -2 -34 -10 0 1 1 -1 -10 0 1 110 -72 0 -39 4 0 -2 -2 -3 671 0 0 -5
0 0 1 0 1 0 0 0 1 0 0 -1 0 0 0 0 2 194 0 0 0 0 0 0 0 0 0 -41 -62 0 -11 0 0 0 0 0 0 453 0 0
0 0 -2 0 6 0 0 0 14 0 0 4 12 0 0 0 -2 0 -15 0 167 0 0 3 14 0 -60 0 0 -7 1 0 0 0 0 0 0 0 -122 0
-25 503 -4 -7 -5 0 11 22 -19 17 -66 -16 25 -73 102 0 14 -4 30 35 0 0 -37 7 35 0 -1 0 0 0 -65 -18 0 10 76 19 -5 0 0 -392

