Q_obj 
-288 3 -149 1 41 0 0 0 3 -124 0 -180 -5 -450 0 -94 0 0 -147 -14 112 -7 0 0 0 -448 10 0 31 -5 2 -99 -183 5 0 0 24 -334 -17 16
3 -359 -5 -80 -95 0 2 -3 -12 -8 1 -35 -134 10 2 -42 -185 -26 16 98 -5 -30 19 0 2 31 -32 2 -14 -7 -2 12 28 -6 0 2 -64 -56 43 -2
-149 -5 -251 0 30 0 0 0 -7 0 0 -2 22 70 0 101 37 0 -53 49 -119 8 0 0 0 -56 -1 0 -5 62 -4 0 202 -16 0 0 17 10 42 1
1 -80 0 59 -51 0 1 0 -2 61 12 -6 184 45 1 -7 -32 -4 3 17 -1 -5 4 0 49 105 107 1 -2 -1 0 -73 5 -1 0 1 49 -200 8 12
41 -95 30 -51 47 0 0 0 -8 18 2 272 -72 -51 0 380 -31 11 210 61 24 97 -7 24 7 -282 -379 0 -32 113 6 -26 -213 18 0 0 -67 68 261 5
0 0 0 0 0 -890 0 0 0 0 0 0 5 -1 0 0 -5 0 0 0 0 0 0 0 0 -2 3 0 0 0 0 0 0 0 0 -5 0 5 0 0
0 2 0 1 0 0 -264 57 137 1 0 0 0 0 78 0 0 0 0 22 0 0 0 0 0 0 0 -38 0 0 4 -8 0 -1 0 0 0 0 0 -52
0 -3 0 0 0 0 57 562 -288 0 0 0 0 0 46 0 0 0 0 -46 0 0 0 0 0 0 0 82 0 0 -7 -4 0 3 0 0 0 0 0 -30
3 -12 -7 -2 -8 0 137 -288 -53 0 0 22 18 -36 110 -8 48 22 38 -1 0 0 -15 0 0 0 18 151 -13 -26 -19 -11 3 -15 0 -1 -4 22 -16 -74
-124 -8 0 61 18 0 1 0 0 208 -29 -14 -8 -27 1 -28 -5 0 -7 2 33 -2 1 0 -126 -24 0 1 9 -2 1 509 -52 1 0 1 -42 -17 -1 -81
0 1 0 12 2 0 0 0 0 -29 -169 0 -2 0 0 0 0 0 0 0 0 0 0 0 -78 -1 -1 0 0 0 0 37 0 0 0 0 -2 3 0 -5
-180 -35 -2 -6 272 0 0 0 22 -14 0 20 158 8 0 277 84 -27 -88 -132 75 109 19 -64 0 88 -198 0 153 -325 -13 -9 -242 -46 0 2 157 100 -31 2
-5 -134 22 184 -72 5 0 0 18 -8 -2 158 -126 98 0 5 202 -8 33 -103 11 51 8 0 -9 -22 117 0 40 58 14 8 -16 46 0 45 425 -181 -85 -1
-450 10 70 45 -51 -1 0 0 -36 -27 0 8 98 216 0 -113 115 -2 -230 223 133 -2 2 0 -1 57 71 0 -107 366 -24 -21 -243 -84 0 -10 67 200 149 4
0 2 0 1 0 0 78 46 110 1 0 0 0 0 -17 0 0 0 0 18 0 0 0 0 0 0 0 -30 0 0 3 81 0 0 0 0 0 0 0 509
-94 -42 101 -7 380 0 0 0 -8 -28 0 277 5 -113 0 -299 0 -30 72 56 79 130 21 0 0 -148 -7 0 1 -5 1 -20 110 2 0 2 219 -103 55 4
0 -185 37 -32 -31 -5 0 0 48 -5 0 84 202 115 0 0 -67 -3 -7 -279 0 0 0 0 0 -270 110 0 61 126 31 7 11 103 0 -54 -17 168 -245 -1
0 -26 0 -4 11 0 0 0 22 0 0 -27 -8 -2 0 -30 -3 848 -24 -134 1 1 -128 0 0 15 22 0 -1 0 0 1 13 0 0 -105 7 11 156 0
-147 16 -53 3 210 0 0 0 38 -7 0 -88 33 -230 0 72 -7 -24 103 -232 40 48 17 86 0 311 -68 0 -110 58 0 -7 -131 -3 0 2 121 106 -199 2
-14 98 49 17 61 0 22 -46 -1 2 0 -132 -103 223 18 56 -279 -134 -232 -51 5 3 93 0 0 -1 -106 25 87 168 34 -6 -17 124 0 8 35 -126 98 -11
112 -5 -119 -1 24 0 0 0 0 33 0 75 11 133 0 79 0 1 40 5 275 14 0 0 0 102 -18 0 -13 13 0 27 110 -1 0 0 14 83 17 -4
-7 -30 8 -5 97 0 0 0 0 -2 0 109 51 -2 0 130 0 1 48 3 14 -298 0 0 0 -41 -92 0 7 -2 1 0 -81 1 0 0 56 -21 67 1
0 19 0 4 -7 0 0 0 -15 1 0 19 8 2 0 21 0 -128 17 93 0 0 755 0 0 -10 -13 0 2 1 0 0 -8 0 0 8 -4 -5 -106 1
0 0 0 0 24 0 0 0 0 0 0 -64 0 0 0 0 0 0 86 0 0 0 0 768 0 0 0 0 0 56 0 0 0 0 0 0 14 0 0 0
0 2 0 49 7 0 0 0 0 -126 -78 0 -9 -1 0 0 0 0 0 0 0 0 0 0 -488 -4 -5 0 0 0 0 156 0 0 0 0 -12 9 0 -24
-448 31 -56 105 -282 -2 0 0 0 -24 -1 88 -22 57 0 -148 -270 15 311 -1 102 -41 -10 0 -4 146 54 0 114 -267 17 -18 -126 55 0 -25 61 37 27 3
10 -32 -1 107 -379 3 0 0 18 0 -1 -198 117 71 0 -7 110 22 -68 -106 -18 -92 -13 0 -5 54 -275 0 -8 29 8 6 41 25 0 23 34 -62 -103 0
0 2 0 1 0 0 -38 82 151 1 0 0 0 0 -30 0 0 0 0 25 0 0 0 0 0 0 0 448 0 0 -60 4 0 18 0 0 0 0 0 21
31 -14 -5 -2 -32 0 0 0 -13 9 0 153 40 -107 0 1 61 -1 -110 87 -13 7 2 0 0 114 -8 0 221 364 -8 8 5 -28 0 1 -18 73 80 -1
-5 -7 62 -1 113 0 0 0 -26 -2 0 -325 58 366 0 -5 126 0 58 168 13 -2 1 56 0 -267 29 0 364 -241 -17 -1 42 -58 0 1 65 22 120 1
2 -2 -4 0 6 0 4 -7 -19 1 0 -13 14 -24 3 1 31 0 0 34 0 1 0 0 0 17 8 -60 -8 -17 -118 0 0 263 0 0 3 22 26 -1
-99 12 0 -73 -26 0 -8 -4 -11 509 37 -9 8 -21 81 -20 7 1 -7 -6 27 0 0 0 156 -18 6 4 8 -1 0 -3 -44 1 0 0 50 -16 -4 62
-183 28 202 5 -213 0 0 0 3 -52 0 -242 -16 -243 0 110 11 13 -131 -17 110 -81 -8 0 0 -126 41 0 5 42 0 -44 76 -2 0 0 -122 -113 -41 8
5 -6 -16 -1 18 0 -1 3 -15 1 0 -46 46 -84 0 2 103 0 -3 124 -1 1 0 0 0 55 25 18 -28 -58 263 1 -2 697 0 0 11 74 87 1
0 0 0 0 0 0 0 0 0 0 0 0 0 0 0 0 0 0 0 0 0 0 0 0 0 0 0 0 0 0 0 0 0 0 -15 0 0 0 0 0
0 2 0 1 0 -5 0 0 -1 1 0 2 45 -10 0 2 -54 -105 2 8 0 0 8 0 0 -25 23 0 1 1 0 0 0 0 0 -937 0 47 -9 1
24 -64 17 49 -67 0 0 0 -4 -42 -2 157 425 67 0 219 -17 7 121 35 14 56 -4 14 -12 61 34 0 -18 65 3 50 -122 11 0 0 125 -389 151 -7
-334 -56 10 -200 68 5 0 0 22 -17 3 100 -181 200 0 -103 168 11 106 -126 83 -21 -5 0 9 37 -62 0 73 22 22 -16 -113 74 0 47 -389 -55 -106 3
-17 43 42 8 261 0 0 0 -16 -1 0 -31 -85 149 0 55 -245 156 -199 98 17 67 -106 0 0 27 -103 0 80 120 26 -4 -41 87 0 -9 151 -106 -127 1
16 -2 1 12 5 0 -52 -30 -74 -81 -5 2 -1 4 509 4 -1 0 2 -11 -4 1 1 0 -24 3 0 21 -1 1 -1 62 8 1 0 1 -7 3 1 373

