Q_obj 
-48 354 -31 9 -14 -50 -5 118 0 16 27 11 0 -165 0 0 -2 -157 84 -82 26 -28 -12 0 -1 52 113 -83 0 0 -4 12 -53 -152 8 6 3 102 -80 -104
354 658 0 0 0 0 0 0 0 0 0 -15 0 0 0 0 0 -462 0 0 0 0 0 0 0 0 0 107 0 0 0 0 38 201 0 0 2 0 0 0
-31 0 -341 56 -56 2 -12 -52 0 279 -105 -24 0 144 5 0 12 -19 1 22 33 8 79 0 0 -111 -78 -1 0 0 -5 4 -25 15 131 2 0 18 31 -74
9 0 56 3 -25 3 46 2 0 -35 28 37 0 -16 25 0 65 8 -3 2 0 1 -9 0 -32 13 8 13 0 0 1 0 10 -3 -16 0 0 -9 0 15
-14 0 -56 -25 191 21 82 -4 0 -29 193 37 0 -10 -7 0 -20 10 -21 60 0 21 118 0 0 0 -22 23 0 0 -15 11 13 36 -13 6 0 19 -4 -30
-50 0 2 3 21 -69 8 -147 0 -7 -47 12 0 -116 1 0 1 -42 -81 2 0 1 -33 0 10 43 88 -8 0 0 195 88 -56 7 -3 43 0 86 38 -47
-5 0 -12 46 82 8 39 -65 0 -10 72 -50 0 -3 -2 0 -7 4 -7 22 0 8 31 0 0 0 -8 0 0 0 -5 -60 5 13 -4 2 0 7 -103 -8
118 0 -52 2 -4 -147 -65 372 -6 7 -57 88 0 2 0 0 0 105 -532 13 0 5 1 13 2 -2 -2 4 0 0 21 145 138 14 -1 0 0 235 26 91
0 0 0 0 0 0 0 -6 -214 -15 0 0 0 0 0 0 0 0 0 0 0 0 0 -108 0 0 0 0 0 0 0 23 0 0 35 -59 0 0 -10 0
16 0 279 -35 -29 -7 -10 7 -15 -250 32 6 0 58 -1 0 -3 18 -3 13 29 5 -74 -113 0 -10 -32 10 -31 0 -3 -4 23 5 -463 19 0 27 -1 -56
27 0 -105 28 193 -47 72 -57 0 32 -84 33 0 22 -23 0 -61 -5 -19 -79 0 -27 142 0 -9 67 27 14 0 0 22 -14 -7 -63 15 -7 1 16 46 -23
11 -15 -24 37 37 12 -50 88 0 6 33 46 0 -10 5 0 11 6 -1 11 0 4 78 0 -7 32 0 -6 0 0 -6 94 1 -2 3 3 1 1 133 -2
0 0 0 0 0 0 0 0 0 0 0 0 -701 0 0 415 0 0 0 0 0 0 0 0 0 0 0 0 0 0 0 0 0 0 0 0 0 0 0 0
-165 0 144 -16 -10 -116 -3 2 0 58 22 -10 0 -128 -1 0 -2 -158 -2 -38 0 -17 54 0 -2 -151 237 -12 0 0 -16 2 -207 -28 27 1 1 265 -2 -83
0 0 5 25 -7 1 -2 0 0 -1 -23 5 0 -1 407 0 -394 1 3 5 0 2 -5 0 -30 -2 -1 131 0 0 0 1 1 -65 0 1 0 0 0 2
0 0 0 0 0 0 0 0 0 0 0 0 415 0 0 -402 0 0 0 0 0 0 0 0 0 0 0 0 0 0 0 0 0 0 0 0 0 0 0 0
-2 0 12 65 -20 1 -7 0 0 -3 -61 11 0 -2 -394 0 -499 2 7 12 0 5 -15 0 -81 -7 -3 348 0 0 -2 2 3 -175 -1 1 0 -1 0 4
-157 -462 -19 8 10 -42 4 105 0 18 -5 6 0 -158 1 0 2 -450 75 35 23 12 -25 0 1 44 62 12 0 0 3 -5 298 25 9 -2 -1 86 -62 -84
84 0 1 -3 -21 -81 -7 -532 0 -3 -19 -1 0 -2 3 0 7 75 -262 9 0 4 -29 0 2 -7 -2 -1 0 0 -2 2 98 8 -1 1 0 173 333 77
-82 0 22 2 60 2 22 13 0 13 -79 11 0 -38 5 0 12 35 9 588 0 109 -41 0 11 0 -81 96 0 0 14 -40 45 166 6 -19 0 -2 19 13
26 0 33 0 0 0 0 0 0 29 0 0 0 0 0 0 0 23 0 0 -208 0 0 0 0 0 0 0 0 0 0 0 29 0 14 0 0 0 0 -85
-28 0 8 1 21 1 8 5 0 5 -27 4 0 -17 2 0 5 12 4 109 0 300 -14 0 4 0 -35 33 0 0 7 -14 16 58 2 -6 0 0 7 5
-12 0 79 -9 118 -33 31 1 0 -74 142 78 0 54 -5 0 -15 -25 -29 -41 0 -14 -192 0 1 -172 -6 -11 0 0 11 9 -33 -18 -34 -3 1 27 40 -21
0 0 0 0 0 0 0 13 -108 -113 0 0 0 0 0 0 0 0 0 0 0 0 0 62 0 0 0 0 27 0 0 -43 0 0 243 117 0 0 20 0
-1 0 0 -32 0 10 0 2 0 0 -9 -7 0 -2 -30 0 -81 1 2 11 0 4 1 0 165 0 -5 -165 0 0 -11 -6 1 92 0 -3 0 5 3 0
52 0 -111 13 0 43 0 -2 0 -10 67 32 0 -151 -2 0 -7 44 -7 0 0 0 -172 0 0 265 72 -1 0 0 0 0 58 4 -4 0 0 -84 2 0
113 0 -78 8 -22 88 -8 -2 0 -32 27 0 0 237 -1 0 -3 62 -2 -81 0 -35 -6 0 -5 72 256 -32 0 0 -35 4 81 -53 -15 2 1 -108 0 34
-83 107 -1 13 23 -8 0 4 0 10 14 -6 0 -12 131 0 348 12 -1 96 0 33 -11 0 -165 -1 -32 143 0 0 6 -13 62 108 5 -6 0 -3 6 2
0 0 0 0 0 0 0 0 0 -31 0 0 0 0 0 0 0 0 0 0 0 0 0 27 0 0 0 0 836 0 0 0 0 0 69 0 0 0 0 0
0 0 0 0 0 0 0 0 0 0 0 0 0 0 0 0 0 0 0 0 0 0 0 0 0 0 0 0 0 667 0 0 0 0 0 0 0 0 0 0
-4 0 -5 1 -15 195 -5 21 0 -3 22 -6 0 -16 0 0 -2 3 -2 14 0 7 11 0 -11 0 -35 6 0 0 119 -72 3 9 -1 -35 0 99 34 -3
12 0 4 0 11 88 -60 145 23 -4 -14 94 0 2 1 0 2 -5 2 -40 0 -14 9 -43 -6 0 4 -13 0 0 -72 51 -6 -16 15 1 1 43 231 3
-53 38 -25 10 13 -56 5 138 0 23 -7 1 0 -207 1 0 3 298 98 45 29 16 -33 0 1 58 81 62 0 0 3 -6 -423 119 11 -3 -1 113 -81 -111
-152 201 15 -3 36 7 13 14 0 5 -63 -2 0 -28 -65 0 -175 25 8 166 0 58 -18 0 92 4 -53 108 0 0 9 -16 119 285 3 -11 0 0 21 8
8 0 131 -16 -13 -3 -4 -1 35 -463 15 3 0 27 0 0 -1 9 -1 6 14 2 -34 243 0 -4 -15 5 69 0 -1 15 11 3 525 -36 0 13 -8 -26
6 0 2 0 6 43 2 0 -59 19 -7 3 0 1 1 0 1 -2 1 -19 0 -6 -3 117 -3 0 2 -6 0 0 -35 1 -3 -11 -36 -95 1 21 0 2
3 2 0 0 0 0 0 0 0 0 1 1 0 1 0 0 0 -1 0 0 0 0 1 0 0 0 1 0 0 0 0 1 -1 0 0 1 -999 1 0 0
102 0 18 -9 19 86 7 235 0 27 16 1 0 265 0 0 -1 86 173 -2 0 0 27 0 5 -84 -108 -3 0 0 99 43 113 0 13 21 1 -201 -174 109
-80 0 31 0 -4 38 -103 26 -10 -1 46 133 0 -2 0 0 0 -62 333 19 0 7 40 20 3 2 0 6 0 0 34 231 -81 21 -8 0 0 -174 396 -58
-104 0 -74 15 -30 -47 -8 91 0 -56 -23 -2 0 -83 2 0 4 -84 77 13 -85 5 -21 0 0 0 34 2 0 0 -3 3 -111 8 -26 2 0 109 -58 -60

