Q_obj 
0 0 0 0 -4 -2 14 -11 10 0 5 -1 0 -4 -6 18 0 1 5 0 3 0 1 11 0 0 -39 -22 21 0 0 22 -17 -62 1 0 4 2 0 1
0 1000 0 0 0 0 0 0 0 0 0 0 0 0 0 0 0 0 0 0 0 0 0 0 0 0 0 0 0 0 0 0 0 0 0 0 0 0 0 0
0 0 348 0 0 -8 0 1 0 -150 1 7 0 1 0 0 0 14 0 0 1 0 0 0 0 1 3 0 -1 0 0 4 -1 0 0 0 3 0 0 0
0 0 0 49 24 -73 0 203 147 0 -421 -42 0 0 -95 275 0 0 -18 0 658 0 0 -77 0 0 -8 -1 0 0 0 -116 63 0 0 0 0 20 0 0
-4 0 0 24 39 12 -31 -40 26 13 34 24 14 12 -15 30 0 1 -181 -26 -8 4 1 25 0 1 -50 -36 20 0 6 40 80 12 6 47 -6 -31 6 1
-2 0 -8 -73 12 304 137 96 -29 117 -91 -84 -41 -45 20 -55 0 -15 -5 84 32 0 0 -19 0 0 -90 -6 48 0 -17 -12 -9 -209 4 0 26 -4 -16 0
14 0 0 0 -31 137 76 228 -18 -3 -93 -66 -1 188 14 -39 0 1 22 0 -45 0 2 114 0 6 104 55 -50 0 -1 158 -71 140 -13 0 -103 -2 0 1
-11 0 1 203 -40 96 228 -51 141 6 171 -47 2 -76 -88 253 0 -1 37 11 -125 0 151 162 0 0 -28 -40 113 0 -98 202 -113 205 6 0 39 20 -2 4
10 0 0 147 26 -29 -18 141 -191 0 16 -26 -6 7 -3 -7 0 0 -16 -2 -143 -6 9 -52 0 1 50 36 -47 0 -10 -74 77 -115 8 -85 -6 -140 0 4
0 0 -150 0 13 117 -3 6 0 -665 2 46 0 2 0 0 0 71 0 3 1 0 0 0 0 1 -41 0 20 0 0 -60 28 0 0 0 20 0 18 0
5 0 1 -421 34 -91 -93 171 16 2 81 2 3 32 1 -1 0 -1 -23 21 44 0 307 -34 0 1 92 16 126 0 -201 -164 103 -87 -2 0 -20 4 -4 9
-1 0 7 -42 24 -84 -66 -47 -26 46 2 181 0 21 17 -47 0 -4 -18 -2 45 0 -32 -87 0 0 -24 -7 -10 0 22 -116 61 -65 -1 0 -74 -3 1 0
0 0 0 0 14 -41 -1 2 -6 0 3 0 191 1 -1 4 0 -3 1 202 2 0 -153 172 0 0 -41 0 -70 0 56 -65 30 0 0 0 0 -1 -12 -4
-4 0 1 0 12 -45 188 -76 7 2 32 21 1 576 25 24 0 0 -7 1 16 0 0 -37 0 17 -34 -18 17 0 1 -51 26 -46 -12 -5 34 0 0 0
-6 0 0 -95 -15 20 14 -88 -3 0 1 17 -1 25 -601 -130 0 0 11 0 99 3 2 34 0 40 -38 -22 20 0 -1 51 -45 76 410 39 5 4 0 1
18 0 0 275 30 -55 -39 253 -7 0 -1 -47 4 24 -130 -266 0 0 -30 2 -283 3 -4 -96 0 14 115 66 -56 0 6 -167 97 -216 140 34 -13 35 0 -1
0 0 0 0 0 0 0 0 0 0 0 0 0 0 0 0 -385 0 0 0 0 0 0 0 0 0 0 0 0 0 0 0 0 0 0 0 0 0 0 0
1 0 14 0 1 -15 1 -1 0 71 -1 -4 -3 0 0 0 0 101 1 27 0 0 0 20 0 0 4 1 -1 0 -5 -2 2 0 1 0 -1 0 189 0
5 0 0 -18 -181 -5 22 37 -16 0 -23 -18 1 -7 11 -30 0 1 380 1 8 0 0 -16 0 0 22 62 -17 0 1 -29 91 7 1 0 4 -2 0 0
0 0 0 0 -26 84 0 11 -2 3 21 -2 202 1 0 2 0 27 1 -610 10 0 -45 -345 0 0 37 0 53 0 43 133 -67 0 0 0 0 0 93 0
3 0 1 658 -8 32 -45 -125 -143 1 44 45 2 16 99 -283 0 0 8 10 233 0 149 63 0 1 54 10 61 0 -97 40 -14 -42 -1 0 -10 -18 -1 5
0 0 0 0 4 0 0 0 -6 0 0 0 0 0 3 3 0 0 0 0 0 -501 0 0 0 0 -1 0 0 0 0 6 10 0 -5 30 0 28 0 0
1 0 0 0 1 0 2 151 9 0 307 -32 -153 0 2 -4 0 0 0 -45 149 0 51 0 0 0 83 1 162 0 -210 0 12 0 1 0 1 3 0 -10
11 0 0 -77 25 -19 114 162 -52 0 -34 -87 172 -37 34 -96 0 20 -16 -345 63 0 0 315 0 0 69 40 -37 0 75 -77 49 -79 3 0 22 -6 68 0
0 0 0 0 0 0 0 0 0 0 0 0 0 0 0 0 0 0 0 0 0 0 0 0 -511 0 0 0 0 0 0 0 0 0 0 0 0 0 0 0
0 0 1 0 1 0 6 0 1 1 1 0 0 17 40 14 0 0 0 0 1 0 0 0 0 278 0 0 1 0 0 2 2 0 13 -6 0 -2 0 0
-39 0 3 -8 -50 -90 104 -28 50 -41 92 -24 -41 -34 -38 115 0 4 22 37 54 -1 83 69 0 0 -107 -144 381 0 123 180 -154 -448 0 -17 28 19 -1 0
-22 0 0 -1 -36 -6 55 -40 36 0 16 -7 0 -18 -22 66 0 1 62 0 10 0 1 40 0 0 -144 -98 78 0 0 81 -56 -247 2 0 15 5 0 1
21 0 -1 0 20 48 -50 113 -47 20 126 -10 -70 17 20 -56 0 -1 -17 53 61 0 162 -37 0 1 381 78 420 0 246 -96 106 231 -1 0 -14 -8 0 -1
0 0 0 0 0 0 0 0 0 0 0 0 0 0 0 0 0 0 0 0 0 0 0 0 0 0 0 0 0 920 0 0 0 0 0 0 0 0 0 0
0 0 0 0 6 -17 -1 -98 -10 0 -201 22 56 1 -1 6 0 -5 1 43 -97 0 -210 75 0 0 123 0 246 0 -422 -27 33 0 0 0 0 -2 -19 -1
22 0 4 -116 40 -12 158 202 -74 -60 -164 -116 -65 -51 51 -167 0 -2 -29 133 40 6 0 -77 0 2 180 81 -96 0 -27 207 89 -57 15 77 30 -66 -25 0
-17 0 -1 63 80 -9 -71 -113 77 28 103 61 30 26 -45 97 0 2 91 -67 -14 10 12 49 0 2 -154 -56 106 0 33 89 225 -31 17 123 -12 -81 14 1
-62 0 0 0 12 -209 140 205 -115 0 -87 -65 0 -46 76 -216 0 0 7 0 -42 0 0 -79 0 0 -448 -247 231 0 0 -57 -31 -215 4 0 47 -15 0 0
1 0 0 0 6 4 -13 6 8 0 -2 -1 0 -12 410 140 0 1 1 0 -1 -5 1 3 0 13 0 2 -1 0 0 15 17 4 419 -72 -2 -23 0 1
0 0 0 0 47 0 0 0 -85 0 0 0 0 -5 39 34 0 0 0 0 0 30 0 0 0 -6 -17 0 0 0 0 77 123 0 -72 -124 0 359 0 0
4 0 3 0 -6 26 -103 39 -6 20 -20 -74 0 34 5 -13 0 -1 4 0 -10 0 1 22 0 0 28 15 -14 0 0 30 -12 47 -2 0 205 0 0 1
2 0 0 20 -31 -4 -2 20 -140 0 4 -3 -1 0 4 35 0 0 -2 0 -18 28 3 -6 0 -2 19 5 -8 0 -2 -66 -81 -15 -23 359 0 363 0 2
0 0 0 0 6 -16 0 -2 0 18 -4 1 -12 0 0 0 0 189 0 93 -1 0 0 68 0 0 -1 0 0 0 -19 -25 14 0 0 0 0 0 695 0
1 0 0 0 1 0 1 4 4 0 9 0 -4 0 1 -1 0 0 0 0 5 0 -10 0 0 0 0 1 -1 0 -1 0 1 0 1 0 1 2 0 -292

