Q_obj 
-183 -208 50 0 244 61 -58 -25 -28 -6 80 3 45 -26 0 -122 1 50 0 -22 57 48 2 -27 19 8 -230 -226 -94 42 0 39 68 0 0 -12 0 -6 16 -28
-208 -109 -30 0 278 47 -4 8 5 -7 60 0 22 -52 0 136 47 -25 0 10 36 16 0 -218 -22 52 -149 -132 -81 83 0 29 -17 0 0 187 -122 83 57 172
50 -30 81 0 2 -4 45 0 79 99 1 -3 8 -60 0 60 -120 -200 0 0 -6 8 -3 0 284 -5 -25 55 -123 75 0 -235 -78 0 0 -50 0 26 7 -39
0 0 0 -137 0 0 0 0 0 0 0 0 0 0 372 0 0 0 0 0 0 0 0 0 0 0 0 0 0 0 0 0 0 -252 0 0 0 0 0 0
244 278 2 0 331 -29 29 60 13 13 242 -1 -71 29 0 179 -68 -97 0 48 -24 -73 0 45 -25 6 254 114 134 -23 0 -20 -33 0 0 7 0 34 -6 284
61 47 -4 0 -29 225 0 41 0 -8 -185 0 -191 -4 0 289 60 11 0 -49 9 -43 1 5 -3 -111 -140 47 25 -7 21 12 -6 0 24 247 117 110 -106 -34
-58 -4 45 0 29 0 -455 0 0 13 7 -24 1 -7 0 7 -45 -57 0 0 -449 1 0 0 33 -1 -4 118 -37 -72 0 50 -598 0 0 -30 0 71 2 -37
-25 8 0 0 60 41 0 396 0 -8 -205 0 -56 13 0 11 -74 4 0 329 0 131 0 106 0 -37 -18 -45 60 15 28 0 0 0 -34 5 0 36 -40 -36
-28 5 79 0 13 0 0 0 67 0 3 0 0 15 0 3 57 105 0 0 0 0 -5 0 58 3 4 -18 68 -58 0 78 0 0 0 0 0 -24 -3 9
-6 -7 99 0 13 -8 13 -8 0 167 6 4 28 117 0 -5 183 -48 0 17 -148 -17 0 61 72 16 38 3 -185 -146 -7 -159 91 0 -2 370 -31 123 29 42
80 60 1 0 242 -185 7 -205 3 6 -632 0 214 8 0 -29 -7 -23 0 -150 -6 205 0 -70 -6 -4 72 45 33 -11 0 -4 -8 0 0 2 0 5 -6 78
3 0 -3 0 -1 0 -24 0 0 4 0 956 1 -1 0 3 4 4 0 0 -8 1 0 0 -2 1 0 -5 3 5 0 0 -25 0 0 -2 0 -1 0 2
45 22 8 0 -71 -191 1 -56 0 28 214 1 -60 12 0 -80 23 -3 0 -36 -11 409 0 -177 6 81 -25 35 -3 -22 160 -12 7 0 -15 30 51 6 77 17
-26 -52 -60 0 29 -4 -7 13 15 117 8 -1 12 -874 0 99 -30 -1 0 -1 58 26 0 -16 -43 -12 -44 -9 228 70 0 8 -28 0 0 -97 0 -40 -21 16
0 0 0 372 0 0 0 0 0 0 0 0 0 0 489 0 0 0 25 0 0 0 0 0 0 0 0 0 0 0 0 0 0 -146 0 0 0 0 0 0
-122 136 60 0 179 289 7 11 3 -5 -29 3 -80 99 0 -374 -181 -42 0 -19 -96 -26 0 -93 44 -37 42 -141 -18 -46 9 -108 61 0 10 -406 48 -143 -35 57
1 47 -120 0 -68 60 -45 -74 57 183 -7 4 23 -30 0 -181 270 -36 0 0 75 -50 -2 75 -95 86 16 34 -111 97 0 -108 84 0 0 83 0 35 91 -64
50 -25 -200 0 -97 11 -57 4 105 -48 -23 4 -3 -1 0 -42 -36 91 0 0 38 2 -4 4 -145 -8 -21 16 -96 156 0 -216 79 0 0 15 0 25 0 -72
0 0 0 0 0 0 0 0 0 0 0 0 0 0 25 0 0 0 86 0 0 0 0 0 0 0 0 0 0 0 0 0 0 37 0 0 0 0 0 0
-22 10 0 0 48 -49 0 329 0 17 -150 0 -36 -1 0 -19 0 0 0 71 0 -64 0 91 0 109 -9 -15 -9 5 -4 0 0 0 -25 0 0 0 104 -4
57 36 -6 0 -24 9 -449 0 0 -148 -6 -8 -11 58 0 -96 75 38 0 0 423 -10 0 0 -4 2 31 -119 14 20 0 -100 -203 0 0 67 0 31 -1 31
48 16 8 0 -73 -43 1 131 0 -17 205 1 409 26 0 -26 -50 2 0 -64 -10 191 0 -187 6 -170 -29 9 67 -13 -124 -11 7 0 -15 34 49 41 -167 -14
2 0 -3 0 0 1 0 0 -5 0 0 0 0 0 0 0 -2 -4 0 0 0 0 -74 0 -2 0 0 1 -2 3 0 -3 0 0 0 0 0 1 1 0
-27 -218 0 0 45 5 0 106 0 61 -70 0 -177 -16 0 -93 75 4 0 91 0 -187 0 -391 0 -54 30 7 -75 -2 0 0 0 0 0 27 0 -18 -45 36
19 -22 284 0 -25 -3 33 0 58 72 -6 -2 6 -43 0 44 -95 -145 0 0 -4 6 -2 0 -101 -4 -18 40 -89 54 0 -171 -57 0 0 -36 0 23 5 -3
8 52 -5 0 6 -111 -1 -37 3 16 -4 1 81 -12 0 -37 86 -8 0 109 2 -170 0 -54 -4 22 -55 38 -59 -7 -36 -6 3 0 -12 -10 72 -43 362 44
-230 -149 -25 0 254 -140 -4 -18 4 38 72 0 -25 -44 0 42 16 -21 0 -9 31 -29 0 30 -18 -55 -61 -158 -69 85 0 24 -15 0 0 159 144 81 -45 126
-226 -132 55 0 114 47 118 -45 -18 3 45 -5 35 -9 0 -141 34 16 0 -15 -119 9 1 7 40 38 -158 0 -105 132 0 112 -131 0 0 57 0 17 45 -21
-94 -81 -123 0 134 25 -37 60 68 -185 33 3 -3 228 0 -18 -111 -96 0 -9 14 67 -2 -75 -89 -59 -69 -105 85 129 0 -149 60 0 0 -82 0 4 -97 61
42 83 75 0 -23 -7 -72 15 -58 -146 -11 5 -22 70 0 -46 97 156 0 5 20 -13 3 -2 54 -7 85 132 129 444 0 245 123 0 0 57 0 -11 -19 26
0 0 0 0 0 21 0 28 0 -7 0 0 160 0 0 9 0 0 0 -4 0 -124 0 0 0 -36 0 0 0 0 591 0 0 0 0 0 0 0 -34 0
39 29 -235 0 -20 12 50 0 78 -159 -4 0 -12 8 0 -108 -108 -216 0 0 -100 -11 -3 0 -171 -6 24 112 -149 245 0 613 -16 0 0 82 0 94 7 -21
68 -17 -78 0 -33 -6 -598 0 0 91 -8 -25 7 -28 0 61 84 79 0 0 -203 7 0 0 -57 3 -15 -131 60 123 0 -16 329 0 0 -59 0 -34 -2 47
0 0 0 -252 0 0 0 0 0 0 0 0 0 0 -146 0 0 0 37 0 0 0 0 0 0 0 0 0 0 0 0 0 0 373 0 0 0 0 0 0
0 0 0 0 0 24 0 -34 0 -2 0 0 -15 0 0 10 0 0 0 -25 0 -15 0 0 0 -12 0 0 0 0 0 0 0 0 779 0 0 0 -11 0
-12 187 -50 0 7 247 -30 5 0 370 2 -2 30 -97 0 -406 83 15 0 0 67 34 0 27 -36 -10 159 57 -82 57 0 82 -59 0 0 18 0 -162 -1 53
0 -122 0 0 0 117 0 0 0 -31 0 0 51 0 0 48 0 0 0 0 0 49 0 0 0 72 144 0 0 0 0 0 0 0 0 0 -351 0 68 0
-6 83 26 0 34 110 71 36 -24 123 5 -1 6 -40 0 -143 35 25 0 0 31 41 1 -18 23 -43 81 17 4 -11 0 94 -34 0 0 -162 0 141 -41 58
16 57 7 0 -6 -106 2 -40 -3 29 -6 0 77 -21 0 -35 91 0 0 104 -1 -167 1 -45 5 362 -45 45 -97 -19 -34 7 -2 0 -11 -1 68 -41 -6 36
-28 172 -39 0 284 -34 -37 -36 9 42 78 2 17 16 0 57 -64 -72 0 -4 31 -14 0 36 -3 44 126 -21 61 26 0 -21 47 0 0 53 0 58 36 535

