Q_obj 
-441 0 -139 257 0 -132 0 -111 0 -113 0 0 0 0 181 104 2 142 2 0 0 0 0 7 54 5 72 -121 0 0 4 -111 0 0 80 0 0 13 0 127
0 -276 1 -5 -64 64 79 0 1 106 0 -42 -100 33 1 2 0 -1 2 0 76 0 0 0 0 0 82 0 0 -120 0 104 0 0 150 0 0 -1 -57 125
-139 1 512 -69 -39 329 0 -75 0 -41 0 75 3 20 -49 1 -3 1 -1 0 -2 -11 0 77 -118 -25 -70 -22 1 -4 -22 -40 0 163 -95 0 14 -3 2 58
257 -5 -69 -709 -1 -74 3 -55 1 -67 1 -2 0 1 -20 -129 1 -177 3 1 1 0 0 -1 24 7 5 -66 1 0 6 -66 0 0 4 1 0 -11 1 57
0 -64 -39 -1 44 52 -8 -31 1 6 -38 49 -23 86 -2 -18 -172 14 1 -38 3 0 0 -3 -13 0 28 0 -50 -19 0 6 0 0 -30 -28 1 36 -9 7
-132 64 329 -74 52 292 -3 264 0 18 0 -88 6 -25 -46 0 -9 1 -14 0 -3 0 0 -12 -372 -42 48 18 0 7 -37 18 0 0 73 0 0 -3 3 184
0 79 0 3 -8 -3 31 0 0 -6 -53 -5 10 5 3 -25 1 19 0 -53 -27 0 0 1 0 0 -52 0 -2 24 0 -6 0 0 25 -40 1 -29 12 -7
-111 0 -75 -55 -31 264 0 551 0 -30 0 61 0 16 -41 0 -2 0 0 0 0 0 0 -9 -95 0 -60 0 0 0 0 -30 0 -202 -81 0 0 -2 0 52
0 1 0 1 1 0 0 0 976 0 0 1 0 0 0 -2 0 2 0 0 1 0 0 1 0 0 5 0 0 0 0 0 0 0 -3 0 0 -8 0 0
-113 106 -41 -67 6 18 -6 -30 0 -223 0 4 9 -2 -45 0 1 1 19 0 -6 0 0 40 15 57 95 108 0 10 50 720 0 0 138 0 0 -2 5 151
0 0 0 1 -38 0 -53 0 0 0 5 -25 8 20 0 162 -2 -117 0 40 10 0 0 0 1 0 25 0 9 0 0 0 0 0 -16 406 0 -44 0 0
0 -42 75 -2 49 -88 -5 61 1 4 -25 -60 -15 -24 -1 -11 2 9 1 -25 2 0 0 6 34 0 45 0 -1 -12 0 4 0 0 18 -19 1 24 -6 5
0 -100 3 0 -23 6 10 0 0 9 8 -15 -171 12 4 29 0 -20 -16 8 60 -233 0 -35 1 20 13 0 1 -26 18 9 0 0 8 6 -7 -16 -18 10
0 33 20 1 86 -25 5 16 0 -2 20 -24 12 170 2 10 -343 -6 0 20 -1 0 0 2 18 0 -13 0 -95 10 0 -2 0 0 16 15 0 -17 5 -3
181 1 -49 -20 -2 -46 3 -41 0 -45 0 -1 4 2 -691 -90 1 -123 0 0 -2 -11 0 -20 20 -23 22 -67 1 -4 -21 -45 0 0 37 0 14 -2 2 42
104 2 1 -129 -18 0 -25 0 -2 0 162 -11 29 10 -90 235 -1 152 0 162 41 0 0 -6 1 0 5 0 7 0 0 0 0 0 -9 123 0 -28 -3 0
2 0 -3 1 -172 -9 1 -2 0 1 -2 2 0 -343 1 -1 288 2 1 -1 0 0 0 3 -26 -1 2 0 -24 0 -1 1 0 0 4 -1 -3 1 0 0
142 -1 1 -177 14 1 19 0 2 1 -117 9 -20 -6 -123 152 2 332 1 -118 -29 0 0 -10 0 0 -19 0 -5 1 0 1 0 0 6 -89 1 8 3 1
2 2 -1 3 1 -14 0 0 0 19 0 1 -16 0 0 0 1 1 -508 0 13 57 0 19 0 131 -20 115 -3 -36 116 19 0 0 -32 0 -70 -2 104 28
0 0 0 1 -38 0 -53 0 0 0 40 -25 8 20 0 162 -1 -118 0 -53 11 0 0 0 1 0 25 0 5 0 0 0 0 0 -16 30 0 -44 0 0
0 76 -2 1 3 -3 -27 0 1 -6 10 2 60 -1 -2 41 0 -29 13 11 -137 177 0 27 1 -14 0 0 2 21 -13 -6 0 0 -12 8 6 -4 15 -7
0 0 -11 0 0 0 0 0 0 0 0 0 -233 0 -11 0 0 0 57 0 177 517 0 137 1 -74 0 0 2 244 -65 0 0 0 0 0 28 0 129 0
0 0 0 0 0 0 0 0 0 0 0 0 0 0 0 0 0 0 0 0 0 0 -396 0 0 0 0 0 0 0 0 0 0 0 0 0 0 0 0 0
7 0 77 -1 -3 -12 1 -9 1 40 0 6 -35 2 -20 -6 3 -10 19 0 27 137 0 -466 -8 315 -57 272 -7 60 279 39 0 14 -80 0 -170 1 -18 75
54 0 -118 24 -13 -372 0 -95 0 15 1 34 1 18 20 1 -26 0 0 1 1 1 0 -8 -774 1 83 0 1 1 1 15 0 0 116 1 1 2 1 -24
5 0 -25 7 0 -42 0 0 0 57 0 0 20 0 -23 0 -1 0 131 0 -14 -74 0 315 1 -242 -63 336 5 -20 177 56 0 0 -91 0 93 1 -10 80
72 82 -70 5 28 48 -52 -60 5 95 25 45 13 -13 22 5 2 -19 -20 25 0 0 0 -57 83 -63 -112 23 2 7 -56 93 0 0 431 19 0 -227 10 168
-121 0 -22 -66 0 18 0 0 0 108 0 0 0 0 -67 0 0 0 115 0 0 0 0 272 0 336 23 61 0 0 298 106 0 0 38 0 0 -3 0 -250
0 0 1 1 -50 0 -2 0 0 0 9 -1 1 -95 1 7 -24 -5 -3 5 2 2 0 -7 1 5 2 0 369 1 4 0 0 0 0 7 13 -1 1 0
0 -120 -4 0 -19 7 24 0 0 10 0 -12 -26 10 -4 0 0 1 -36 0 21 244 0 60 1 -20 7 0 1 -199 -18 10 0 0 15 0 8 -4 -36 12
4 0 -22 6 0 -37 0 0 0 50 0 0 18 0 -21 0 -1 0 116 0 -13 -65 0 279 1 177 -56 298 4 -18 -285 49 0 0 -81 0 83 1 -9 71
-111 104 -40 -66 6 18 -6 -30 0 720 0 4 9 -2 -45 0 1 1 19 0 -6 0 0 39 15 56 93 106 0 10 49 -243 0 0 136 0 0 -2 5 149
0 0 0 0 0 0 0 0 0 0 0 0 0 0 0 0 0 0 0 0 0 0 0 0 0 0 0 0 0 0 0 0 899 0 0 0 0 0 0 0
0 0 163 0 0 0 0 -202 0 0 0 0 0 0 0 0 0 0 0 0 0 0 0 14 0 0 0 0 0 0 0 0 0 -377 0 0 0 0 0 0
80 150 -95 4 -30 73 25 -81 -3 138 -16 18 8 16 37 -9 4 6 -32 -16 -12 0 0 -80 116 -91 431 38 0 15 -81 136 0 0 194 -12 1 162 3 231
0 0 0 1 -28 0 -40 0 0 0 406 -19 6 15 0 123 -1 -89 0 30 8 0 0 0 1 0 19 0 7 0 0 0 0 0 -12 -221 0 -33 0 0
0 0 14 0 1 0 1 0 0 0 0 1 -7 0 14 0 -3 1 -70 0 6 28 0 -170 1 93 0 0 13 8 83 0 0 0 1 0 642 1 5 0
13 -1 -3 -11 36 -3 -29 -2 -8 -2 -44 24 -16 -17 -2 -28 1 8 -2 -44 -4 0 0 1 2 1 -227 -3 -1 -4 1 -2 0 0 162 -33 1 -175 -14 4
0 -57 2 1 -9 3 12 0 0 5 0 -6 -18 5 2 -3 0 3 104 0 15 129 0 -18 1 -10 10 0 1 -36 -9 5 0 0 3 0 5 -14 -162 6
127 125 58 57 7 184 -7 52 0 151 0 5 10 -3 42 0 0 1 28 0 -7 0 0 75 -24 80 168 -250 0 12 71 149 0 0 231 0 0 4 6 218

