Q_obj 
-662 1 -75 143 -6 -2 1 -14 98 -6 -9 294 -1 0 0 0 31 -169 -28 257 0 59 17 1 42 -9 1 -8 2 0 99 -9 5 0 22 0 12 22 54 7
1 1000 0 1 1 0 0 7 1 1 0 0 0 0 0 0 1 -1 0 2 0 1 -28 1 -1 1 1 1 0 0 0 6 0 0 0 -3 7 7 3 1
-75 0 213 121 0 0 0 9 34 12 2 16 0 0 0 0 -27 -22 -280 -156 0 416 -3 0 -9 12 -106 -17 -14 0 -6 9 0 0 2 0 0 -4 13 -3
143 1 121 336 -3 3 0 -3 122 11 5 -66 0 0 0 -15 -24 3 -31 296 0 47 16 0 -9 -210 431 12 2 0 -1 -21 31 0 29 0 0 19 -50 12
-6 1 0 -3 737 1 3 -10 -1 16 -115 21 -33 0 0 0 -44 76 170 0 0 115 6 12 -63 -50 0 2 0 22 -12 15 -240 0 0 0 0 7 -2 29
-2 0 0 3 1 -289 129 2 -9 3 2 2 0 0 0 0 -3 11 1 1 0 1 0 1 -20 -10 0 8 0 1 -5 1 12 0 -7 0 0 0 -7 0
1 0 0 0 3 129 797 0 2 1 -3 0 0 0 0 0 1 -1 2 0 0 2 0 1 4 2 0 0 1 1 1 1 2 0 1 0 0 0 2 1
-14 7 9 -3 -10 2 0 -22 -56 59 107 12 0 0 0 0 -14 -82 1 27 0 -9 228 -20 -90 70 7 -6 3 10 -21 -158 -2 0 56 -6 -444 273 -79 180
98 1 34 122 -1 -9 2 -56 121 -21 -16 -47 0 0 0 0 29 -149 17 171 0 -23 8 0 227 -34 15 -79 -5 0 56 27 -112 0 -106 0 0 10 59 -25
-6 1 12 11 16 3 1 59 -21 -279 -110 3 4 0 0 0 -39 24 -16 -4 0 4 1 1 -46 -26 -2 76 596 2 -11 -70 46 0 -36 0 0 1 -13 57
-9 0 2 5 -115 2 -3 107 -16 -110 549 5 -26 0 0 0 49 30 72 5 0 49 0 -5 -76 -26 0 -94 1 -10 -18 -119 -106 0 9 0 0 0 -55 -239
294 0 16 -66 21 2 0 12 -47 3 5 -252 1 0 0 0 44 32 4 -112 0 -13 -19 1 -103 45 -3 35 0 2 145 8 -2 0 -10 0 -5 -24 -61 -3
-1 0 0 0 -33 0 0 0 0 4 -26 1 856 0 0 0 -2 4 45 1 0 31 0 -1 -11 -2 0 5 0 -2 -2 5 -36 0 0 0 0 0 -12 7
0 0 0 0 0 0 0 0 0 0 0 0 0 276 0 0 0 0 0 0 0 0 0 0 0 0 0 0 0 0 0 0 0 0 0 0 0 0 0 0
0 0 0 0 0 0 0 0 0 0 0 0 0 0 872 0 0 0 0 0 0 0 0 0 0 0 0 0 0 0 0 0 0 0 0 0 0 0 0 0
0 0 0 -15 0 0 0 0 0 0 0 0 0 0 0 -535 0 -9 -4 0 0 8 0 0 0 -12 25 0 0 0 0 0 0 0 0 0 0 0 0 0
31 1 -27 -24 -44 -3 1 -14 29 -39 49 44 -2 0 0 0 -169 71 -8 17 0 26 18 -2 127 -11 -4 -77 68 -3 42 -19 -55 0 -24 0 0 21 105 -16
-169 -1 -22 3 76 11 -1 -82 -149 24 30 32 4 0 0 -9 71 146 -79 -111 0 82 -63 2 -224 11 224 133 -5 8 -64 -58 -60 0 -111 0 -49 -85 125 -15
-28 0 -280 -31 170 1 2 1 17 -16 72 4 45 0 0 -4 -8 -79 393 -75 0 71 -1 8 56 -54 86 -17 0 15 12 -13 187 0 0 0 0 -2 69 -18
257 2 -156 296 0 1 0 27 171 -4 5 -112 1 0 0 0 17 -111 -75 -366 0 111 49 -2 54 -339 -78 11 0 2 16 26 1 0 -2 0 -52 59 -70 -3
0 0 0 0 0 0 0 0 0 0 0 0 0 0 0 0 0 0 0 0 -794 0 0 406 0 0 0 0 0 -216 0 0 0 0 0 0 -23 0 0 0
59 1 416 47 115 1 2 -9 -23 4 49 -13 31 0 0 8 26 82 71 111 0 336 3 6 48 108 -126 1 0 10 15 -16 126 0 0 0 0 4 34 -10
17 -28 -3 16 6 0 0 228 8 1 0 -19 0 0 0 0 18 -63 -1 49 0 3 49 11 -54 31 1 9 0 -5 -15 175 0 0 0 -104 230 233 79 1
1 1 0 0 12 1 1 -20 0 1 -5 1 -1 0 0 0 -2 2 8 -2 406 6 11 157 -5 0 0 1 0 180 -1 -14 -11 0 0 0 14 11 -4 2
42 -1 -9 -9 -63 -20 4 -90 227 -46 -76 -103 -11 0 0 0 127 -224 56 54 0 48 -54 -5 267 183 2 -123 9 -4 293 -54 32 0 166 0 -53 -74 47 24
-9 1 12 -210 -50 -10 2 70 -34 -26 -26 45 -2 0 0 -12 -11 11 -54 -339 0 108 31 0 183 385 307 -105 3 -5 53 74 7 0 46 0 36 43 -37 -3
1 1 -106 431 0 0 0 7 15 -2 0 -3 0 0 0 25 -4 224 86 -78 0 -126 1 0 2 307 59 -1 0 0 0 5 0 0 0 0 0 1 0 -1
-8 1 -17 12 2 8 0 -6 -79 76 -94 35 5 0 0 0 -77 133 -17 11 0 1 9 1 -123 -105 -1 -58 -130 1 -24 12 108 0 48 0 0 11 -8 33
2 0 -14 2 0 0 1 3 -5 596 1 0 0 0 0 0 68 -5 0 0 0 0 0 0 9 3 0 -130 73 0 3 -4 -4 0 54 0 0 0 4 -203
0 0 0 0 22 1 1 10 0 2 -10 2 -2 0 0 0 -3 8 15 2 -216 10 -5 180 -4 -5 0 1 0 396 0 10 -20 0 0 0 -6 -4 2 3
99 0 -6 -1 -12 -5 1 -21 56 -11 -18 145 -2 0 0 0 42 -64 12 16 0 15 -15 -1 293 53 0 -24 3 0 -891 -12 8 0 41 0 -13 -20 5 6
-9 6 9 -21 15 1 1 -158 27 -70 -119 8 5 0 0 0 -19 -58 -13 26 0 -16 175 -14 -54 74 5 12 -4 10 -12 59 20 0 -93 -5 -340 209 -50 -238
5 0 0 31 -240 12 2 -2 -112 46 -106 -2 -36 0 0 0 -55 -60 187 1 0 126 0 -11 32 7 0 108 -4 -20 8 20 659 0 -91 0 0 0 -46 25
0 0 0 0 0 0 0 0 0 0 0 0 0 0 0 0 0 0 0 0 0 0 0 0 0 0 0 0 0 0 0 0 0 272 0 0 0 0 0 0
22 0 2 29 0 -7 1 56 -106 -36 9 -10 0 0 0 0 -24 -111 0 -2 0 0 0 0 166 46 0 48 54 0 41 -93 -91 0 242 0 0 0 60 82
0 -3 0 0 0 0 0 -6 0 0 0 0 0 0 0 0 0 0 0 0 0 0 -104 0 0 0 0 0 0 0 0 -5 0 0 0 -575 0 87 -1 0
12 7 0 0 0 0 0 -444 0 0 0 -5 0 0 0 0 0 -49 0 -52 -23 0 230 14 -53 36 0 0 0 -6 -13 -340 0 0 0 0 351 222 -88 0
22 7 -4 19 7 0 0 273 10 1 0 -24 0 0 0 0 21 -85 -2 59 0 4 233 11 -74 43 1 11 0 -4 -20 209 0 0 0 87 222 197 100 1
54 3 13 -50 -2 -7 2 -79 59 -13 -55 -61 -12 0 0 0 105 125 69 -70 0 34 79 -4 47 -37 0 -8 4 2 5 -50 -46 0 60 -1 -88 100 547 15
7 1 -3 12 29 0 1 180 -25 57 -239 -3 7 0 0 0 -16 -15 -18 -3 0 -10 1 2 24 -3 -1 33 -203 3 6 -238 25 0 82 0 0 1 15 -170

