Q_obj 
157 7 0 0 -35 -61 -195 12 -172 0 0 -2 10 0 43 8 25 -8 -2 110 -43 0 0 0 11 -138 -52 -120 45 -143 0 66 4 15 4 37 101 -43 3 34
7 655 -1 0 -48 2 -7 3 23 0 7 -3 175 -75 170 0 -2 -11 1 -48 -1 23 0 -195 -1 5 -1 4 -8 1 0 -5 -1 1 6 0 1 4 0 2
0 -1 -269 0 13 0 0 -109 -22 0 0 -1 -2 0 12 0 0 -3 0 -10 0 0 0 0 0 0 0 -43 0 31 0 0 147 0 2 0 -27 0 -68 0
0 0 0 -99 0 -5 0 -9 0 0 0 -123 0 0 0 15 311 1 -277 0 -120 0 0 0 0 1 73 26 0 -14 0 -116 6 3 -96 3 0 0 6 -42
-35 -48 13 0 -457 -5 0 -17 -16 0 0 -17 -74 0 427 4 -5 -50 0 32 0 0 0 0 -3 -21 0 -33 15 -29 0 -13 13 0 24 12 -2 9 10 0
-61 2 0 -5 -5 -401 60 -35 -34 0 0 33 2 0 7 -147 52 -3 182 75 -16 0 0 0 15 -59 33 129 -324 221 0 33 -58 -8 28 -161 1 -27 -51 -20
-195 -7 0 0 0 60 793 3 49 0 0 0 -11 0 -2 0 0 0 0 -107 -29 0 0 0 -1 -121 -36 62 -18 97 0 0 0 10 0 17 0 0 0 24
12 3 -109 -9 -17 -35 3 -39 -21 -60 0 -12 4 0 -29 83 -31 5 -129 -6 -6 0 0 0 -58 6 -19 -27 -25 44 0 12 -112 6 -12 -9 -24 -21 -160 13
-172 23 -22 0 -16 -34 49 -21 380 0 0 -1 34 0 24 -2 11 -5 1 148 11 0 0 0 8 115 13 -30 6 -29 0 29 50 -3 3 -21 -55 -18 -40 -7
0 0 0 0 0 0 0 -60 0 300 0 0 0 0 0 11 0 0 14 0 0 0 0 0 -487 0 0 88 0 -60 0 0 -11 0 1 0 0 -176 -10 0
0 7 0 0 0 0 0 0 0 0 549 0 -3 51 0 0 0 0 0 0 0 -14 0 132 0 0 0 0 0 0 0 0 0 0 0 0 0 0 0 0
-2 -3 -1 -123 -17 33 0 -12 -1 0 0 -134 -6 0 36 -85 230 93 175 3 101 0 1 0 0 -4 -52 -33 1 -1 1 -86 -35 27 306 -16 0 2 -32 36
10 175 -2 0 -74 2 -11 4 34 0 -3 -6 807 50 260 0 -3 -17 1 -73 -2 -14 0 128 -1 7 -3 6 -12 1 0 -9 -1 1 8 0 1 7 -1 2
0 -75 0 0 0 0 0 0 0 0 51 0 50 308 0 0 0 0 0 0 0 -11 0 104 0 0 0 0 0 0 0 0 0 0 0 0 0 0 0 0
43 170 12 0 427 7 -2 -29 24 0 0 36 260 0 -457 -4 5 100 1 -56 0 0 0 0 4 26 0 19 -19 47 0 13 9 1 -45 -12 -1 -8 7 1
8 0 0 15 4 -147 0 83 -2 11 0 -85 0 0 -4 -150 -90 7 -470 6 79 0 0 0 20 5 -43 129 -92 17 0 38 166 12 -71 -2 0 5 147 28
25 -2 0 311 -5 52 0 -31 11 0 0 230 -3 0 5 -90 363 -2 -186 -23 -51 0 125 0 -29 14 26 10 -1 0 1 -212 -35 -19 180 -17 0 82 -31 -18
-8 -11 -3 1 -50 -3 0 5 -5 0 0 93 -17 0 100 7 -2 -350 -6 8 2 0 0 0 -1 -4 0 -2 3 -8 0 -3 -2 1 -120 3 -1 2 -6 1
-2 1 0 -277 0 182 0 -129 1 14 0 175 1 0 1 -470 -186 -6 -168 0 -262 0 0 0 12 -13 152 -79 1 -60 0 71 -185 -40 141 -89 0 4 -162 -95
110 -48 -10 0 32 75 -107 -6 148 0 0 3 -73 0 -56 6 -23 8 0 122 -22 0 0 0 -15 174 -27 45 -13 78 0 -62 26 8 -3 -9 -24 41 -15 18
-43 -1 0 -120 0 -16 -29 -6 11 0 0 101 -2 0 0 79 -51 2 -262 -22 215 0 0 0 7 -24 4 75 -2 -1 0 20 31 0 78 19 0 3 28 -2
0 23 0 0 0 0 0 0 0 0 -14 0 -14 -11 0 0 0 0 0 0 0 877 0 31 0 0 0 0 0 0 0 0 0 0 0 0 0 0 0 0
0 0 0 0 0 0 0 0 0 0 0 1 0 0 0 0 125 0 0 0 0 0 229 0 -188 0 0 0 0 0 2 332 0 0 -1 0 0 520 0 0
0 -195 0 0 0 0 0 0 0 0 132 0 128 104 0 0 0 0 0 0 0 31 0 105 0 0 0 0 0 0 0 0 0 0 0 0 0 0 0 0
11 -1 0 0 -3 15 -1 -58 8 -487 0 0 -1 0 4 20 -29 -1 12 -15 7 0 -188 0 -305 8 9 81 0 -40 0 -78 -19 -2 1 3 0 -119 -16 -5
-138 5 0 1 -21 -59 -121 6 115 0 0 -4 7 0 26 5 14 -4 -13 174 -24 0 0 0 8 287 -33 -64 0 -77 0 43 2 10 1 -74 -159 -27 2 22
-52 -1 0 73 0 33 -36 -19 13 0 0 -52 -3 0 0 -43 26 0 152 -27 4 0 0 0 9 -33 108 24 -3 11 0 -9 -17 -208 -40 -4 0 3 -15 -87
-120 4 -43 26 -33 129 62 -27 -30 88 0 -33 6 0 19 129 10 -2 -79 45 75 0 0 0 81 -64 24 26 117 -96 0 39 0 -6 -24 87 -9 3 -25 -14
45 -8 0 0 15 -324 -18 -25 6 0 0 1 -12 0 -19 -92 -1 3 1 -13 -2 0 0 0 0 0 -3 117 21 181 0 -3 -36 1 0 -216 1 3 -32 3
-143 1 31 -14 -29 221 97 44 -29 -60 0 -1 1 0 47 17 0 -8 -60 78 -1 0 0 0 -40 -77 11 -96 181 -78 0 56 43 -2 6 92 8 -49 55 -6
0 0 0 0 0 0 0 0 0 0 0 1 0 0 0 0 1 0 0 0 0 0 2 0 0 0 0 0 0 0 882 1 0 0 0 0 0 2 0 0
66 -5 0 -116 -13 33 0 12 29 0 0 -86 -9 0 13 38 -212 -3 71 -62 20 0 332 0 -78 43 -9 39 -3 56 1 -125 15 8 -66 8 0 218 13 7
4 -1 147 6 13 -58 0 -112 50 -11 0 -35 -1 0 9 166 -35 -2 -185 26 31 0 0 0 -19 2 -17 0 -36 43 0 15 -285 5 -25 -1 62 -7 -65 11
15 1 0 3 0 -8 10 6 -3 0 0 27 1 0 1 12 -19 1 -40 8 0 0 0 0 -2 10 -208 -6 1 -2 0 8 5 -616 21 2 0 0 5 24
4 6 2 -96 24 28 0 -12 3 1 0 306 8 0 -45 -71 180 -120 141 -3 78 0 -1 0 1 1 -40 -24 0 6 0 -66 -25 21 -288 -14 1 -1 -21 28
37 0 0 3 12 -161 17 -9 -21 0 0 -16 0 0 -12 -2 -17 3 -89 -9 19 0 0 0 3 -74 -4 87 -216 92 0 8 -1 2 -14 -349 22 1 0 3
101 1 -27 0 -2 1 0 -24 -55 0 0 0 1 0 -1 0 0 -1 0 -24 0 0 0 0 0 -159 0 -9 1 8 0 0 62 0 1 22 435 0 -48 0
-43 4 0 0 9 -27 0 -21 -18 -176 0 2 7 0 -8 5 82 2 4 41 3 0 520 0 -119 -27 3 3 3 -49 2 218 -7 0 -1 1 0 -21 -6 -1
3 0 -68 6 10 -51 0 -160 -40 -10 0 -32 -1 0 7 147 -31 -6 -162 -15 28 0 0 0 -16 2 -15 -25 -32 55 0 13 -65 5 -21 0 -48 -6 -213 10
34 2 0 -42 0 -20 24 13 -7 0 0 36 2 0 1 28 -18 1 -95 18 -2 0 0 0 -5 22 -87 -14 3 -6 0 7 11 24 28 3 0 -1 10 70

