Q_obj 
-98 16 -17 -48 152 4 43 -129 43 16 0 -42 2 -100 -22 9 -78 0 -30 -80 59 0 -1 22 20 -1 31 5 -51 -22 0 1 144 0 25 11 -7 70 -17 -8
16 331 35 -9 -41 292 7 -26 -32 -29 9 2 -26 2 -214 1 23 0 3 -18 -4 0 26 -144 -35 66 70 -144 3 -5 178 -10 -2 0 -12 -76 -236 -4 -220 56
-17 35 424 -4 282 -50 0 260 -5 -206 101 0 0 9 0 0 0 0 -6 0 -3 197 0 0 -27 0 204 0 0 0 -31 15 -16 0 -14 0 47 0 0 0
-48 -9 -4 323 274 24 46 -38 -5 40 -29 -44 1 -8 1 9 8 0 1 18 0 8 0 1 29 0 92 7 -54 -292 9 -23 -11 28 -5 1 -13 0 0 1
152 -41 282 274 -7 46 -60 471 10 -118 -104 60 0 -9 0 0 -30 0 0 -38 0 28 0 0 -87 0 -211 -12 73 158 28 119 18 0 -7 0 -56 0 0 0
4 292 -50 24 46 -227 5 66 0 45 -11 8 1 2 1 0 0 0 0 0 0 0 0 1 115 0 -103 -199 2 14 346 2 -1 76 1 1 398 0 0 1
43 7 0 46 -60 5 -32 55 -11 0 0 169 1 29 3 31 10 0 0 57 0 0 0 3 -10 50 0 8 -335 24 3 119 -39 0 -48 2 3 0 4 0
-129 -26 260 -38 471 66 55 -192 4 -128 -81 -54 1 -11 1 -3 35 0 1 40 0 22 0 1 115 0 -234 18 -66 -32 24 -169 26 76 44 1 -36 0 0 1
43 -32 -5 -5 10 0 -11 4 -417 5 0 12 -8 -39 134 -14 1 0 0 -3 1 0 9 8 0 14 10 1 15 0 1 -42 56 0 71 -27 24 2 12 -2
16 -29 -206 40 -118 45 0 -128 5 107 -87 0 0 -7 0 0 0 0 -7 0 -3 170 0 0 9 0 -177 0 0 21 28 -12 15 0 13 0 -40 0 0 0
0 9 101 -29 -104 -11 0 -81 0 -87 -586 0 0 0 0 0 0 0 0 0 0 0 0 0 15 0 205 0 0 -17 -7 0 0 0 0 0 11 0 0 0
-42 2 0 -44 60 8 169 -54 12 0 0 -33 0 -28 -2 -30 -9 0 0 -56 0 0 1 -2 10 -49 0 12 337 -23 5 -118 40 0 49 -1 10 0 -3 1
2 -26 0 1 0 1 1 1 -8 0 0 0 274 2 -46 0 0 0 0 0 1 0 -141 7 0 7 0 0 1 0 0 -1 -2 0 4 -78 20 1 10 -2
-100 2 9 -8 -9 2 29 -11 -39 -7 0 -28 2 324 4 12 -4 0 1 4 -1 0 0 -1 1 0 -15 0 -34 29 -2 129 360 0 -102 2 -1 -1 0 1
-22 -214 0 1 0 1 3 1 134 0 0 -2 -46 4 374 2 0 0 -1 1 4 0 50 52 0 78 0 0 4 0 0 20 -4 0 4 -182 158 5 76 -19
9 1 0 9 0 0 31 -3 -14 0 0 -30 0 12 2 -14 -5 0 1 5 0 0 0 0 1 1 0 0 -36 4 1 37 -15 0 -16 1 0 0 1 1
-78 23 0 8 -30 0 10 35 1 0 0 -9 0 -4 0 -5 -510 0 0 -351 0 0 0 44 -5 0 0 -1 -11 6 0 -91 7 0 21 0 -17 0 69 -16
0 0 0 0 0 0 0 0 0 0 0 0 0 0 0 0 0 -697 0 0 0 0 0 0 0 0 0 0 0 0 0 0 0 0 0 0 0 0 0 0
-30 3 -6 1 0 0 0 1 0 -7 0 0 0 1 -1 1 0 0 749 0 201 34 0 78 0 0 0 0 0 0 0 44 -1 0 84 2 -1 212 -58 -29
-80 -18 0 18 -38 0 57 40 -3 0 0 -56 0 4 1 5 -351 0 0 -683 0 0 0 -34 -6 0 0 -1 -68 11 0 -70 -5 0 8 0 13 0 -53 14
59 -4 -3 0 0 0 0 0 1 -3 0 0 1 -1 4 0 0 0 201 0 465 18 0 -150 0 0 0 0 0 1 0 -84 3 0 -160 -3 3 -409 114 58
0 0 197 8 28 0 0 22 0 170 0 0 0 0 0 0 0 0 34 0 18 -772 0 0 -3 0 0 0 0 5 0 0 0 0 0 0 0 0 0 0
-1 26 0 0 0 0 0 0 9 0 0 1 -141 0 50 0 0 0 0 0 0 0 460 -5 0 -9 0 0 0 0 0 1 0 0 -1 6 -18 0 -9 3
22 -144 0 1 0 1 3 1 8 0 0 -2 7 -1 52 0 44 0 78 -34 -150 0 -5 333 1 -15 0 0 -3 1 1 -27 2 1 -59 17 107 -76 -370 240
20 -35 -27 29 -87 115 -10 115 0 9 15 10 0 1 0 1 -5 0 0 -6 0 -3 0 1 668 1 40 25 13 18 -50 25 -1 561 -5 0 -47 0 1 2
-1 66 0 0 0 0 50 0 14 0 0 -49 7 0 78 1 0 0 0 0 0 0 -9 -15 1 970 0 0 82 1 1 2 1 0 -3 56 -48 0 -23 6
31 70 204 92 -211 -103 0 -234 10 -177 205 0 0 -15 0 0 0 0 0 0 0 0 0 0 40 0 150 0 0 49 -63 -26 30 0 26 0 95 0 0 0
5 -144 0 7 -12 -199 8 18 1 0 0 12 0 0 0 0 -1 0 0 -1 0 0 0 0 25 0 0 582 3 4 -121 5 0 0 0 0 -196 0 0 0
-51 3 0 -54 73 2 -335 -66 15 0 0 337 1 -34 4 -36 -11 0 0 -68 0 0 0 -3 13 82 0 3 -346 -28 1 -143 48 0 59 3 1 0 -6 2
-22 -5 0 -292 158 14 24 -32 0 21 -17 -23 0 29 0 4 6 0 0 11 1 5 0 1 18 1 49 4 -28 689 6 -22 -28 16 4 0 -7 1 1 1
0 178 -31 9 28 346 3 24 1 28 -7 5 0 -2 0 1 0 0 0 0 0 0 0 1 -50 1 -63 -121 1 6 -610 4 4 0 -1 0 243 0 1 0
1 -10 15 -23 119 2 119 -169 -42 -12 0 -118 -1 129 20 37 -91 0 44 -70 -84 0 1 -27 25 2 -26 5 -143 -22 4 3 -181 0 -91 -11 12 -101 33 11
144 -2 -16 -11 18 -1 -39 26 56 15 0 40 -2 360 -4 -15 7 0 -1 -5 3 0 0 2 -1 1 30 0 48 -28 4 -181 65 0 145 -2 2 3 1 0
0 0 0 28 0 76 0 76 0 0 0 0 0 0 0 0 0 0 0 0 0 0 0 1 561 0 0 0 0 16 0 0 0 -272 0 0 0 0 0 1
25 -12 -14 -5 -7 1 -48 44 71 13 0 49 4 -102 4 -16 21 0 84 8 -160 0 -1 -59 -5 -3 26 0 59 4 -1 -91 145 0 -108 -9 9 -192 50 23
11 -76 0 1 0 1 2 1 -27 0 0 -1 -78 2 -182 1 0 0 2 0 -3 0 6 17 0 56 0 0 3 0 0 -11 -2 0 -9 703 57 -3 29 -6
-7 -236 47 -13 -56 398 3 -36 24 -40 11 10 20 -1 158 0 -17 0 -1 13 3 0 -18 107 -47 -48 95 -196 1 -7 243 12 2 0 9 57 183 4 163 -40
70 -4 0 0 0 0 0 0 2 0 0 0 1 -1 5 0 0 0 212 0 -409 0 0 -76 0 0 0 0 0 1 0 -101 3 0 -192 -3 4 246 60 30
-17 -220 0 0 0 0 4 0 12 0 0 -3 10 0 76 1 69 0 -58 -53 114 0 -9 -370 1 -23 0 0 -6 1 1 33 1 0 50 29 163 60 -61 142
-8 56 0 1 0 1 0 1 -2 0 0 1 -2 1 -19 1 -16 0 -29 14 58 0 3 240 2 6 0 0 2 1 0 11 0 1 23 -6 -40 30 142 867

