Q_obj 
215 30 0 0 -1 3 -1 -59 -151 -26 51 -21 0 118 3 -2 -185 0 78 0 0 1 38 -20 2 0 -63 -120 -83 -6 465 0 -5 0 0 2 0 0 0 3
30 327 0 0 1 -7 3 -7 0 58 22 -57 0 1 -4 1 -126 1 1 0 0 4 62 -97 0 0 -326 -343 -219 1 0 0 -25 -11 0 0 0 0 -3 5
0 0 4 0 72 0 0 0 -6 0 0 0 0 0 0 -22 0 0 -12 0 0 0 0 0 0 0 0 0 0 0 0 0 0 7 0 0 0 0 0 14
0 0 0 217 0 0 0 0 -68 0 0 0 112 0 0 18 0 320 35 42 -140 0 0 33 119 -18 0 0 0 0 -28 -91 -127 12 4 0 305 0 21 24
-1 1 72 0 -60 -4 0 1 8 0 1 0 0 -55 0 28 67 -9 20 0 0 -17 1 0 35 0 -25 1 0 -83 38 0 0 -6 0 106 0 0 -2 -17
3 -7 0 0 -4 179 0 0 3 58 6 4 0 104 1 -9 -123 18 -1 0 0 34 -2 -43 -62 0 48 -9 13 155 -68 0 -11 258 0 -195 0 0 4 -119
-1 3 0 0 0 0 164 1 0 0 0 0 0 0 45 0 0 0 0 0 0 0 -2 0 0 0 0 0 0 0 0 0 0 0 0 0 0 0 0 0
-59 -7 0 0 1 0 1 -26 36 7 -11 6 0 -27 0 1 44 1 -18 0 0 0 -8 5 0 0 15 29 20 2 -108 0 2 1 0 0 0 0 1 0
-151 0 -6 -68 8 3 0 36 -88 1 16 1 16 48 1 18 -56 -92 -198 20 29 2 73 -13 85 -5 22 -1 3 2 58 -24 23 16 99 3 -59 16 10 37
-26 58 0 0 0 58 0 7 1 -602 -2 0 0 0 -6 0 0 0 0 0 0 0 -57 20 0 0 0 3 -3 0 1 0 6 93 0 0 0 0 1 -45
51 22 0 0 1 6 0 -11 16 -2 824 -14 0 -10 0 1 13 1 -7 0 0 -4 -4 193 0 0 -4 40 -55 1 -40 0 50 10 0 0 0 0 8 -4
-21 -57 0 0 0 4 0 6 1 0 -14 268 0 0 0 0 1 0 0 0 0 -2 -44 66 1 0 0 -108 -93 0 1 0 17 5 0 1 0 0 3 -2
0 0 0 112 0 0 0 0 16 0 0 0 -191 -3 0 3 -2 42 -8 34 422 0 0 9 -4 -11 2 0 0 0 7 -54 -13 2 1 0 35 -271 -127 3
118 1 0 0 -55 104 0 -27 48 0 -10 0 -3 424 0 -122 150 -12 -24 0 -3 -22 -56 0 45 0 -57 1 0 -110 -104 0 0 -14 0 86 0 10 -3 101
3 -4 0 0 0 1 45 0 1 -6 0 0 0 0 160 0 0 0 0 0 0 0 5 1 0 0 0 1 0 0 1 0 1 1 0 0 0 0 1 0
-2 1 -22 18 28 -9 0 1 18 0 1 0 3 -122 0 -187 147 -18 -16 -19 -2 -38 2 -1 66 7 -56 2 -1 -182 92 30 0 -125 -1 232 0 0 -13 -267
-185 -126 0 0 67 -123 0 44 -56 0 13 1 -2 150 0 147 288 16 30 0 -2 28 -30 2 -52 0 -146 117 2 133 125 0 1 18 0 -102 0 8 5 -119
0 1 0 320 -9 18 0 1 -92 0 1 0 42 -12 0 -18 16 306 48 32 -42 -5 1 27 8 -17 -5 1 0 -20 -29 -93 -105 0 13 15 65 4 29 21
78 1 -12 35 20 -1 0 -18 -198 0 -7 0 -8 -24 0 -16 30 48 -374 -9 -14 0 -37 8 -43 3 -11 1 -1 0 -29 13 -11 -5 -50 -1 31 -7 -4 -14
0 0 0 42 0 0 0 0 20 0 0 0 34 0 0 -19 0 32 -9 -513 17 0 0 4 2 -32 0 0 0 0 8 -299 -15 -12 43 0 28 19 4 -24
0 0 0 -140 0 0 0 0 29 0 0 0 422 -3 0 -2 -2 -42 -14 17 -390 0 0 -1 -31 -5 1 0 0 0 12 -21 20 -1 0 0 -43 -214 -105 -3
1 4 0 0 -17 34 0 0 2 0 -4 -2 0 -22 0 -38 28 -5 0 0 0 443 3 39 21 0 -10 6 -7 -37 17 0 10 -2 0 27 0 0 0 31
38 62 0 0 1 -2 -2 -8 73 -57 -4 -44 0 -56 5 2 -30 1 -37 0 0 3 289 -79 0 0 -281 -269 -170 4 -225 0 -20 -1 0 -1 0 0 -3 0
-20 -97 0 33 0 -43 0 5 -13 20 193 66 9 0 1 -1 2 27 8 4 -1 39 -79 -853 12 -1 0 -179 250 -1 -5 -7 -73 -72 -3 2 26 4 -31 37
2 0 0 119 35 -62 0 0 85 0 0 1 -4 45 0 66 -52 8 -43 2 -31 21 0 12 379 -2 21 0 1 73 5 -17 -39 4 -29 -52 43 -11 -29 -73
0 0 0 -18 0 0 0 0 -5 0 0 0 -11 0 0 7 0 -17 3 -32 -5 0 0 -1 -2 -361 0 0 0 0 -2 52 7 5 -14 0 -16 -6 -1 9
-63 -326 0 0 -25 48 0 15 22 0 -4 0 2 -57 0 -56 -146 -5 -11 0 1 -10 -281 0 21 0 -36 306 0 -50 -48 0 0 -6 0 40 0 -2 -1 47
-120 -343 0 0 1 -9 0 29 -1 3 40 -108 0 1 1 2 117 1 1 0 0 6 -269 -179 0 0 306 63 -413 2 -1 0 -46 -13 0 0 0 0 -7 6
-83 -219 0 0 0 13 0 20 3 -3 -55 -93 0 0 0 -1 2 0 -1 0 0 -7 -170 250 1 0 0 -413 -61 -1 2 0 65 19 0 2 0 0 11 -7
-6 1 0 0 -83 155 0 2 2 0 1 0 0 -110 0 -182 133 -20 0 0 0 -37 4 -1 73 0 -50 2 -1 -238 64 0 0 -22 0 128 0 0 -5 151
465 0 0 -28 38 -68 0 -108 58 1 -40 1 7 -104 1 92 125 -29 -29 8 12 17 -225 -5 5 -2 -48 -1 2 64 -168 -10 10 17 41 -56 -24 7 7 -53
0 0 0 -91 0 0 0 0 -24 0 0 0 -54 0 0 30 0 -93 13 -299 -21 0 0 -7 -17 52 0 0 0 0 -10 -233 34 19 -66 0 -85 -28 -7 39
-5 -25 0 -127 0 -11 0 2 23 6 50 17 -13 0 1 0 1 -105 -11 -15 20 10 -20 -73 -39 7 0 -46 65 0 10 34 -587 -18 -2 1 -100 1 -15 10
0 -11 7 12 -6 258 0 1 16 93 10 5 2 -14 1 -125 18 0 -5 -12 -1 -2 -1 -72 4 5 -6 -13 19 -22 17 19 -18 342 0 29 0 0 -8 -375
0 0 0 4 0 0 0 0 99 0 0 0 1 0 0 -1 0 13 -50 43 0 0 0 -3 -29 -14 0 0 0 0 41 -66 -2 0 202 0 4 0 64 -1
2 0 0 0 106 -195 0 0 3 0 0 1 0 86 0 232 -102 15 -1 0 0 27 -1 2 -52 0 40 0 2 128 -56 0 1 29 0 741 0 0 5 -190
0 0 0 305 0 0 0 0 -59 0 0 0 35 0 0 0 0 65 31 28 -43 0 0 26 43 -16 0 0 0 0 -24 -85 -100 0 4 0 299 0 18 0
0 0 0 0 0 0 0 0 16 0 0 0 -271 10 0 0 8 4 -7 19 -214 0 0 4 -11 -6 -2 0 0 0 7 -28 1 0 0 0 0 639 -84 0
0 -3 0 21 -2 4 0 1 10 1 8 3 -127 -3 1 -13 5 29 -4 4 -105 0 -3 -31 -29 -1 -1 -7 11 -5 7 -7 -15 -8 64 5 18 -84 -19 -2
3 5 14 24 -17 -119 0 0 37 -45 -4 -2 3 101 0 -267 -119 21 -14 -24 -3 31 0 37 -73 9 47 6 -7 151 -53 39 10 -375 -1 -190 0 0 -2 -231

