Q_obj 
-554 -340 23 1 1 0 0 72 -8 -144 -4 0 0 1 0 411 0 -10 0 0 0 3 0 38 0 -145 0 0 0 0 0 -42 -151 10 150 12 0 -21 0 0 0 -5 1 0 8 0 0 11 2 0
-340 474 -59 -15 5 0 2 29 23 387 35 4 0 0 0 220 1 21 8 2 0 -2 0 -101 12 0 0 1 2 1 4 115 -148 -24 210 -31 1 0 2 0 -96 15 0 1 -19 -38 10 -26 19 5
23 -59 65 1 1 0 0 16 -64 -15 -1 0 0 1 0 -14 0 -5 0 0 0 2 0 5 0 0 0 0 0 0 0 -20 -25 76 27 -335 0 0 0 0 0 -2 1 0 66 0 0 5 1 0
1 -15 1 408 -112 -2 33 -13 3 0 0 62 0 -10 0 0 1 0 15 81 0 12 57 1 0 0 0 2 59 1 119 0 33 1 6 0 1 0 11 0 1 1 -18 1 3 0 0 0 -1 0
1 5 1 -112 72 1 -9 1 -11 0 0 -18 0 4 1 0 0 0 -4 -24 0 25 -17 1 0 0 0 0 -17 0 -35 0 -11 1 -1 0 0 0 -3 0 0 2 6 0 -10 0 0 -3 -6 0
0 0 0 -2 1 657 0 0 6 0 0 3 0 0 0 0 0 0 6 34 0 4 -15 0 0 0 0 -547 1 0 1 0 1 0 0 0 0 0 11 0 1 0 0 0 5 0 0 0 0 0
0 2 0 33 -9 0 212 2 0 0 0 45 0 2 4 0 0 0 0 0 0 0 0 0 0 0 0 0 -6 -9 -12 0 -3 0 0 0 0 0 0 0 0 0 2 0 0 0 0 0 0 0
72 29 16 -13 1 0 2 363 25 -82 18 3 0 0 0 -46 1 -15 1 4 0 -74 3 22 11 0 0 1 2 1 4 -28 -137 6 -12 6 1 0 1 0 1 144 0 1 33 -34 9 -262 -26 4
-8 23 -64 3 -11 6 0 25 210 -65 76 -4 0 1 0 6 0 -27 -12 -72 0 -284 33 18 0 0 0 -2 -1 0 -3 4 26 -70 -8 -53 0 0 505 0 0 -16 1 0 -107 59 33 31 60 -6
-144 387 -15 0 0 0 0 -82 -65 -556 6 0 0 0 0 94 0 15 0 0 0 -3 0 85 0 0 0 0 1 0 1 57 172 80 -170 -3 0 0 0 0 0 8 0 0 71 0 0 -13 -2 0
-4 35 -1 0 0 0 0 18 76 6 620 0 0 -1 0 3 0 -3 0 0 0 0 0 -1 46 0 0 0 8 0 16 -37 -47 131 -15 0 0 0 0 0 0 -28 -2 0 -78 57 301 -16 5 -6
0 4 0 62 -18 3 45 3 -4 0 0 405 0 3 0 0 1 0 -13 -76 0 -3 -53 0 0 0 0 -1 -12 2 -23 0 -6 0 0 0 1 0 -9 0 0 0 4 1 -4 0 0 0 0 0
0 0 0 0 0 0 0 0 0 0 0 0 766 0 0 0 27 0 0 0 0 0 0 0 0 0 0 0 0 0 0 0 0 0 0 0 -3 0 0 0 0 0 0 -8 0 0 0 0 0 0
1 0 1 -10 4 0 2 0 1 0 -1 3 0 -40 0 0 1 1 1 3 0 0 2 1 0 0 0 1 -20 1 -42 0 1 1 1 0 1 0 1 -41 1 1 98 1 1 3 0 0 -1 0
0 0 0 0 1 0 4 0 0 0 0 0 0 0 672 0 -69 0 0 0 0 0 0 0 0 0 0 0 1 71 1 0 1 0 1 0 -79 0 0 0 0 0 0 -175 0 0 0 0 0 0
411 220 -14 0 0 0 0 -46 6 94 3 0 0 0 0 -183 0 8 0 0 0 -1 0 -24 0 -224 0 0 1 0 1 28 99 -5 -96 -7 0 -33 0 0 0 4 0 0 -4 0 0 -6 -1 0
0 1 0 1 0 0 0 1 0 0 0 1 27 1 -69 0 -435 0 0 0 0 0 0 0 0 0 0 0 0 -3 0 0 0 0 0 0 -28 0 0 0 0 0 1 -63 0 0 0 0 0 0
-10 21 -5 0 0 0 0 -15 -27 15 -3 0 0 1 0 8 0 612 0 0 0 0 0 -3 -17 0 0 0 -2 0 -5 -98 33 -51 -8 0 0 0 0 0 0 13 1 0 29 -21 -115 5 -1 3
0 8 0 15 -4 6 0 1 -12 0 0 -13 0 1 0 0 0 0 424 48 0 -9 92 0 0 0 0 -3 -2 0 -5 0 -1 0 16 0 0 0 -25 0 -3 0 1 0 -12 0 0 0 0 0
0 2 0 81 -24 34 0 4 -72 0 0 -76 0 3 0 0 0 0 48 -265 0 -53 526 0 0 0 0 -19 -15 0 -31 0 -8 0 -5 0 0 0 -145 0 1 0 5 0 -69 0 0 0 0 0
0 0 0 0 0 0 0 0 0 0 0 0 0 0 0 0 0 0 0 0 -670 0 0 0 0 0 242 0 0 0 0 0 0 0 0 0 0 0 0 0 0 0 0 0 0 0 0 0 0 0
3 -2 2 12 25 4 0 -74 -284 -3 0 -3 0 0 0 -1 0 0 -9 -53 0 636 25 1 0 0 0 -2 1 0 2 0 -44 1 3 0 0 0 373 0 0 45 0 0 -272 0 0 -82 -155 0
0 0 0 57 -17 -15 0 3 33 0 0 -53 0 2 0 0 0 0 92 526 0 25 670 0 0 0 0 9 -11 0 -21 0 -6 0 -9 0 0 0 67 0 2 0 4 0 32 0 0 0 0 0
38 -101 5 1 1 0 0 22 18 85 -1 0 0 1 0 -24 0 -3 0 0 0 1 0 -255 0 0 0 0 0 0 0 -14 -44 -20 45 1 0 0 0 0 0 -1 1 0 -18 0 0 4 1 0
0 12 0 0 0 0 0 11 0 0 46 0 0 0 0 0 0 -17 0 0 0 0 0 0 291 0 0 0 4 0 8 0 -25 0 -5 0 0 0 0 0 0 0 -1 0 0 -76 20 0 3 9
-145 0 0 0 0 0 0 0 0 0 0 0 0 0 0 -224 0 0 0 0 0 0 0 0 0 -235 0 0 0 0 0 0 0 0 0 0 0 23 0 0 0 0 0 0 0 0 0 0 0 0
0 0 0 0 0 0 0 0 0 0 0 0 0 0 0 0 0 0 0 0 242 0 0 0 0 0 -258 0 0 0 0 0 0 0 0 0 0 0 0 0 0 0 0 0 0 0 0 0 0 0
0 1 0 2 0 -547 0 1 -2 0 0 -1 0 1 0 0 0 0 -3 -19 0 -2 9 0 0 0 0 57 0 0 0 0 0 0 1 0 0 0 -6 0 0 0 1 0 -2 0 0 0 0 0
0 2 0 59 -17 1 -6 2 -1 1 8 -12 0 -20 1 1 0 -2 -2 -15 0 1 -11 0 4 0 0 0 373 0 159 0 -3 0 0 0 0 0 -1 0 0 0 -36 0 -1 -12 4 1 8 2
0 1 0 1 0 0 -9 1 0 0 0 2 0 1 71 0 -3 0 0 0 0 0 0 0 0 0 0 0 0 554 0 0 0 0 0 0 -4 0 0 0 0 0 1 -9 0 0 0 0 0 0
0 4 0 119 -35 1 -12 4 -3 1 16 -23 0 -42 1 1 0 -5 -5 -31 0 2 -21 0 8 0 0 0 159 0 620 0 -6 0 0 0 0 0 -3 0 0 0 -74 0 -2 -26 7 1 15 3
-42 115 -20 0 0 0 0 -28 4 57 -37 0 0 0 0 28 0 -98 0 0 0 0 0 -14 0 0 0 0 0 0 0 252 50 -4 -50 0 0 0 0 0 0 5 0 0 -3 0 0 -8 0 0
-151 -148 -25 33 -11 1 -3 -137 26 172 -47 -6 0 1 1 99 0 33 -1 -8 0 -44 -6 -44 -25 0 0 0 -3 0 -6 50 607 -10 66 -14 0 0 -1 0 0 67 2 0 7 88 -22 -121 -70 -9
10 -24 76 1 1 0 0 6 -70 80 131 0 0 1 0 -5 0 -51 0 0 0 1 0 -20 0 0 0 0 0 0 0 -4 -10 283 11 64 0 0 0 0 0 0 1 0 73 103 57 2 1 -11
150 210 27 6 -1 0 0 -12 -8 -170 -15 0 0 1 1 -96 0 -8 16 -5 0 3 -9 45 -5 0 0 1 0 0 0 -50 66 11 858 14 0 0 3 0 -219 -6 1 0 10 17 -4 12 -7 -1
12 -31 -335 0 0 0 0 6 -53 -3 0 0 0 0 0 -7 0 0 0 0 0 0 0 1 0 0 0 0 0 0 0 0 -14 64 14 -398 0 0 0 0 0 0 0 0 56 0 0 0 0 0
0 1 0 1 0 0 0 1 0 0 0 1 -3 1 -79 0 -28 0 0 0 0 0 0 0 0 0 0 0 0 -4 0 0 0 0 0 0 -405 0 0 0 0 0 1 -89 0 0 0 0 0 0
-21 0 0 0 0 0 0 0 0 0 0 0 0 0 0 -33 0 0 0 0 0 0 0 0 0 23 0 0 0 0 0 0 0 0 0 0 0 782 0 0 0 0 0 0 0 0 0 0 0 0
0 2 0 11 -3 11 0 1 505 0 0 -9 0 1 0 0 0 0 -25 -145 0 373 67 0 0 0 0 -6 -1 0 -3 0 -1 0 3 0 0 0 295 0 0 0 1 0 485 0 0 0 0 0
0 0 0 0 0 0 0 0 0 0 0 0 0 -41 0 0 0 0 0 0 0 0 0 0 0 0 0 0 0 0 0 0 0 0 0 0 0 0 0 -619 0 0 24 0 0 0 0 0 0 0
0 -96 0 1 0 1 0 1 0 0 0 0 0 1 0 0 0 0 -3 1 0 0 2 0 0 0 0 0 0 0 0 0 0 0 -219 0 0 0 0 0 -198 0 1 0 0 0 0 0 0 0
-5 15 -2 1 2 0 0 144 -16 8 -28 0 0 1 0 4 0 13 0 0 0 45 0 -1 0 0 0 0 0 0 0 5 67 0 -6 0 0 0 0 0 0 -426 1 0 -17 0 78 -365 27 0
1 0 1 -18 6 0 2 0 1 0 -2 4 0 98 0 0 1 1 1 5 0 0 4 1 -1 0 0 1 -36 1 -74 0 2 1 1 0 1 0 1 24 1 1 76 1 1 5 -1 0 -2 0
0 1 0 1 0 0 0 1 0 0 0 1 -8 1 -175 0 -63 0 0 0 0 0 0 0 0 0 0 0 0 -9 0 0 0 0 0 0 -89 0 0 0 0 0 1 -563 0 0 0 0 0 0
8 -19 66 3 -10 5 0 33 -107 71 -78 -4 0 1 0 -4 0 29 -12 -69 0 -272 32 -18 0 0 0 -2 -1 0 -2 -3 7 73 10 56 0 0 485 0 0 -17 1 0 218 -61 -33 32 58 8
0 -38 0 0 0 0 0 -34 59 0 57 0 0 3 0 0 0 -21 0 0 0 0 0 0 -76 0 0 0 -12 0 -26 0 88 103 17 0 0 0 0 0 0 0 5 0 -61 683 25 0 -7 -146
0 10 0 0 0 0 0 9 33 0 301 0 0 0 0 0 0 -115 0 0 0 0 0 0 20 0 0 0 4 0 7 0 -22 57 -4 0 0 0 0 0 0 78 -1 0 -33 25 -48 43 3 -2
11 -26 5 0 -3 0 0 -262 31 -13 -16 0 0 0 0 -6 0 5 0 0 0 -82 0 4 0 0 0 0 1 0 1 -8 -121 2 12 0 0 0 0 0 0 -365 0 0 32 0 43 43 -48 0
2 19 1 -1 -6 0 0 -26 60 -2 5 0 0 -1 0 -1 0 -1 0 0 0 -155 0 1 3 0 0 0 8 0 15 0 -70 1 -7 0 0 0 0 0 0 27 -2 0 58 -7 3 -48 -89 1
0 5 0 0 0 0 0 4 -6 0 -6 0 0 0 0 0 0 3 0 0 0 0 0 0 9 0 0 0 2 0 3 0 -9 -11 -1 0 0 0 0 0 0 0 0 0 8 -146 -2 0 1 -581

