Q_obj 
120 0 40 11 -216 26 83 4 -4 -10 0 4 108 14 -6 -37 53 95 0 2 5 -3 0 0 -14 0 -18 4 0 -14 -5 0 0 3 -86 25 1 -5 110 -13 -80 60 41 -7 50 -17 0 3 7 8
0 1000 0 0 0 0 0 0 1 0 0 0 0 1 0 0 0 0 0 1 0 -6 0 0 0 0 0 0 0 1 0 0 -2 1 0 0 1 1 0 0 0 -1 0 0 0 -1 1 0 1 0
40 0 -404 -5 -60 -1 210 0 0 -2 0 -2 -78 -10 -1 -7 0 0 0 0 -3 -1 0 0 12 -2 -5 0 0 0 0 0 0 2 64 13 0 10 -80 -10 -14 13 -16 7 14 -4 0 0 0 -5
11 0 -5 321 17 -23 -10 -16 182 0 0 0 -52 34 0 0 -12 -9 0 0 -5 0 0 0 -138 -561 0 0 0 67 0 0 0 21 0 -10 0 0 0 -113 0 -1 -171 3 0 0 0 0 2 0
-216 0 -60 17 3 7 -126 1 6 -15 0 0 0 5 6 27 1 1 1 0 0 -10 0 0 8 16 17 0 0 -3 0 0 0 -5 41 -66 0 -91 33 0 133 69 0 34 -45 -26 0 -1 0 0
26 0 -1 -23 7 108 -3 46 17 0 -1 0 -27 264 34 -12 123 -13 -2 -2 0 0 0 1 -9 -40 22 0 0 151 -31 0 0 57 0 -103 -1 -153 0 0 -104 -2 0 5 -56 0 0 10 -56 0
83 0 210 -10 -126 -3 -69 0 -1 -5 0 -5 -163 -20 -3 -16 0 0 0 0 -7 -3 0 0 25 -4 -10 0 0 0 0 0 0 3 132 26 0 21 -167 -22 -29 27 -33 13 29 -10 0 0 0 -11
4 0 0 -16 1 46 0 -517 10 0 0 0 6 -50 0 -1 -14 -10 0 0 0 0 0 0 -6 -28 0 0 0 108 0 0 0 -24 0 -11 0 0 0 0 0 -1 0 4 0 0 0 0 3 0
-4 1 0 182 6 17 -1 10 -427 0 0 0 3 -24 1 3 11 6 -17 0 0 1 0 0 78 16 1 0 0 -38 0 0 0 -3 1 4 0 -12 1 0 -5 2 0 -1 0 0 0 65 -2 0
-10 0 -2 0 -15 0 -5 0 0 -392 0 0 0 0 0 0 0 0 2 0 0 -68 0 0 0 0 473 0 0 0 0 1 31 0 0 -3 0 3 0 0 -3 -146 0 -82 177 286 -9 1 0 0
0 0 0 0 0 -1 0 0 0 0 619 0 1 -2 0 2 -1 -1 0 0 0 0 0 0 0 0 0 0 0 0 3 0 0 2 0 3 0 0 0 0 0 0 0 1 0 0 0 0 1 0
4 0 -2 0 0 0 -5 0 0 0 0 82 -8 0 0 0 0 0 0 0 83 0 0 0 0 0 0 0 0 0 0 0 0 0 6 2 0 0 -6 0 0 0 0 0 0 0 0 0 0 0
108 0 -78 -52 0 -27 -163 6 3 0 1 -8 -721 -74 -3 3 -13 -2 0 1 -85 0 0 0 113 -6 -2 0 0 27 4 0 0 28 -45 37 1 -13 59 -102 -9 0 -154 1 7 0 0 1 5 5
14 1 -10 34 5 264 -20 -50 -24 0 -2 0 -74 -9 36 -25 132 25 3 -2 -8 1 0 1 29 68 23 0 0 -255 -34 0 0 -264 -4 -27 -2 128 7 -10 91 4 -15 -7 -61 0 0 -8 -45 1
-6 0 -1 0 6 34 -3 0 1 0 0 0 -3 36 277 152 0 0 0 0 0 0 0 0 0 1 -19 0 0 0 0 0 0 -22 0 -1 0 0 0 0 2 0 0 0 54 0 0 0 0 0
-37 0 -7 0 27 -12 -16 -1 3 0 2 0 3 -25 152 316 -52 -1 -1 2 0 0 0 0 0 0 97 0 0 8 19 0 0 45 0 22 2 -72 0 0 -41 0 0 1 -258 0 0 5 22 0
53 0 0 -12 1 123 0 -14 11 0 -1 0 -13 132 0 -52 212 -197 -3 -5 0 -7 0 1 -5 -20 0 21 0 65 -31 0 0 37 0 -170 -4 -228 0 -154 -158 -30 103 61 0 0 0 15 40 0
95 0 0 -9 1 -13 0 -10 6 0 -1 0 -2 25 0 -1 -197 381 0 10 0 -1 0 -1 -4 -16 0 0 0 42 0 0 0 13 0 -305 9 0 0 0 0 -4 0 10 0 0 0 0 1 0
0 0 0 0 1 -2 0 0 -17 2 0 0 0 3 0 -1 -3 0 663 0 0 -7 0 0 0 -5 0 0 0 0 0 -42 -58 -8 0 3 0 11 0 0 8 1 0 0 0 3 20 229 2 0
2 1 0 0 0 -2 0 0 0 0 0 0 1 -2 0 2 -5 10 0 857 0 1 0 -37 0 0 0 0 0 0 3 0 0 2 0 -3 207 0 0 0 0 2 0 -3 0 0 0 0 2 0
5 0 -3 -5 0 0 -7 0 0 0 0 83 -85 -8 0 0 0 0 0 0 -77 0 0 0 15 0 0 0 0 0 0 0 0 0 -17 2 0 0 23 -12 0 0 -18 0 0 0 0 0 0 2
-3 -6 -1 0 -10 0 -3 0 1 -68 0 0 0 1 0 0 -7 -1 -7 1 0 455 0 0 0 0 0 0 0 2 0 -3 -177 1 0 -13 1 2 0 0 -2 -101 0 -45 0 -116 56 -2 1 0
0 0 0 0 0 0 0 0 0 0 0 0 0 0 0 0 0 0 0 0 0 0 70 0 0 0 0 0 0 0 0 0 0 0 0 0 0 0 0 0 0 0 0 0 0 0 0 0 0 0
0 0 0 0 0 1 0 0 0 0 0 0 0 1 0 0 1 -1 0 -37 0 0 0 -379 0 0 0 0 0 0 0 0 0 0 0 1 -157 0 0 0 0 0 0 1 0 0 0 0 0 0
-14 0 12 -138 8 -9 25 -6 78 0 0 0 113 29 0 0 -5 -4 0 0 15 0 0 0 586 -239 0 0 0 29 0 0 0 9 0 -10 0 0 0 268 0 0 403 2 0 0 0 0 1 0
0 0 -2 -561 16 -40 -4 -28 16 0 0 0 -6 68 1 0 -20 -16 -5 0 0 0 0 0 -239 -470 1 0 0 119 0 0 0 40 2 -24 0 -6 2 0 2 0 0 7 -1 0 0 21 2 0
-18 0 -5 0 17 22 -10 0 1 473 0 0 -2 23 -19 97 0 0 0 0 0 0 0 0 0 1 456 0 0 0 0 0 0 -14 0 -5 0 -2 0 0 5 0 0 0 -109 -275 0 0 0 0
4 0 0 0 0 0 0 0 0 0 0 0 0 0 0 0 21 0 0 0 0 0 0 0 0 0 0 -967 0 0 0 0 0 0 0 -12 0 0 0 -28 0 0 19 0 0 0 0 0 70 0
0 0 0 0 0 0 0 0 0 0 0 0 0 0 0 0 0 0 0 0 0 0 0 0 0 0 0 0 688 0 0 0 0 0 0 0 0 0 0 0 0 0 0 0 0 0 0 0 0 0
-14 1 0 67 -3 151 0 108 -38 0 0 0 27 -255 0 8 65 42 0 0 0 2 0 0 29 119 0 0 0 -469 0 0 0 -138 0 47 0 0 0 0 0 7 0 -12 0 0 0 0 -10 0
-5 0 0 0 0 -31 0 0 0 0 3 0 4 -34 0 19 -31 0 0 3 0 0 0 0 0 0 0 0 0 0 486 0 0 22 0 19 3 0 0 0 0 0 0 1 0 0 0 0 14 0
0 0 0 0 0 0 0 0 0 1 0 0 0 0 0 0 0 0 -42 0 0 -3 0 0 0 0 0 0 0 0 0 797 -22 0 0 0 0 0 0 0 0 1 0 0 0 1 8 -11 0 0
0 -2 0 0 0 0 0 0 0 31 0 0 0 0 0 0 0 0 -58 0 0 -177 0 0 0 0 0 0 0 0 0 -22 -622 0 0 0 0 0 0 0 0 9 0 -16 0 52 483 -15 0 0
3 1 2 21 -5 57 3 -24 -3 0 2 0 28 -264 -22 45 37 13 -8 2 0 1 0 0 9 40 -14 0 0 -138 22 0 0 256 0 7 2 -470 0 0 -327 2 0 -3 40 0 0 30 -9 0
-86 0 64 0 41 0 132 0 1 0 0 6 -45 -4 0 0 0 0 0 0 -17 0 0 0 0 2 0 0 0 0 0 0 0 0 -328 -26 0 81 -236 0 -116 0 0 0 0 0 0 0 0 5
25 0 13 -10 -66 -103 26 -11 4 -3 3 2 37 -27 -1 22 -170 -305 3 -3 2 -13 0 1 -10 -24 -5 -12 0 47 19 0 0 7 -26 49 -2 145 35 95 77 -33 -53 101 16 -5 0 -8 -21 3
1 1 0 0 0 -1 0 0 0 0 0 0 1 -2 0 2 -4 9 0 207 0 1 0 -157 0 0 0 0 0 0 3 0 0 2 0 -2 455 0 0 0 0 2 0 -2 0 0 0 0 1 0
-5 1 10 0 -91 -153 21 0 -12 3 0 0 -13 128 0 -72 -228 0 11 0 0 2 0 0 0 -6 -2 0 0 0 0 0 0 -470 81 145 0 -227 64 0 194 -11 0 -5 8 5 0 -40 95 0
110 0 -80 0 33 0 -167 0 1 0 0 -6 59 7 0 0 0 0 0 0 23 0 0 0 0 2 0 0 0 0 0 0 0 0 -236 35 0 64 -214 0 -91 0 0 0 0 0 0 0 0 -5
-13 0 -10 -113 0 0 -22 0 0 0 0 0 -102 -10 0 0 -154 0 0 0 -12 0 0 0 268 0 0 -28 0 0 0 0 0 0 0 95 0 0 0 -323 0 0 360 0 0 0 0 0 -512 0
-80 0 -14 0 133 -104 -29 0 -5 -3 0 0 -9 91 2 -41 -158 0 8 0 0 -2 0 0 0 2 5 0 0 0 0 0 0 -327 -116 77 0 194 -91 0 -372 17 0 8 -10 -6 0 -28 66 0
60 -1 13 -1 69 -2 27 -1 2 -146 0 0 0 4 0 0 -30 -4 1 2 0 -101 0 0 0 0 0 0 0 7 0 1 9 2 0 -33 2 -11 0 0 17 667 0 119 0 -250 -2 1 1 0
41 0 -16 -171 0 0 -33 0 0 0 0 0 -154 -15 0 0 103 0 0 0 -18 0 0 0 403 0 0 19 0 0 0 0 0 0 0 -53 0 0 0 360 0 0 -20 0 0 0 0 0 340 0
-7 0 7 3 34 5 13 4 -1 -82 1 0 1 -7 0 1 61 10 0 -3 0 -45 0 1 2 7 0 0 0 -12 1 0 -16 -3 0 101 -2 -5 0 0 8 119 0 463 0 -140 6 0 0 0
50 0 14 0 -45 -56 29 0 0 177 0 0 7 -61 54 -258 0 0 0 0 0 0 0 0 0 -1 -109 0 0 0 0 0 0 40 0 16 0 8 0 0 -10 0 0 0 709 -102 0 0 0 0
-17 -1 -4 0 -26 0 -10 0 0 286 0 0 0 0 0 0 0 0 3 0 0 -116 0 0 0 0 -275 0 0 0 0 1 52 0 0 -5 0 5 0 0 -6 -250 0 -140 -102 -69 -16 1 0 0
0 1 0 0 0 0 0 0 0 -9 0 0 0 0 0 0 0 0 20 0 0 56 0 0 0 0 0 0 0 0 0 8 483 0 0 0 0 0 0 0 0 -2 0 6 0 -16 758 6 0 0
3 0 0 0 -1 10 0 0 65 1 0 0 1 -8 0 5 15 0 229 0 0 -2 0 0 0 21 0 0 0 0 0 -11 -15 30 0 -8 0 -40 0 0 -28 1 0 0 0 1 6 -120 -5 0
7 1 0 2 0 -56 0 3 -2 0 1 0 5 -45 0 22 40 1 2 2 0 1 0 0 1 2 0 70 0 -10 14 0 0 -9 0 -21 1 95 0 -512 66 1 340 0 0 0 0 -5 436 0
8 0 -5 0 0 0 -11 0 0 0 0 0 5 1 0 0 0 0 0 0 2 0 0 0 0 0 0 0 0 0 0 0 0 0 5 3 0 0 -5 0 0 0 0 0 0 0 0 0 0 102

