Q_obj 
388 -6 0 1 21 0 21 3 14 0 0 0 1 10 24 -5 1 -250 -382 76 0 0 7 1 0 16 1 0 -1 -40 -32 -74 -35 1 -3 13 3 -10 -6 0 -9 14 -16 1 -1 -25 -7 1 -5 17
-6 598 0 0 0 0 0 0 6 0 0 0 0 0 0 -192 0 0 -11 0 0 0 0 0 0 0 0 -56 0 0 0 0 2 0 -23 0 0 0 0 0 1 0 0 0 0 0 -1 1 0 0
0 0 -505 0 0 -1 0 0 0 0 0 0 0 0 0 0 0 0 0 0 0 0 0 -5 0 0 0 0 0 0 0 0 0 -198 0 0 92 0 0 0 0 0 0 142 0 0 0 0 0 0
1 0 0 -530 0 0 -1 8 0 0 0 0 0 0 0 0 28 0 1 -139 0 3 -14 0 0 0 -5 0 3 0 0 0 0 1 0 5 1 24 16 0 2 0 -25 0 0 -405 0 0 0 0
21 0 0 0 -642 0 9 1 0 0 0 0 0 0 0 0 0 64 -12 35 0 0 3 0 0 0 0 0 0 0 -14 0 0 -1 0 4 -2 -4 -2 0 2 0 -7 0 1 -11 0 0 -2 0
0 0 -1 0 0 754 0 0 0 0 0 0 -6 -2 0 0 0 0 0 0 0 0 37 -209 0 6 0 0 -5 -17 1 12 0 18 0 2 -9 0 35 0 -5 0 0 23 6 0 0 0 0 0
21 0 0 -1 9 0 -302 61 -2 0 0 0 4 41 0 0 28 59 -9 76 0 71 -24 1 0 -1 -1 0 4 2 -331 -2 10 3 0 -72 5 41 27 0 -10 0 -472 1 15 -22 0 0 109 -4
3 0 0 8 1 0 61 -539 -13 0 0 0 0 -132 0 0 2 2 5 1 0 235 -1 0 0 -3 7 0 1 -3 -31 -3 51 123 0 18 268 3 2 0 -46 0 22 0 -37 -7 1 0 0 -23
14 6 0 0 0 0 -2 -13 -274 0 0 0 0 9 -16 4 0 0 23 0 0 4 0 0 0 -18 0 0 0 27 3 50 119 -8 3 0 -17 0 0 0 2 -9 0 0 3 0 3 17 0 -52
0 0 0 0 0 0 0 0 0 794 0 0 0 0 0 0 0 0 0 0 0 0 0 0 0 0 0 0 0 0 0 0 0 0 0 0 0 0 0 0 0 0 0 0 0 0 0 0 0 0
0 0 0 0 0 0 0 0 0 0 487 0 0 0 0 0 0 0 0 0 0 0 0 0 0 0 0 0 0 0 0 0 0 0 0 0 0 0 0 0 0 0 0 0 0 0 0 0 0 0
0 0 0 0 0 0 0 0 0 0 0 439 0 0 0 0 0 0 0 0 0 0 0 0 91 0 0 0 0 0 0 0 0 0 0 0 0 0 0 82 0 0 0 0 0 0 0 0 0 0
1 0 0 0 0 -6 4 0 0 0 0 0 562 -13 0 0 0 0 2 0 0 0 19 3 0 53 0 0 -2 -166 0 110 0 11 0 -12 23 0 18 0 36 0 0 1 198 0 1 0 0 0
10 0 0 0 0 -2 41 -132 9 0 0 0 -13 358 0 1 0 0 16 0 0 35 7 1 0 14 0 0 0 -35 -31 28 -32 128 0 -166 277 0 7 0 467 0 0 1 -27 -2 2 1 0 15
24 0 0 0 0 0 0 0 -16 0 0 0 0 0 -22 -3 0 0 41 0 0 0 0 0 0 5 0 0 0 -13 0 -22 -12 0 0 1 0 0 0 0 -2 -50 0 0 0 0 5 -2 0 4
-5 -192 0 0 0 0 0 0 4 0 0 0 0 1 -3 -422 0 0 -9 0 0 1 0 0 0 -2 0 0 0 8 1 13 7 0 -90 0 0 0 0 0 1 -2 0 0 1 0 -1 1 0 -2
1 0 0 28 0 0 28 2 0 0 0 0 0 0 0 0 -113 0 1 -17 0 3 -56 0 0 0 25 0 9 0 0 0 0 -1 0 18 -3 93 60 0 7 0 -59 0 0 -49 0 0 0 0
-250 0 0 0 64 0 59 2 0 0 0 0 0 0 0 0 0 -50 148 234 0 0 20 0 0 0 0 0 -2 0 -96 0 0 -7 0 24 -16 -31 -20 0 9 0 -51 0 2 -80 0 0 -18 0
-382 -11 0 1 -12 0 -9 5 23 0 0 0 2 16 41 -9 1 148 -38 -44 0 -1 -2 1 0 28 1 0 1 -68 18 -126 -60 8 -5 4 16 7 5 0 -22 24 10 1 -3 16 -12 2 4 29
76 0 0 -139 35 0 76 1 0 0 0 0 0 0 0 0 -17 234 -44 -44 0 -1 34 0 0 0 -124 0 -5 0 -122 0 0 -9 0 27 -20 -54 -34 0 10 0 -49 0 2 -29 1 0 -23 0
0 0 0 0 0 0 0 0 0 0 0 0 0 0 0 0 0 0 0 0 999 0 0 0 0 0 0 0 0 0 0 0 0 0 0 0 0 0 0 0 0 0 0 0 0 0 0 0 0 0
0 0 0 3 0 0 71 235 4 0 0 0 0 35 0 1 3 0 -1 -1 0 309 -4 0 0 1 2 0 1 1 8 1 -13 -36 0 -3 -79 7 5 0 13 0 90 0 10 1 0 1 0 6
7 0 0 -14 3 37 -24 -1 0 0 0 0 19 7 0 0 -56 20 -2 34 0 -4 165 -11 0 -15 -12 0 57 51 -106 -33 0 -4 0 -25 -2 -422 484 0 10 0 74 -5 -13 18 1 0 35 0
1 0 -5 0 0 -209 1 0 0 0 0 0 3 1 0 0 0 0 1 0 0 0 -11 149 0 -1 0 0 2 6 0 -3 0 30 0 0 -13 0 -11 0 2 0 0 25 -1 0 1 0 0 0
0 0 0 0 0 0 0 0 0 0 0 91 0 0 0 0 0 0 0 0 0 0 0 0 281 0 0 0 0 0 0 0 0 0 0 0 0 0 0 450 0 0 0 0 0 0 0 0 0 0
16 0 0 0 0 6 -1 -3 -18 0 0 0 53 14 5 -2 0 0 28 0 0 1 -15 -1 0 832 0 0 3 351 1 40 25 -4 0 12 -9 0 -15 0 -31 3 0 0 -40 0 4 -2 0 -222
1 0 0 -5 0 0 -1 7 0 0 0 0 0 0 0 0 25 0 1 -124 0 2 -12 0 0 0 -529 0 2 0 0 0 0 1 0 5 1 22 14 0 2 0 -22 0 0 -361 0 0 0 0
0 -56 0 0 0 0 0 0 0 0 0 0 0 0 0 0 0 0 0 0 0 0 0 0 0 0 0 951 0 0 0 0 0 0 120 0 0 0 0 0 0 0 0 0 0 0 0 0 0 0
-1 0 0 3 0 -5 4 1 0 0 0 0 -2 0 0 0 9 -2 1 -5 0 1 57 2 0 3 2 0 530 -7 17 6 0 1 0 4 1 65 -73 0 -1 0 -11 1 3 -2 0 0 -5 0
-40 0 0 0 0 -17 2 -3 27 0 0 0 -166 -35 -13 8 0 0 -68 0 0 1 51 6 0 351 0 0 -7 -183 1 -137 39 7 0 -36 11 0 49 0 103 -7 0 3 133 0 -7 6 0 -80
-32 0 0 0 -14 1 -331 -31 3 0 0 0 0 -31 0 1 0 -96 18 -122 0 8 -106 0 0 1 0 0 17 1 34 1 -7 21 0 -125 45 174 112 0 -57 0 284 0 0 42 0 1 102 4
-74 0 0 0 0 12 -2 -3 50 0 0 0 110 28 -22 13 0 0 -126 0 0 1 -33 -3 0 40 0 0 6 -137 1 -429 48 -7 0 21 -14 0 -32 0 -57 -13 0 -1 -86 0 -14 9 0 -15
-35 2 0 0 0 0 10 51 119 0 0 0 0 -32 -12 7 0 0 -60 0 0 -13 0 0 0 25 0 0 0 39 -7 48 -668 31 1 3 67 0 0 0 -8 -7 0 0 -9 1 -7 9 0 189
1 0 -198 1 -1 18 3 123 -8 0 0 0 11 128 0 0 -1 -7 8 -9 0 -36 -4 30 0 -4 1 0 1 7 21 -7 31 232 0 -17 -107 6 2 0 43 0 39 369 34 6 1 0 -1 -13
-3 -23 0 0 0 0 0 0 3 0 0 0 0 0 0 -90 0 0 -5 0 0 0 0 0 0 0 0 120 0 0 0 0 1 0 638 0 0 0 0 0 1 0 0 0 0 0 0 1 0 0
13 0 0 5 4 2 -72 18 0 0 0 0 -12 -166 1 0 18 24 4 27 0 -3 -25 0 0 12 5 0 4 -36 -125 21 3 -17 0 245 -37 32 15 0 368 1 40 0 17 -18 1 0 43 -1
3 0 92 1 -2 -9 5 268 -17 0 0 0 23 277 0 0 -3 -16 16 -20 0 -79 -2 -13 0 -9 1 0 1 11 45 -14 67 -107 0 -37 48 12 12 0 92 0 83 -168 74 12 2 0 -3 -30
-10 0 0 24 -4 0 41 3 0 0 0 0 0 0 0 0 93 -31 7 -54 0 7 -422 0 0 0 22 0 65 0 174 0 0 6 0 32 12 -210 447 0 12 0 -120 0 -2 -28 -1 0 -56 0
-6 0 0 16 -2 35 27 2 0 0 0 0 18 7 0 0 60 -20 5 -34 0 5 484 -11 0 -15 14 0 -73 49 112 -32 0 2 0 15 12 447 113 0 24 0 -77 -5 -16 -18 0 0 -36 0
0 0 0 0 0 0 0 0 0 0 0 82 0 0 0 0 0 0 0 0 0 0 0 0 450 0 0 0 0 0 0 0 0 0 0 0 0 0 0 194 0 0 0 0 0 0 0 0 0 0
-9 1 0 2 2 -5 -10 -46 2 0 0 0 36 467 -2 1 7 9 -22 10 0 13 10 2 0 -31 2 0 -1 103 -57 -57 -8 43 1 368 92 12 24 0 -650 -1 15 1 -40 -7 -2 1 16 4
14 0 0 0 0 0 0 0 -9 0 0 0 0 0 -50 -2 0 0 24 0 0 0 0 0 0 3 0 0 0 -7 0 -13 -7 0 0 1 0 0 0 0 -1 35 0 0 0 0 3 -1 0 3
-16 0 0 -25 -7 0 -472 22 0 0 0 0 0 0 0 0 -59 -51 10 -49 0 90 74 0 0 0 -22 0 -11 0 284 0 0 39 0 40 83 -120 -77 0 15 0 -374 0 -3 68 1 0 -91 0
1 0 142 0 0 23 1 0 0 0 0 0 1 1 0 0 0 0 1 0 0 0 -5 25 0 0 0 0 1 3 0 -1 0 369 0 0 -168 0 -5 0 1 0 0 652 0 0 1 0 0 0
-1 0 0 0 1 6 15 -37 3 0 0 0 198 -27 0 1 0 2 -3 2 0 10 -13 -1 0 -40 0 0 3 133 0 -86 -9 34 0 17 74 -2 -16 0 -40 0 -3 0 642 -1 0 1 -1 5
-25 0 0 -405 -11 0 -22 -7 0 0 0 0 0 -2 0 0 -49 -80 16 -29 0 1 18 0 0 0 -361 0 -2 0 42 0 1 6 0 -18 12 -28 -18 0 -7 0 68 0 -1 -119 1 0 8 0
-7 -1 0 0 0 0 0 1 3 0 0 0 1 2 5 -1 0 0 -12 1 0 0 1 1 0 4 0 0 0 -7 0 -14 -7 1 0 1 2 -1 0 0 -2 3 1 1 0 1 -124 1 0 4
1 1 0 0 0 0 0 0 17 0 0 0 0 1 -2 1 0 0 2 0 0 1 0 0 0 -2 0 0 0 6 1 9 9 0 1 0 0 0 0 0 1 -1 0 0 1 0 1 -355 0 -2
-5 0 0 0 -2 0 109 0 0 0 0 0 0 0 0 0 0 -18 4 -23 0 0 35 0 0 0 0 0 -5 0 102 0 0 -1 0 43 -3 -56 -36 0 16 0 -91 0 -1 8 0 0 857 0
17 0 0 0 0 0 -4 -23 -52 0 0 0 0 15 4 -2 0 0 29 0 0 6 0 0 0 -222 0 0 0 -80 4 -15 189 -13 0 -1 -30 0 0 0 4 3 0 0 5 0 4 -2 0 -303

