Q_obj 
403 0 0 -4 0 95 5 -1 7 -36 -41 0 0 -112 4 0 -50 0 -279 -2 1 -48 0 -3 6 0 0 31 0 0 -3 1 59 0 -99 60 0 0 -155 157 0 5 0 14 5 -143 -96 -139 0 -49
0 246 -5 0 0 0 0 27 0 0 0 0 411 0 14 -87 -58 142 0 0 -15 0 0 0 0 0 98 1 0 0 4 0 0 516 0 0 0 3 20 0 0 0 0 0 3 0 0 0 0 0
0 -5 -374 0 0 0 0 -1 0 0 0 0 -7 0 0 6 -2 7 0 0 92 0 0 0 0 0 -6 -2 0 0 26 0 0 4 0 0 0 -17 1 0 0 0 0 0 22 0 0 0 0 0
-4 0 0 -31 0 7 0 1 9 -7 16 0 0 0 -1 0 1 0 0 0 1 0 1 226 40 0 0 3 -6 -100 -27 1 0 0 -1 5 -74 0 1 8 0 0 77 35 33 11 0 1 445 -2
0 0 0 0 -222 0 0 16 0 0 0 0 0 0 8 96 0 0 0 0 0 0 0 0 0 0 80 0 0 253 0 0 0 0 0 0 0 0 0 0 0 0 331 0 0 0 0 0 0 0
95 0 0 7 0 375 0 -10 -123 -65 -45 0 0 0 22 0 -13 0 0 177 0 10 3 -11 0 0 0 -9 1 3 -19 0 -57 0 -11 239 0 0 -42 -144 2 110 -2 4 23 109 0 137 -3 -116
5 0 0 0 0 0 705 0 3 0 -9 0 0 0 0 0 0 0 -2 0 0 -12 0 0 0 0 0 0 0 0 0 0 0 0 0 0 0 0 0 3 0 0 0 4 0 0 4 0 0 0
-1 27 -1 1 16 -10 0 432 32 15 10 0 41 0 404 -103 14 -31 0 28 -5 0 0 3 0 0 8 1 0 13 11 1 -95 -18 1 -6 0 2 -3 3 0 17 16 0 -11 -1 0 -42 0 -9
7 0 0 9 0 -123 3 32 172 -3 -156 0 0 -2 -61 0 2 0 -5 173 0 -7 49 16 -26 0 0 -2 5 10 114 0 33 0 28 -77 -5 0 4 15 37 107 -7 21 -133 3 10 5 -15 -250
-36 0 0 -7 0 -65 0 15 -3 37 3 0 0 0 -28 0 6 0 0 441 1 -3 0 30 0 0 0 5 0 -5 69 1 40 0 -1 -40 0 0 17 56 0 273 5 -1 -80 -45 0 -48 7 215
-41 0 0 16 0 -45 -9 10 -156 3 682 0 0 8 -18 0 -1 0 20 50 0 21 -172 5 94 0 0 0 -16 3 33 0 1 0 -44 -28 20 0 -3 -22 -128 31 -2 -75 -38 1 -34 23 9 -67
0 0 0 0 0 0 0 0 0 0 0 546 0 0 0 0 0 0 0 0 0 0 0 0 0 0 0 0 0 0 0 0 0 0 0 0 0 0 0 0 0 0 0 0 0 0 0 0 0 0
0 411 -7 0 0 0 0 41 0 0 0 0 108 0 21 -130 -87 212 0 0 -22 0 0 0 0 0 147 1 0 0 6 0 0 -280 0 0 0 5 29 0 0 0 0 0 5 0 0 0 0 0
-112 0 0 0 0 0 0 0 -2 0 8 0 0 -808 0 0 0 0 53 -4 0 10 0 0 0 0 0 0 0 0 0 0 0 0 0 0 0 0 0 -74 0 8 0 -2 0 0 -98 0 0 0
4 14 0 -1 8 22 0 404 -61 -28 -18 0 21 0 -159 -52 7 -16 0 -53 -2 1 1 -4 0 0 4 1 1 6 -19 0 190 -9 -1 14 0 1 -3 -4 1 -33 9 1 24 3 0 85 2 19
0 -87 6 0 96 0 0 -103 0 0 0 0 -130 0 -52 204 -43 104 0 0 18 0 0 0 0 0 -179 0 0 74 0 0 0 60 0 0 0 -3 14 0 0 0 96 0 0 0 0 0 0 0
-50 -58 -2 1 0 -13 0 14 2 6 -1 0 -87 0 7 -43 -104 -319 0 0 -7 0 45 1 12 0 49 -4 5 0 3 0 -8 41 15 -8 0 2 -261 77 -59 0 0 -3 1 21 0 21 0 8
0 142 7 0 0 0 0 -31 0 0 0 0 212 0 -16 104 -319 604 0 0 19 0 21 0 0 0 -116 0 2 0 -4 0 0 -96 0 0 0 -3 104 0 -27 0 0 0 -3 0 0 0 0 0
-279 0 0 0 0 0 -2 0 -5 0 20 0 0 53 0 0 0 0 -699 -11 0 24 0 0 0 0 0 0 0 0 0 0 0 0 0 0 0 0 0 -183 0 19 0 -7 0 0 -244 0 0 0
-2 0 0 0 0 177 0 28 173 441 50 0 0 -4 -53 0 0 0 -11 -274 0 0 0 50 0 0 0 0 0 0 172 0 0 0 0 111 0 0 0 -1 0 447 0 0 -201 0 -2 0 0 89
1 -15 92 1 0 0 0 -5 0 1 0 0 -22 0 -2 18 -7 19 0 0 -93 0 0 1 0 0 -20 21 1 0 78 0 0 11 1 0 0 124 3 -1 0 0 0 0 67 3 0 1 0 1
-48 0 0 0 0 10 -12 0 -7 -3 21 0 0 10 1 0 0 0 24 0 0 760 170 0 0 0 0 0 17 0 0 0 9 0 48 6 0 0 0 -32 127 0 0 -7 1 0 -42 -19 0 -3
0 0 0 1 0 3 0 0 49 0 -172 0 0 0 1 0 45 21 0 0 0 170 -458 0 0 0 0 -3 -122 0 0 1 8 0 8 2 0 0 -14 0 -80 0 0 66 1 19 0 -18 0 -1
-3 0 0 226 0 -11 0 3 16 30 5 0 0 0 -4 0 1 0 0 50 1 0 0 461 0 0 0 1 0 0 -68 1 3 0 1 -7 -265 0 2 6 0 31 1 0 81 -11 0 -5 214 -30
6 0 0 40 0 0 0 0 -26 0 94 0 0 0 0 0 12 0 0 0 0 0 0 0 -111 0 0 0 0 0 0 0 0 0 0 0 64 0 35 -7 0 0 0 266 0 -1 0 0 38 0
0 0 0 0 0 0 0 0 0 0 0 0 0 0 0 0 0 0 0 0 0 0 0 0 0 -21 0 0 0 0 0 0 0 0 0 0 0 0 0 0 0 0 0 0 0 0 0 0 0 0
0 98 -6 0 80 0 0 8 0 0 0 0 147 0 4 -179 49 -116 0 0 -20 0 0 0 0 0 246 1 0 62 0 0 0 -66 0 0 0 4 -15 0 0 0 81 0 0 0 0 0 0 0
31 1 -2 3 0 -9 0 1 -2 5 0 0 1 0 1 0 -4 0 0 0 21 0 -3 1 0 0 1 751 40 0 -2 0 -1 0 5 -5 0 -2 -13 -46 0 0 0 0 -1 96 0 4 0 8
0 0 0 -6 0 1 0 0 5 0 -16 0 0 0 1 0 5 2 0 0 1 17 -122 0 0 0 0 40 824 0 0 0 -58 0 69 1 0 0 -1 0 -7 0 0 7 1 -199 0 141 0 0
0 0 0 -100 253 3 0 13 10 -5 3 0 0 0 6 74 0 0 0 0 0 0 0 0 0 0 62 0 0 -241 -2 0 0 0 0 2 0 0 0 0 0 0 166 0 4 4 0 0 107 11
-3 4 26 -27 0 -19 0 11 114 69 33 0 6 0 -19 0 3 -4 0 172 78 0 0 -68 0 0 0 -2 0 -2 -287 1 2 -2 4 -12 29 -14 2 6 0 107 3 0 -138 -1 0 -4 -20 -41
1 0 0 1 0 0 0 1 0 1 0 0 0 0 0 0 0 0 0 0 0 0 1 1 0 0 0 0 0 0 1 452 0 0 1 0 0 0 0 0 0 0 0 0 0 1 0 1 0 1
59 0 0 0 0 -57 0 -95 33 40 1 0 0 0 190 0 -8 0 0 0 0 9 8 3 0 0 0 -1 -58 0 2 0 -117 0 7 -35 0 0 -26 -88 2 0 0 4 -1 -1 0 -175 0 33
0 516 4 0 0 0 0 -18 0 0 0 0 -280 0 -9 60 41 -96 0 0 11 0 0 0 0 0 -66 0 0 0 -2 0 0 648 0 0 0 -2 -13 0 0 0 0 0 -1 0 0 0 0 0
-99 0 0 -1 0 -11 0 1 28 -1 -44 0 0 0 -1 0 15 0 0 0 1 48 8 1 0 0 0 5 69 0 4 1 7 0 218 -7 0 0 45 151 11 0 0 19 -4 -35 0 -14 0 -8
60 0 0 5 0 239 0 -6 -77 -40 -28 0 0 0 14 0 -8 0 0 111 0 6 2 -7 0 0 0 -5 1 2 -12 0 -35 0 -7 144 0 0 -26 -90 2 69 -1 3 15 69 0 86 -2 -73
0 0 0 -74 0 0 0 0 -5 0 20 0 0 0 0 0 0 0 0 0 0 0 0 -265 64 0 0 0 0 0 29 0 0 0 0 0 357 0 -2 1 0 0 0 56 -34 3 0 0 -70 15
0 3 -17 0 0 0 0 2 0 0 0 0 5 0 1 -3 2 -3 0 0 124 0 0 0 0 0 4 -2 0 0 -14 0 0 -2 0 0 0 524 0 0 0 0 0 0 -12 0 0 0 0 0
-155 20 1 1 0 -42 0 -3 4 17 -3 0 29 0 -3 14 -261 104 0 0 3 0 -14 2 35 0 -15 -13 -1 0 2 0 -26 -13 45 -26 -2 0 -826 236 20 0 0 -11 -2 65 0 63 -1 23
157 0 0 8 0 -144 3 3 15 56 -22 0 0 -74 -4 0 77 0 -183 -1 -1 -32 0 6 -7 0 0 -46 0 0 6 0 -88 0 151 -90 1 0 236 269 0 4 0 13 -6 219 -63 212 1 76
0 0 0 0 0 2 0 0 37 0 -128 0 0 0 1 0 -59 -27 0 0 0 127 -80 0 0 0 0 0 -7 0 0 0 2 0 11 2 0 0 20 0 -420 0 0 49 1 0 0 -4 0 0
5 0 0 0 0 110 0 17 107 273 31 0 0 8 -33 0 0 0 19 447 0 0 0 31 0 0 0 0 0 0 107 0 0 0 0 69 0 0 0 4 0 -719 0 0 -124 0 5 0 0 55
0 0 0 77 331 -2 0 16 -7 5 -2 0 0 0 9 96 0 0 0 0 0 0 0 1 0 0 81 0 0 166 3 0 0 0 0 -1 0 0 0 0 0 0 -150 0 -2 -2 0 0 -81 -8
14 0 0 35 0 4 4 0 21 -1 -75 0 0 -2 1 0 -3 0 -7 0 0 -7 66 0 266 0 0 0 7 0 0 0 4 0 19 3 56 0 -11 13 49 0 0 541 1 -1 14 -7 33 -1
5 3 22 33 0 23 0 -11 -133 -80 -38 0 5 0 24 0 1 -3 0 -201 67 1 1 81 0 0 0 -1 1 4 -138 0 -1 -1 -4 15 -34 -12 -2 -6 1 -124 -2 1 -242 2 0 5 24 49
-143 0 0 11 0 109 0 -1 3 -45 1 0 0 0 3 0 21 0 0 0 3 0 19 -11 -1 0 0 96 -199 4 -1 1 -1 0 -35 69 3 0 65 219 0 0 -2 -1 2 300 0 5 -13 -65
-96 0 0 0 0 0 4 0 10 0 -34 0 0 -98 0 0 0 0 -244 -2 0 -42 0 0 0 0 0 0 0 0 0 0 0 0 0 0 0 0 0 -63 0 5 0 14 0 0 580 0 0 0
-139 0 0 1 0 137 0 -42 5 -48 23 0 0 0 85 0 21 0 0 0 1 -19 -18 -5 0 0 0 4 141 0 -4 1 -175 0 -14 86 0 0 63 212 -4 0 0 -7 5 5 0 228 0 -77
0 0 0 445 0 -3 0 0 -15 7 9 0 0 0 2 0 0 0 0 0 0 0 0 214 38 0 0 0 0 107 -20 0 0 0 0 -2 -70 0 -1 1 0 0 -81 33 24 -13 0 0 -79 -25
-49 0 0 -2 0 -116 0 -9 -250 215 -67 0 0 0 19 0 8 0 0 89 1 -3 -1 -30 0 0 0 8 0 11 -41 1 33 0 -8 -73 15 0 23 76 0 55 -8 -1 49 -65 0 -77 -25 122

