Q_obj 
-230 0 0 0 0 0 -12 -25 0 11 -25 0 0 -47 86 0 0 0 0 0 0 0 73 41 -10 0 0 0 0 0 0 4 -7 0 0 1 0 0 0 0 -16 0 197 0 0 9 0 0 0 3
0 282 0 1 0 -65 -59 0 0 37 -16 -144 0 0 -19 -24 0 132 0 -1 -11 0 19 0 38 0 0 0 76 0 0 -62 0 2 -52 0 0 -1 6 4 40 -194 0 0 0 0 0 183 0 43
0 0 555 0 0 8 0 0 0 -1 0 0 0 0 0 0 0 0 0 -43 0 0 0 0 0 0 0 0 0 0 0 0 0 1 0 0 -291 0 0 0 0 -2 0 0 0 0 0 0 0 0
0 1 0 -212 0 0 -1 0 0 1 0 1 0 0 0 0 0 0 0 0 0 0 1 0 0 0 0 0 0 0 1 1 0 0 0 1 0 0 1 1 2 1 0 0 1 0 0 0 0 1
0 0 0 0 -419 0 0 0 0 0 0 0 0 0 0 0 0 0 0 0 0 0 0 0 0 0 0 0 0 0 0 0 0 0 0 0 0 0 0 0 0 0 0 0 0 0 0 0 0 0
0 -65 8 0 0 646 0 0 0 -6 1 0 0 0 0 0 0 0 0 4 0 0 0 0 0 0 0 0 0 0 0 7 0 0 5 1 25 0 0 0 0 19 0 0 0 0 0 -70 0 27
-12 -59 0 -1 0 0 -77 -9 0 121 -314 -2 0 -9 -57 32 1 -149 -18 -5 -9 0 -60 24 -134 -18 -1 0 -85 0 0 48 2 1 -184 7 1 0 86 -135 418 51 72 -1 -1 4 1 64 0 50
-25 0 0 0 0 0 -9 -54 0 12 -18 0 0 -37 63 0 0 0 -3 103 0 0 53 30 -7 0 0 0 1 0 0 3 -3 0 0 1 -15 0 0 0 -11 0 42 0 0 75 108 0 -14 3
0 0 0 0 0 0 0 0 -589 0 0 0 0 0 0 0 0 0 0 0 0 0 0 0 0 0 0 0 0 0 0 0 0 0 0 0 0 0 0 0 0 0 0 0 0 0 0 0 0 0
11 37 -1 1 0 -6 121 12 0 696 213 144 0 15 53 -28 0 13 2 -60 -1 0 42 -11 180 1 1 0 8 0 0 -43 2 1 -4 0 9 -10 1 1 165 -17 -56 1 2 2 3 18 0 189
-25 -16 0 0 0 1 -314 -18 0 213 201 -13 0 -35 -86 131 0 -3 0 -9 0 0 -149 30 -223 0 1 0 0 0 0 12 -3 1 4 2 0 0 -13 -8 -391 23 145 1 -2 7 0 -11 0 41
0 -144 0 1 0 0 -2 0 0 144 -13 735 0 0 -30 -38 0 2 0 -2 0 0 30 0 56 0 0 0 0 0 0 -20 0 1 4 0 0 0 9 6 -8 8 0 0 0 0 0 0 0 -317
0 0 0 0 0 0 0 0 0 0 0 0 198 0 0 0 0 0 0 0 0 0 0 0 0 0 0 0 0 0 0 0 0 0 0 0 0 0 0 0 0 0 0 0 0 0 0 0 0 0
-47 0 0 0 0 0 -9 -37 0 15 -35 0 0 153 119 0 0 -16 232 6 0 0 100 -677 -15 0 0 0 39 0 0 6 -128 0 0 -1 0 0 1 0 -28 1 291 19 0 12 0 0 0 4
86 -19 0 0 0 0 -57 63 0 53 -86 -30 0 119 70 391 0 -10 0 -1 0 0 245 -98 -28 -1 0 0 0 0 0 14 12 0 -6 1 0 0 -39 -26 -43 2 -488 0 1 -20 0 0 0 -34
0 -24 0 0 0 0 32 0 0 -28 131 -38 0 0 391 579 0 -24 0 2 0 0 -371 0 67 0 0 0 0 0 0 -19 0 1 -13 0 0 0 -106 -70 110 4 0 0 2 0 0 0 0 -65
0 0 0 0 0 0 1 0 0 0 0 0 0 0 0 0 126 1 0 0 0 0 0 0 0 0 0 0 0 0 -30 0 0 0 1 0 0 0 0 0 0 0 0 0 0 0 0 0 0 0
0 132 0 0 0 0 -149 0 0 13 -3 2 0 -16 -10 -24 1 -173 41 1 22 0 11 -21 -2 -12 -1 0 193 0 0 1 -7 2 -131 4 0 0 66 -94 114 36 0 3 0 0 0 -142 0 -50
0 0 0 0 0 0 -18 -3 0 2 0 0 0 232 0 0 0 41 390 32 0 0 0 289 1 0 1 0 -91 0 0 1 100 1 1 1 -4 0 0 1 15 0 0 -9 1 -3 -1 0 0 1
0 -1 -43 0 0 4 -5 103 0 -60 -9 -2 0 6 -1 2 0 1 32 -722 0 0 -2 8 -8 0 0 0 -2 0 0 2 3 0 0 1 197 1 0 0 -6 -1 12 0 0 87 52 0 -3 -18
0 -11 0 0 0 0 -9 0 0 -1 0 0 0 0 0 0 0 22 0 0 444 0 0 0 0 0 0 0 13 0 0 0 0 0 0 0 0 0 0 0 8 0 0 0 0 0 0 13 0 5
0 0 0 0 0 0 0 0 0 0 0 0 0 0 0 0 0 0 0 0 0 -48 0 0 0 0 0 0 0 0 0 0 0 0 0 0 0 0 0 0 0 0 0 0 0 0 0 0 0 0
73 19 0 1 0 0 -60 53 0 42 -149 30 0 100 245 -371 0 11 0 -2 0 0 -71 -83 -71 2 0 0 0 0 0 23 10 0 6 2 0 0 38 25 -106 -1 -410 0 -2 -17 0 0 0 55
41 0 0 0 0 0 24 30 0 -11 30 0 0 -677 -98 0 0 -21 289 8 0 0 -83 -153 13 0 0 0 48 0 0 -4 -147 0 0 -1 -1 0 1 0 12 1 -241 24 0 -11 0 0 0 -2
-10 38 0 0 0 0 -134 -7 0 180 -223 56 0 -15 -28 67 0 -2 1 -8 0 0 -71 13 751 0 0 0 1 0 0 32 -1 0 0 1 0 -11 -7 -5 -165 1 62 0 -1 3 0 0 0 133
0 0 0 0 0 0 -18 0 0 1 0 0 0 0 -1 0 0 -12 0 0 0 0 2 0 0 38 0 0 0 0 0 1 0 0 -7 1 0 0 0 0 14 2 0 0 1 0 0 0 0 1
0 0 0 0 0 0 -1 0 0 1 1 0 0 0 0 0 0 -1 1 0 0 0 0 0 0 0 809 0 1 0 0 0 0 -73 -4 -268 0 0 3 -4 2 2 0 -19 -145 0 0 0 0 1
0 0 0 0 0 0 0 0 0 0 0 0 0 0 0 0 0 0 0 0 0 0 0 0 0 0 0 316 0 0 0 0 0 0 0 0 0 0 0 0 0 0 0 0 0 0 0 0 0 0
0 76 0 0 0 0 -85 1 0 8 0 0 0 39 0 0 0 193 -91 -2 13 0 0 48 1 0 1 0 -390 0 0 1 17 1 1 1 1 0 0 1 68 0 1 -7 1 1 1 -83 0 -31
0 0 0 0 0 0 0 0 0 0 0 0 0 0 0 0 0 0 0 0 0 0 0 0 0 0 0 0 0 125 0 0 0 0 0 0 0 0 0 0 0 0 0 0 0 0 0 0 0 0
0 0 0 1 0 0 0 0 0 0 0 0 0 0 0 0 -30 0 0 0 0 0 0 0 0 0 0 0 0 0 412 0 0 0 0 0 0 0 0 0 1 1 0 0 1 0 0 0 0 0
4 -62 0 1 0 7 48 3 0 -43 12 -20 0 6 14 -19 0 1 1 2 0 0 23 -4 32 1 0 0 1 0 0 272 1 -2 40 1 -2 0 2 2 60 144 -21 0 1 0 0 -73 0 34
-7 0 0 0 0 0 2 -3 0 2 -3 0 0 -128 12 0 0 -7 100 3 0 0 10 -147 -1 0 0 0 17 0 0 1 -22 0 0 0 0 0 1 0 -4 1 26 8 0 1 0 0 0 1
0 2 1 0 0 0 1 0 0 1 1 1 0 0 0 1 0 2 1 0 0 0 0 0 0 0 -73 0 1 0 0 -2 0 106 -7 -138 1 0 3 -3 -2 0 1 -18 6 1 0 2 0 0
0 -52 0 0 0 5 -184 0 0 -4 4 4 0 0 -6 -13 1 -131 1 0 0 0 6 0 0 -7 -4 0 1 0 0 40 0 -7 400 -26 -1 0 -432 656 143 69 0 0 14 0 0 -56 0 23
1 0 0 1 0 1 7 1 0 0 2 0 0 -1 1 0 0 4 1 1 0 0 2 -1 1 1 -268 0 1 0 0 1 0 -138 -26 -363 0 0 10 -14 -3 8 0 -66 21 0 0 0 0 1
0 0 -291 0 0 25 1 -15 0 9 0 0 0 0 0 0 0 0 -4 197 0 0 0 -1 0 0 0 0 1 0 0 -2 0 1 -1 0 547 0 0 0 0 -6 -1 0 0 -13 -7 0 1 2
0 -1 0 0 0 0 0 0 0 -10 0 0 0 0 0 0 0 0 0 1 0 0 0 0 -11 0 0 0 0 0 0 0 0 0 0 0 0 453 0 0 0 0 0 0 0 0 0 0 0 -6
0 6 0 1 0 0 86 0 0 1 -13 9 0 1 -39 -106 0 66 0 0 0 0 38 1 -7 0 3 0 0 0 0 2 1 3 -432 10 0 0 -449 -34 -80 118 0 1 -9 0 0 0 0 13
0 4 0 1 0 0 -135 0 0 1 -8 6 0 0 -26 -70 0 -94 1 0 0 0 25 0 -5 0 -4 0 1 0 0 2 0 -3 656 -14 0 0 -34 -420 97 -178 0 0 15 0 0 0 0 9
-16 40 0 2 0 0 418 -11 0 165 -391 -8 0 -28 -43 110 0 114 15 -6 8 0 -106 12 -165 14 2 0 68 0 1 60 -4 -2 143 -3 0 0 -80 97 140 -38 92 2 -1 4 0 -49 0 6
0 -194 -2 1 0 19 51 0 0 -17 23 8 0 1 2 4 0 36 0 -1 0 0 -1 1 1 2 2 0 0 0 1 144 1 0 69 8 -6 0 118 -178 -38 634 0 1 -3 0 0 -206 0 76
197 0 0 0 0 0 72 42 0 -56 145 0 0 291 -488 0 0 0 0 12 0 0 -410 -241 62 0 0 0 1 0 0 -21 26 1 0 0 -1 0 0 0 92 0 -398 0 0 -1 6 0 -1 -13
0 0 0 0 0 0 -1 0 0 1 1 0 0 19 0 0 0 3 -9 0 0 0 0 24 0 0 -19 0 -7 0 0 0 8 -18 0 -66 0 0 1 0 2 1 0 -18 -36 0 0 0 0 1
0 0 0 1 0 0 -1 0 0 2 -2 0 0 0 1 2 0 0 1 0 0 0 -2 0 -1 1 -145 0 1 0 1 1 0 6 14 21 0 0 -9 15 -1 -3 0 -36 -432 0 0 0 0 1
9 0 0 0 0 0 4 75 0 2 7 0 0 12 -20 0 0 0 -3 87 0 0 -17 -11 3 0 0 0 1 0 0 0 1 1 0 0 -13 0 0 0 4 0 -1 0 0 -140 201 0 -12 1
0 0 0 0 0 0 1 108 0 3 0 0 0 0 0 0 0 0 -1 52 0 0 0 0 0 0 0 0 1 0 0 0 0 0 0 0 -7 0 0 0 0 0 6 0 0 201 -488 0 -7 1
0 183 0 0 0 -70 64 0 0 18 -11 0 0 0 0 0 0 -142 0 0 13 0 0 0 0 0 0 0 -83 0 0 -73 0 2 -56 0 0 0 0 0 -49 -206 0 0 0 0 0 263 0 -74
0 0 0 0 0 0 0 -14 0 0 0 0 0 0 0 0 0 0 0 -3 0 0 0 0 0 0 0 0 0 0 0 0 0 0 0 0 1 0 0 0 0 0 -1 0 0 -12 -7 0 -26 0
3 43 0 1 0 27 50 3 0 189 41 -317 0 4 -34 -65 0 -50 1 -18 5 0 55 -2 133 1 1 0 -31 0 0 34 1 0 23 1 2 -6 13 9 6 76 -13 1 1 1 1 -74 0 416

