Q_obj 
243 0 -1 49 37 0 0 0 0 26 0 -55 1 -121 0 2 0 0 0 -45 -25 -5 0 -148 -9 31 74 0 76 139 0 0 11 -21 -37 -3 108 0 0 10 0 71 0 -22 0 39 0 0 -102 63
0 826 0 3 0 0 0 0 0 1 0 0 0 0 0 0 0 0 0 0 0 0 -21 0 0 0 0 0 0 0 1 0 0 0 3 1 0 0 3 0 -1 0 -23 0 0 0 -2 0 0 0
-1 0 -49 -31 0 0 0 0 0 0 504 0 -151 -27 53 72 27 0 124 0 0 0 -8 0 0 2 4 0 -40 0 15 46 56 46 -40 -13 -1 0 2 9 0 0 0 12 -15 0 0 57 -2 16
49 3 -31 -135 74 5 0 0 0 -6 -36 0 -12 21 30 26 14 0 80 26 26 2 -36 0 0 1 1 -2 -9 -124 2 -35 -5 0 387 -34 -35 0 7 7 -2 1 -27 14 2 -4 -5 0 23 0
37 0 0 74 179 0 0 0 0 0 0 0 0 -155 0 0 0 0 0 -68 -17 24 0 0 23 0 0 0 97 203 0 0 0 23 -56 0 -25 0 0 -47 0 -64 0 -28 0 0 0 0 -172 -64
0 0 0 5 0 654 0 0 0 -1 0 0 0 0 16 6 0 0 0 0 0 0 -39 0 0 -115 49 181 0 0 -98 14 0 0 6 -10 0 0 -330 0 208 0 -44 0 0 0 382 0 0 0
0 0 0 0 0 0 370 0 0 11 0 0 0 0 0 1 0 0 0 0 0 0 0 0 0 0 0 0 0 0 0 0 0 0 0 -1 0 0 0 -7 0 0 0 0 0 0 0 0 3 0
0 0 0 0 0 0 0 620 0 0 0 0 0 0 0 0 0 -7 0 0 0 0 0 0 0 0 0 0 0 0 0 0 0 0 0 0 0 0 0 0 0 0 0 0 0 0 0 0 0 0
0 0 0 0 0 0 0 0 -182 0 0 0 0 0 0 0 0 0 0 0 0 0 0 0 0 0 0 0 0 0 0 0 0 0 0 0 0 303 0 0 0 0 0 0 0 0 0 0 0 0
26 1 0 -6 0 -1 11 0 0 193 -4 -34 -3 -10 0 -23 5 0 27 0 -8 12 -2 -91 0 -24 -60 2 2 0 0 0 -54 0 -8 56 37 0 0 -220 2 5 0 -24 -3 25 3 0 76 0
0 0 504 -36 0 0 0 0 0 -4 -206 0 287 5 -7 -152 -274 0 145 0 0 0 -10 0 0 1 2 0 7 0 -2 -6 44 -6 -47 -125 0 0 2 5 0 0 0 -1 3 0 0 -14 -1 -2
-55 0 0 0 0 0 0 0 0 -34 0 217 0 -27 0 -2 0 0 0 0 0 0 0 -222 0 55 131 0 18 0 0 0 0 0 0 5 -78 0 0 -38 0 0 0 -5 0 89 0 0 46 0
1 0 -151 -12 0 0 0 0 0 -3 287 0 -82 114 -217 -22 -108 0 49 0 0 0 -3 0 0 0 0 0 170 0 -59 -188 -8 -190 -15 -28 1 0 1 -1 0 0 0 -49 66 0 0 -172 1 -65
-121 0 -27 21 -155 0 0 0 0 -10 5 -27 114 -157 -74 -16 63 0 0 -53 -60 5 1 -13 0 18 43 0 78 264 -20 -64 -4 -122 -15 -1 49 0 0 -90 0 2 0 -30 13 29 0 -77 -269 -41
0 0 53 30 0 16 0 0 0 0 -7 0 -217 -74 36 27 -120 0 3 0 0 0 -279 0 0 0 1 -8 -111 0 24 60 9 235 38 12 0 0 7 0 29 0 265 33 -43 0 -7 148 0 81
2 0 72 26 0 6 1 0 0 -23 -152 -2 -22 -16 27 36 -51 0 -102 0 0 1 9 -6 0 -1 -3 -2 -5 0 8 23 -2 23 34 -236 3 0 1 -13 -2 1 1 66 2 2 -5 32 5 8
0 0 27 14 0 0 0 0 0 5 -274 0 -108 63 -120 -51 -302 0 -52 0 0 0 4 0 0 1 1 0 94 0 -33 -104 -13 -105 18 -5 0 0 0 2 0 0 0 -27 37 0 0 -61 0 -35
0 0 0 0 0 0 0 -7 0 0 0 0 0 0 0 0 0 609 0 0 0 0 0 0 0 0 0 0 0 0 0 0 0 0 0 0 0 0 0 0 0 0 0 0 0 0 0 0 0 0
0 0 124 80 0 0 0 0 0 27 145 0 49 0 3 -102 -52 0 99 0 0 0 23 0 0 0 0 0 -11 0 1 2 21 3 103 137 0 0 -6 0 0 0 0 -40 -7 0 0 0 0 1
-45 0 0 26 -68 0 0 0 0 0 0 0 0 -53 0 0 0 0 0 -203 -6 0 0 0 0 0 0 0 34 116 0 0 0 0 -19 0 33 0 0 -16 0 0 0 -9 0 0 0 0 -59 0
-25 0 0 26 -17 0 0 0 0 -8 0 0 0 -60 0 0 0 0 0 -6 894 114 0 -55 0 14 33 0 38 31 0 0 0 0 -19 2 -10 0 0 -25 0 42 0 -10 0 -236 0 0 -48 0
-5 0 0 2 24 0 0 0 0 12 0 0 0 5 0 1 0 0 0 0 114 42 0 72 12 -17 -42 0 -2 0 0 0 0 0 -1 -1 43 0 0 12 0 377 0 1 0 308 0 0 -19 0
0 -21 -8 -36 0 -39 0 0 0 -2 -10 0 -3 1 -279 9 4 0 23 0 0 0 693 0 0 2 0 23 1 0 -13 327 -1 0 -46 -11 0 0 -43 0 28 0 254 3 1 0 51 0 0 0
-148 0 0 0 0 0 0 0 0 -91 0 -222 0 -13 0 -6 0 0 0 0 -55 72 0 17 0 145 350 0 9 0 0 0 0 0 1 14 -209 0 0 -120 0 27 0 -2 0 156 0 0 56 0
-9 0 0 0 23 0 0 0 0 0 0 0 0 0 0 0 0 0 0 0 0 12 0 0 58 0 0 0 0 8 0 0 0 -111 0 0 8 0 0 0 0 -31 0 0 0 0 0 0 0 328
31 0 2 1 0 -115 0 0 0 -24 1 55 0 18 0 -1 1 0 0 0 14 -17 2 145 0 -81 153 65 -10 0 5 0 -10 0 0 5 44 0 14 -40 -8 -6 2 4 0 -37 -15 0 -12 0
74 0 4 1 0 49 0 0 0 -60 2 131 0 43 1 -3 1 0 0 0 33 -42 0 350 0 153 223 -26 -26 0 -1 1 -25 0 0 9 105 0 -5 -97 4 -15 0 8 0 -91 7 0 -30 0
0 0 0 -2 0 181 0 0 0 2 0 0 0 0 -8 -2 0 0 0 0 0 0 23 0 0 65 -26 675 0 0 55 -7 0 0 -3 6 0 0 185 0 -115 0 25 0 0 0 -212 0 0 0
76 0 -40 -9 97 0 0 0 0 2 7 18 170 78 -111 -5 94 0 -11 34 38 -2 1 9 0 -10 -26 0 -69 -163 -30 -96 -6 -182 14 -41 -30 0 2 57 0 -1 0 59 31 -17 0 -114 167 -62
139 0 0 -124 203 0 0 0 0 0 0 0 0 264 0 0 0 0 0 116 31 0 0 0 8 0 0 0 -163 73 0 0 0 1 97 0 -97 0 0 81 0 0 0 48 0 0 0 0 293 -1
0 1 15 2 0 -98 0 0 0 0 -2 0 -59 -20 24 8 -33 0 1 0 0 0 -13 0 0 5 -1 55 -30 0 -58 21 3 65 2 2 0 0 -44 0 -183 0 -14 9 -11 0 51 41 0 23
0 0 46 -35 0 14 0 0 0 0 -6 0 -188 -64 60 23 -104 0 2 0 0 0 327 0 0 0 1 -7 -96 0 21 19 8 204 -45 11 0 0 7 0 25 0 -301 29 -37 0 -6 129 0 70
11 0 56 -5 0 0 0 0 0 -54 44 0 -8 -4 9 -2 -13 0 21 0 0 0 -1 0 0 -10 -25 0 -6 0 3 8 -206 8 -6 1 16 0 1 -73 0 0 0 2 -2 0 0 10 21 3
-21 0 46 0 23 0 0 0 0 0 -6 0 -190 -122 235 23 -105 0 3 0 0 0 0 0 -111 0 0 0 -182 1 65 204 8 -226 0 11 16 0 1 0 0 0 0 54 -70 0 0 130 0 -201
-37 3 -40 387 -56 6 0 0 0 -8 -47 0 -15 -15 38 34 18 0 103 -19 -19 -1 -46 1 0 0 0 -3 14 97 2 -45 -6 0 64 -44 28 0 9 -4 -3 0 -34 11 3 4 -6 0 -17 0
-3 1 -13 -34 0 -10 -1 0 0 56 -125 5 -28 -1 12 -236 -5 0 137 0 2 -1 -11 14 0 5 9 6 -41 0 2 11 1 11 -44 458 -5 0 -1 33 7 0 -1 -123 -23 -3 13 15 -10 4
108 0 -1 -35 -25 0 0 0 0 37 0 -78 1 49 0 3 0 0 0 33 -10 43 0 -209 8 44 105 0 -30 -97 0 0 16 16 28 -5 319 0 0 81 0 -36 0 9 0 55 0 0 100 -44
0 0 0 0 0 0 0 0 303 0 0 0 0 0 0 0 0 0 0 0 0 0 0 0 0 0 0 0 0 0 0 0 0 0 0 0 0 -84 0 0 0 0 0 0 0 0 0 0 0 0
0 3 2 7 0 -330 0 0 0 0 2 0 1 0 7 1 0 0 -6 0 0 0 -43 0 0 14 -5 185 2 0 -44 7 1 1 9 -1 0 0 540 0 192 0 -48 6 1 0 375 0 0 1
10 0 9 7 -47 0 -7 0 0 -220 5 -38 -1 -90 0 -13 2 0 0 -16 -25 12 0 -120 0 -40 -97 0 57 81 0 0 -73 0 -4 33 81 0 0 13 0 5 0 -16 0 30 0 0 -34 0
0 -1 0 -2 0 208 0 0 0 2 0 0 0 0 29 -2 0 0 0 0 0 0 28 0 0 -8 4 -115 0 0 -183 25 0 0 -3 7 0 0 192 0 597 0 31 0 0 0 -220 0 0 0
71 0 0 1 -64 0 0 0 0 5 0 0 0 2 0 1 0 0 0 0 42 377 0 27 -31 -6 -15 0 -1 0 0 0 0 0 0 0 -36 0 0 5 0 -834 0 1 0 115 0 0 -7 0
0 -23 0 -27 0 -44 0 0 0 0 0 0 0 0 265 1 0 0 0 0 0 0 254 0 0 2 0 25 0 0 -14 -301 0 0 -34 -1 0 0 -48 0 31 0 746 0 0 0 56 0 0 0
-22 0 12 14 -28 0 0 0 0 -24 -1 -5 -49 -30 33 66 -27 0 -40 -9 -10 1 3 -2 0 4 8 0 59 48 9 29 2 54 11 -123 9 0 6 -16 0 1 0 155 35 6 0 34 -48 19
0 0 -15 2 0 0 0 0 0 -3 3 0 66 13 -43 2 37 0 -7 0 0 0 1 0 0 0 0 0 31 0 -11 -37 -2 -70 3 -23 0 0 1 0 0 0 0 35 -94 0 0 -44 0 -24
39 0 0 -4 0 0 0 0 0 25 0 89 0 29 0 2 0 0 0 0 -236 308 0 156 0 -37 -91 0 -17 0 0 0 0 0 4 -3 55 0 0 30 0 115 0 6 0 223 0 0 -22 0
0 -2 0 -5 0 382 0 0 0 3 0 0 0 0 -7 -5 0 0 0 0 0 0 51 0 0 -15 7 -212 0 0 51 -6 0 0 -6 13 0 0 375 0 -220 0 56 0 0 0 434 0 0 0
0 0 57 0 0 0 0 0 0 0 -14 0 -172 -77 148 32 -61 0 0 0 0 0 0 0 0 0 0 0 -114 0 41 129 10 130 0 15 0 0 0 0 0 0 0 34 -44 0 0 -252 0 45
-102 0 -2 23 -172 0 3 0 0 76 -1 46 1 -269 0 5 0 0 0 -59 -48 -19 0 56 0 -12 -30 0 167 293 0 0 21 0 -17 -10 100 0 0 -34 0 -7 0 -48 0 -22 0 0 -185 0
63 0 16 0 -64 0 0 0 0 0 -2 0 -65 -41 81 8 -35 0 1 0 0 0 0 0 328 0 0 0 -62 -1 23 70 3 -201 0 4 -44 0 1 0 0 0 0 19 -24 0 0 45 0 294

