Q_obj 
357 0 1 0 79 0 46 -62 -272 0 7 0 6 384 -259 0 0 0 0 1 -8 0 0 0 0 0 0 246 1 10 0 0 0 104 0 0 0 1 0 -118 0 64 0 0 0 1 0 0 1 -143
0 624 171 -28 1 0 8 0 19 0 -11 0 -2 1 -19 0 0 0 0 105 16 0 0 0 0 0 4 0 -3 -14 -19 11 0 0 0 0 0 16 -211 1 0 1 28 0 -13 -15 -27 -5 -39 0
1 171 503 0 0 0 0 1 0 0 6 0 -18 -1 0 0 0 0 0 -486 -7 0 0 5 0 0 0 1 11 0 0 -30 0 1 0 0 0 -141 0 0 0 1 -80 0 129 47 260 0 115 1
0 -28 0 -376 0 0 82 0 -19 0 -107 0 -97 0 20 0 0 0 0 -21 142 0 0 0 0 0 -6 0 0 -168 -66 0 0 0 0 0 0 8 98 0 0 4 0 0 -7 0 -14 -18 0 0
79 1 0 0 -510 0 -25 33 -18 0 -3 0 -2 17 -17 0 0 0 0 0 5 0 0 1 0 0 0 41 0 -4 0 1 0 10 0 0 0 0 0 -21 0 5 1 0 1 0 1 0 0 181
0 0 0 0 0 32 0 0 0 0 2 0 -3 0 0 0 0 0 0 0 -1 0 0 0 0 0 0 0 -4 1 5 -2 0 0 -15 0 -3 0 0 0 21 0 1 0 0 -2 0 -15 1 0
46 8 0 82 -25 0 447 -301 -5 0 93 0 85 -80 -15 0 0 0 0 6 -122 0 0 11 0 0 2 53 0 146 17 1 0 16 0 0 0 -1 -24 -12 0 33 1 0 2 0 4 5 0 47
-62 0 1 0 33 0 -301 658 16 0 -38 0 -34 103 15 0 0 0 0 1 51 0 0 0 0 0 0 -69 1 -59 0 0 0 -7 0 0 0 1 0 18 0 -19 0 0 0 1 0 0 1 -59
-272 19 0 -19 -18 0 -5 16 -473 0 -7 0 -7 -112 -422 0 0 0 0 -183 11 0 0 -4 0 0 -98 -122 0 -12 -84 1 0 -33 0 0 0 126 -141 76 0 -20 1 0 -114 0 -230 -23 0 35
0 0 0 0 0 0 0 0 0 408 0 0 0 0 0 0 0 0 0 0 0 0 0 0 0 0 0 0 0 0 0 0 0 0 0 0 0 0 0 0 0 0 0 0 0 0 0 0 0 0
7 -11 6 -107 -3 2 93 -38 -7 0 532 0 -90 -10 6 6 -12 0 1 -1 278 0 -6 0 -2 0 -2 7 5 -189 -20 -3 0 1 20 0 0 5 33 -1 11 5 20 0 -3 -17 -7 -13 4 6
0 0 0 0 0 0 0 0 0 0 0 -505 0 0 0 0 0 0 0 0 0 0 0 0 0 0 0 0 0 0 0 0 0 0 0 0 0 0 0 0 0 0 0 0 0 0 0 0 0 0
6 -2 -18 -97 -2 -3 85 -34 -7 0 -90 0 358 -9 5 -17 37 0 0 -24 120 0 21 1 7 0 -1 7 -12 -175 -26 7 0 1 -59 0 0 -2 30 -1 -31 5 -69 0 3 52 6 17 -19 6
384 1 -1 0 17 0 -80 103 -112 0 -10 0 -9 -367 -106 0 0 0 0 -1 14 0 0 1 0 0 0 248 0 -15 0 1 0 48 0 0 0 0 0 -105 0 25 1 0 1 0 1 0 0 609
-259 -19 0 20 -17 0 -15 15 -422 0 6 0 5 -106 -431 0 0 0 0 193 -6 0 0 5 0 0 104 -116 0 9 89 1 0 -32 0 0 0 -132 149 72 0 -19 1 0 121 0 243 25 0 33
0 0 0 0 0 0 0 0 0 0 6 0 -17 0 0 51 -88 0 1 0 -7 0 -13 1 81 -174 0 0 99 0 0 -164 0 0 0 17 0 0 0 0 0 0 61 0 1 10 0 0 -17 0
0 0 0 0 0 0 0 0 0 0 -12 0 37 0 0 -88 157 0 0 0 16 0 27 1 31 -95 0 0 -203 0 0 339 0 0 0 0 0 0 0 0 0 0 -123 0 1 -19 0 0 37 0
0 0 0 0 0 0 0 0 0 0 0 0 0 0 0 0 0 -905 0 0 0 0 0 0 0 0 0 0 0 0 0 0 0 0 0 0 0 0 0 0 0 0 0 0 0 0 0 0 0 0
0 0 0 0 0 0 0 0 0 0 1 0 0 0 0 1 0 0 674 0 0 0 6 0 0 0 0 0 1 0 0 0 0 0 0 0 0 0 0 0 0 0 1 0 0 1 0 0 0 0
1 105 -486 -21 0 0 6 1 -183 0 -1 0 -24 -1 193 0 0 0 0 280 2 0 0 0 0 0 -53 1 11 -11 -59 -29 0 1 0 0 0 11 -161 0 0 1 -79 0 -9 46 -18 -16 112 1
-8 16 -7 142 5 -1 -122 51 11 0 278 0 120 14 -6 -7 16 0 0 2 376 0 9 1 3 0 3 -9 -6 251 27 5 0 -1 -25 0 0 -5 -42 3 -13 -6 -26 0 6 23 11 18 -5 -7
0 0 0 0 0 0 0 0 0 0 0 0 0 0 0 0 0 0 0 0 0 801 0 0 0 0 0 0 0 0 0 0 0 0 0 0 0 0 0 0 0 0 0 0 0 0 0 0 0 0
0 0 0 0 0 0 0 0 0 0 -6 0 21 0 0 -13 27 0 6 0 9 0 26 0 5 0 0 0 -13 0 0 36 0 0 0 0 0 0 0 0 0 0 -21 0 0 -52 0 0 21 0
0 0 5 0 1 0 11 0 -4 0 0 0 1 1 5 1 1 0 0 0 1 0 0 -429 0 0 -1 0 3 0 2 2 0 122 0 0 0 -15 -2 1 -6 -206 1 0 27 0 -8 -9 -1 0
0 0 0 0 0 0 0 0 0 0 -2 0 7 0 0 81 31 0 0 0 3 0 5 0 256 61 0 0 -34 0 0 58 0 0 0 47 0 1 0 0 0 0 -20 0 0 -3 1 0 7 0
0 0 0 0 0 0 0 0 0 0 0 0 0 0 0 -174 -95 0 0 0 0 0 0 0 61 923 0 0 0 0 0 0 0 0 0 0 0 5 0 0 0 0 0 0 -3 0 5 0 0 0
0 4 0 -6 0 0 2 0 -98 0 -2 0 -1 0 104 0 0 0 0 -53 3 0 0 -1 0 0 541 0 0 -3 -27 0 0 0 0 0 0 37 -45 0 0 1 0 0 -32 0 -66 -7 0 0
246 0 1 0 41 0 53 -69 -122 0 7 0 7 248 -116 0 0 0 0 1 -9 0 0 0 0 0 0 -228 1 11 0 0 0 31 0 0 0 1 0 -67 0 21 0 0 0 1 0 0 1 -281
1 -3 11 0 0 -4 0 1 0 0 5 0 -12 0 0 99 -203 0 1 11 -6 0 -13 3 -34 0 0 1 -182 0 28 -245 0 1 -78 0 -47 64 0 0 72 1 -35 0 64 -4 -5 -98 -60 1
10 -14 0 -168 -4 1 146 -59 -12 0 -189 0 -175 -15 9 0 0 0 0 -11 251 0 0 0 0 0 -3 11 0 221 -34 2 0 2 1 0 0 5 51 -2 1 8 7 0 -3 0 -7 -9 5 10
0 -19 0 -66 0 5 17 0 -84 0 -20 0 -26 0 89 0 0 0 0 -59 27 0 0 2 0 0 -27 0 28 -34 538 18 0 0 70 0 17 95 -497 0 -96 1 1 0 34 2 -63 188 1 0
0 11 -30 0 1 -2 1 0 1 0 -3 0 7 1 1 -164 339 0 0 -29 5 0 36 2 58 0 0 0 -245 2 18 108 0 0 -38 0 -29 29 0 1 49 0 44 0 49 -148 16 -63 110 0
0 0 0 0 0 0 0 0 0 0 0 0 0 0 0 0 0 0 0 0 0 0 0 0 0 0 0 0 0 0 0 0 -169 0 0 0 0 0 0 0 0 0 0 0 0 0 0 0 0 0
104 0 1 0 10 0 16 -7 -33 0 1 0 1 48 -32 0 0 0 0 1 -1 0 0 122 0 0 0 31 1 2 0 0 0 -371 0 0 0 1 0 -28 0 -195 0 0 -4 1 0 0 1 -17
0 0 0 0 0 -15 0 0 0 0 20 0 -59 0 0 0 0 0 0 0 -25 0 0 0 0 0 0 0 -78 1 70 -38 0 0 -221 0 -58 0 0 0 331 0 10 0 0 -37 0 -249 8 0
0 0 0 0 0 0 0 0 0 0 0 0 0 0 0 17 0 0 0 0 0 0 0 0 47 0 0 0 0 0 0 0 0 0 0 -237 0 0 0 0 0 0 0 0 0 0 0 0 0 0
0 0 0 0 0 -3 0 0 0 0 0 0 0 0 0 0 0 0 0 0 0 0 0 0 0 0 0 0 -47 0 17 -29 0 0 -58 0 -581 0 0 0 68 0 0 0 0 -7 0 -58 0 0
1 16 -141 8 0 0 -1 1 126 0 5 0 -2 0 -132 0 0 0 0 11 -5 0 0 -15 1 5 37 1 64 5 95 29 0 1 0 0 0 334 59 0 -160 0 -23 0 -413 23 256 -202 33 1
0 -211 0 98 0 0 -24 0 -141 0 33 0 30 0 149 0 0 0 0 -161 -42 0 0 -2 0 0 -45 0 0 51 -497 0 0 0 0 0 0 59 91 0 0 -1 0 0 -52 0 -106 -139 0 0
-118 1 0 0 -21 0 -12 18 76 0 -1 0 -1 -105 72 0 0 0 0 0 3 0 0 1 0 0 0 -67 0 -2 0 1 0 -28 0 0 0 0 0 -41 0 -17 1 0 1 0 1 0 0 40
0 0 0 0 0 21 0 0 0 0 11 0 -31 0 0 0 0 0 0 0 -13 0 0 -6 0 0 0 0 72 1 -96 49 0 0 331 0 68 -160 0 0 -315 0 6 0 -176 -1 0 346 4 0
64 1 1 4 5 0 33 -19 -20 0 5 0 5 25 -19 0 0 0 0 1 -6 0 0 -206 0 0 1 21 1 8 1 0 0 -195 0 0 0 0 -1 -17 0 -153 0 0 9 1 1 1 1 -8
0 28 -80 0 1 1 1 0 1 0 20 0 -69 1 1 61 -123 0 1 -79 -26 0 -21 1 -20 0 0 0 -35 7 1 44 0 0 10 0 0 -23 0 1 6 0 567 0 21 57 43 -3 285 0
0 0 0 0 0 0 0 0 0 0 0 0 0 0 0 0 0 0 0 0 0 0 0 0 0 0 0 0 0 0 0 0 0 0 0 0 0 0 0 0 0 0 0 720 0 0 0 0 0 0
0 -13 129 -7 1 0 2 0 -114 0 -3 0 3 1 121 1 1 0 0 -9 6 0 0 27 0 -3 -32 0 64 -3 34 49 0 -4 0 0 0 -413 -52 1 -176 9 21 0 255 -1 -232 -241 -29 0
1 -15 47 0 0 -2 0 1 0 0 -17 0 52 0 0 10 -19 0 1 46 23 0 -52 0 -3 0 0 1 -4 0 2 -148 0 1 -37 0 -7 23 0 0 -1 1 57 0 -1 257 -24 -6 -37 1
0 -27 260 -14 1 0 4 0 -230 0 -7 0 6 1 243 0 0 0 0 -18 11 0 0 -8 1 5 -66 0 -5 -7 -63 16 0 0 0 0 0 256 -106 1 0 1 43 0 -232 -24 497 -17 -59 0
0 -5 0 -18 0 -15 5 0 -23 0 -13 0 17 0 25 0 0 0 0 -16 18 0 0 -9 0 0 -7 0 -98 -9 188 -63 0 0 -249 0 -58 -202 -139 0 346 1 -3 0 -241 -6 -17 -81 -2 0
1 -39 115 0 0 1 0 1 0 0 4 0 -19 0 0 -17 37 0 0 112 -5 0 21 -1 7 0 0 1 -60 5 1 110 0 1 8 0 0 33 0 0 4 1 285 0 -29 -37 -59 -2 383 1
-143 0 1 0 181 0 47 -59 35 0 6 0 6 609 33 0 0 0 0 1 -7 0 0 0 0 0 0 -281 1 10 0 0 0 -17 0 0 0 1 0 40 0 -8 0 0 0 1 0 0 1 605

