Q_obj 
364 -7 103 -204 -53 0 14 0 0 0 0 0 35 0 466 -54 -19 -194 62 -4 -25 5 0 56 0 0 -41 0 -27 -240 2 0 25 0 -9 4 2 0 3 18 0 7 0 -5 45 0 88 -58 0 0
-7 350 57 -6 -22 0 -10 0 0 -14 0 0 5 0 -3 11 -190 0 8 13 231 -84 0 0 38 -12 58 0 -69 -2 107 0 -37 0 0 360 0 141 -29 -82 1 -9 32 -20 -23 0 0 1 -4 0
103 57 -305 101 3 0 15 0 0 0 0 0 27 0 35 -45 -83 -14 48 1 195 0 0 180 -3 2 -100 0 7 -10 0 0 -26 0 0 40 0 0 0 17 0 -7 0 12 105 1 -533 109 0 0
-204 -6 101 -147 27 0 12 0 0 0 0 0 111 0 -91 -28 -75 7 196 -16 -11 16 0 108 0 0 -125 0 -102 15 7 0 95 0 31 14 0 0 8 -10 0 26 0 12 174 0 -130 -175 0 0
-53 -22 3 27 211 0 18 0 0 0 0 0 -37 0 106 -12 -31 136 -67 1 -51 -1 1 -32 -39 3 4 0 13 177 0 0 -62 0 -234 -19 0 0 -1 -4 1 -16 0 2 157 0 76 -6 1 0
0 0 0 0 0 -666 0 0 0 0 0 0 275 0 0 0 0 0 -155 0 0 0 0 0 0 0 0 0 0 0 0 0 0 0 0 0 0 0 0 0 0 0 0 0 0 0 0 0 0 -126
14 -10 15 12 18 0 236 0 0 0 0 1 -1 0 -21 -17 -5 -29 -3 4 -13 1 -1 2 -8 1 -2 0 -26 -34 1 0 -12 0 52 4 0 6 1 -2 1 -3 1 -82 35 0 2 -1 0 0
0 0 0 0 0 0 0 647 0 0 0 0 0 0 0 0 0 0 0 0 0 0 0 0 0 0 0 0 0 0 0 0 0 0 0 0 0 0 0 0 0 0 0 0 0 0 0 0 0 0
0 0 0 0 0 0 0 0 -948 0 0 0 0 0 0 0 0 0 0 0 0 0 0 0 0 0 0 0 0 0 0 0 0 0 0 0 0 0 0 0 0 0 0 0 0 0 0 0 0 0
0 -14 0 0 0 0 0 0 0 423 0 0 0 0 0 -2 0 0 0 0 1 -15 0 0 5 288 3 0 0 1 0 0 5 0 0 -10 0 0 33 -3 -8 -23 0 0 3 11 0 0 1 0
0 0 0 0 0 0 0 0 0 0 296 0 0 0 0 0 0 0 0 0 0 0 0 0 0 0 0 0 0 0 0 0 0 0 0 0 0 0 0 0 0 0 0 0 0 0 0 0 0 0
0 0 0 0 0 0 1 0 0 0 0 695 0 0 0 0 0 0 0 1 0 19 30 0 0 0 1 0 4 0 0 0 0 0 0 0 0 15 10 0 0 0 0 1 0 0 0 0 0 0
35 5 27 111 -37 275 -1 0 0 0 0 0 -433 0 20 16 50 4 132 9 -7 -7 0 61 0 0 65 0 52 2 -3 0 -50 0 16 -6 0 0 -3 2 0 -13 0 -9 -87 0 -47 -89 1 296
0 0 0 0 0 0 0 0 0 0 0 0 0 -455 0 0 0 0 0 0 0 0 0 0 0 0 0 0 0 0 0 0 0 0 0 0 0 0 0 0 0 0 0 0 0 0 0 0 0 0
466 -3 35 -91 106 0 -21 0 0 0 0 0 20 0 -384 94 -11 404 35 -2 -9 2 0 23 0 0 30 0 -13 504 1 0 12 0 41 2 -3 0 1 9 0 4 0 13 22 0 58 41 0 0
-54 11 -45 -28 -12 0 -17 0 0 -2 0 0 16 0 94 433 69 38 29 0 -33 2 0 -1 463 11 128 0 -5 -48 1 0 -91 0 12 10 0 0 -2 5 0 -24 0 -15 149 1 1 17 0 0
-19 -190 -83 -75 -31 0 -5 0 0 0 0 0 50 0 -11 69 138 -1 88 -2 -418 2 0 24 -44 -2 69 0 -14 -15 1 0 -63 0 0 -133 0 0 2 -52 1 -16 0 -13 -168 0 0 15 2 0
-194 0 -14 7 136 0 -29 0 0 0 0 0 4 0 404 38 -1 87 6 0 3 0 0 -4 0 0 51 0 0 193 0 0 1 0 47 0 -4 0 0 1 0 1 0 16 0 0 16 71 0 0
62 8 48 196 -67 -155 -3 0 0 0 0 0 132 0 35 29 88 6 -274 15 -13 -13 0 107 0 0 115 0 92 2 -6 0 -90 0 28 -12 0 0 -6 4 0 -24 0 -17 -154 0 -84 -158 1 -166
-4 13 1 -16 1 0 4 0 0 0 0 1 9 0 -2 0 -2 0 15 -44 0 -7 -7 0 0 0 -2 0 -163 1 -319 0 3 0 0 -18 0 52 -3 4 0 1 10 8 5 0 0 0 1 0
-25 231 195 -11 -51 0 -13 0 0 1 0 0 -7 0 -9 -33 -418 3 -13 0 146 1 0 -33 55 3 150 0 0 11 1 0 -86 0 1 166 0 0 -1 66 0 -23 0 -24 -85 1 167 -20 -2 0
5 -84 0 16 -1 0 1 0 0 -15 0 19 -7 0 2 2 2 0 -13 -7 1 20 -298 0 -1 -13 3 0 135 0 -32 0 -8 0 0 116 0 405 -349 -23 -2 23 -12 2 -5 4 0 0 -1 0
0 0 0 0 1 0 -1 0 0 0 0 30 0 0 0 0 0 0 0 -7 0 -298 232 0 0 0 0 0 -53 0 4 0 0 0 0 0 0 -237 -148 0 0 0 0 -2 0 0 0 0 0 0
56 0 180 108 -32 0 2 0 0 0 0 0 61 0 23 -1 24 -4 107 0 -33 0 0 -454 0 0 24 0 0 -6 0 0 3 0 9 0 0 0 0 1 0 1 0 -7 0 0 -192 0 0 0
0 38 -3 0 -39 0 -8 0 0 5 0 0 0 0 0 463 -44 0 0 0 55 -1 0 0 -216 -12 102 0 0 -89 0 0 -76 0 0 28 0 0 3 12 0 -20 0 -16 195 0 0 0 0 0
0 -12 2 0 3 0 1 0 0 288 0 0 0 0 0 11 -2 0 0 0 3 -13 0 0 -12 341 -5 0 0 -1 0 0 10 0 0 -8 0 0 28 -3 -7 -18 0 1 -7 9 0 0 1 0
-41 58 -100 -125 4 0 -2 0 0 3 0 1 65 0 30 128 69 51 115 -2 150 3 0 24 102 -5 185 0 -31 41 2 0 160 0 -91 49 0 2 3 12 0 43 1 -21 -398 1 -89 16 0 0
0 0 0 0 0 0 0 0 0 0 0 0 0 0 0 0 0 0 0 0 0 0 0 0 0 0 0 732 0 0 0 0 0 0 0 0 0 0 0 0 0 0 0 0 0 0 0 0 0 0
-27 -69 7 -102 13 0 -26 0 0 0 0 4 52 0 -13 -5 -14 0 92 -163 0 135 -53 0 0 0 -31 0 -836 2 27 0 17 0 0 106 0 28 67 -19 0 5 -12 -51 30 0 0 0 -1 0
-240 -2 -10 15 177 0 -34 0 0 1 0 0 2 0 504 -48 -15 193 2 1 11 0 0 -6 -89 -1 41 0 2 191 0 0 18 0 58 -1 -5 0 1 0 1 5 0 24 -28 0 21 88 1 0
2 107 0 7 0 0 1 0 0 0 0 0 -3 0 1 1 1 0 -6 -319 1 -32 4 0 0 0 2 0 27 0 -716 0 -1 0 0 -160 0 43 -15 30 0 0 13 2 -1 0 0 0 3 0
0 0 0 0 0 0 0 0 0 0 0 0 0 0 0 0 0 0 0 0 0 0 0 0 0 0 0 0 0 0 0 603 0 0 0 0 0 0 0 0 0 0 0 0 0 0 0 0 0 0
25 -37 -26 95 -62 0 -12 0 0 5 0 0 -50 0 12 -91 -63 1 -90 3 -86 -8 0 3 -76 10 160 0 17 18 -1 0 336 0 1 -29 0 0 11 -8 1 -30 0 -25 313 0 9 -3 1 0
0 0 0 0 0 0 0 0 0 0 0 0 0 0 0 0 0 0 0 0 0 0 0 0 0 0 0 0 0 0 0 0 0 706 0 0 0 0 0 0 0 0 0 0 0 0 0 0 0 0
-9 0 0 31 -234 0 52 0 0 0 0 0 16 0 41 12 0 47 28 0 1 0 0 9 0 0 -91 0 0 58 0 0 1 0 736 0 -7 0 0 1 0 1 0 -26 0 0 1 136 0 0
4 360 40 14 -19 0 4 0 0 -10 0 0 -6 0 2 10 -133 0 -12 -18 166 116 0 0 28 -8 49 0 106 -1 -160 0 -29 0 0 42 0 -212 67 101 0 -7 -47 8 -23 0 0 0 12 0
2 0 0 0 0 0 0 0 0 0 0 0 0 0 -3 0 0 -4 0 0 0 0 0 0 0 0 0 0 0 -5 0 0 0 0 -7 0 224 0 0 0 0 0 0 0 0 0 0 -1 0 0
0 141 0 0 0 0 6 0 0 0 0 15 0 0 0 0 0 0 0 52 0 405 -237 0 0 0 2 0 28 0 43 0 0 0 0 -212 0 -449 202 40 0 0 22 11 0 0 0 0 3 0
3 -29 0 8 -1 0 1 0 0 33 0 10 -3 0 1 -2 2 0 -6 -3 -1 -349 -148 0 3 28 3 0 67 1 -15 0 11 0 0 67 0 202 549 -8 6 -46 -5 1 0 -7 0 0 0 0
18 -82 17 -10 -4 0 -2 0 0 -3 0 0 2 0 9 5 -52 1 4 4 66 -23 0 1 12 -3 12 0 -19 0 30 0 -8 0 1 101 0 40 -8 625 0 -2 9 -4 -11 1 3 0 -1 0
0 1 0 0 1 0 1 0 0 -8 0 0 0 0 0 0 1 0 0 0 0 -2 0 0 0 -7 0 0 0 1 0 0 1 0 0 0 0 0 6 0 591 1 0 1 1 -59 0 0 0 0
7 -9 -7 26 -16 0 -3 0 0 -23 0 0 -13 0 4 -24 -16 1 -24 1 -23 23 0 1 -20 -18 43 0 5 5 0 0 -30 0 1 -7 0 0 -46 -2 1 442 0 -6 84 0 3 0 1 0
0 32 0 0 0 0 1 0 0 0 0 0 0 0 0 0 0 0 0 10 0 -12 0 0 0 0 1 0 -12 0 13 0 0 0 0 -47 0 22 -5 9 0 0 656 2 0 0 0 0 1 0
-5 -20 12 12 2 0 -82 0 0 0 0 1 -9 0 13 -15 -13 16 -17 8 -24 2 -2 -7 -16 1 -21 0 -51 24 2 0 -25 0 -26 8 0 11 1 -4 1 -6 2 115 69 0 22 -2 0 0
45 -23 105 174 157 0 35 0 0 3 0 0 -87 0 22 149 -168 0 -154 5 -85 -5 0 0 195 -7 -398 0 30 -28 -1 0 313 0 0 -23 0 0 0 -11 1 84 0 69 111 0 18 0 1 0
0 0 1 0 0 0 0 0 0 11 0 0 0 0 0 1 0 0 0 0 1 4 0 0 0 9 1 0 0 0 0 0 0 0 0 0 0 0 -7 1 -59 0 0 0 0 611 0 0 0 0
88 0 -533 -130 76 0 2 0 0 0 0 0 -47 0 58 1 0 16 -84 0 167 0 0 -192 0 0 -89 0 0 21 0 0 9 0 1 0 0 0 0 3 0 3 0 22 18 0 -316 -115 0 0
-58 1 109 -175 -6 0 -1 0 0 0 0 0 -89 0 41 17 15 71 -158 0 -20 0 0 0 0 0 16 0 0 88 0 0 -3 0 136 0 -1 0 0 0 0 0 0 -2 0 0 -115 -227 0 0
0 -4 0 0 1 0 0 0 0 1 0 0 1 0 0 0 2 0 1 1 -2 -1 0 0 0 1 0 0 -1 1 3 0 1 0 0 12 0 3 0 -1 0 1 1 0 1 0 0 0 879 0
0 0 0 0 0 -126 0 0 0 0 0 0 296 0 0 0 0 0 -166 0 0 0 0 0 0 0 0 0 0 0 0 0 0 0 0 0 0 0 0 0 0 0 0 0 0 0 0 0 0 203

