Q_obj 
-244 0 0 2 0 -32 0 0 0 3 0 0 1 4 -46 0 -6 1 1 0 1 54 0 0 178 0 0 0 0 -142 0 0 1 54 0 0 0 0 184 -65 -12 1 99 0 0 0 3 0 0 0
0 -349 64 19 56 0 49 0 38 -4 -7 -5 2 -4 0 0 -39 238 -206 0 537 -165 6 -53 0 0 0 0 31 8 -1 0 -25 -194 0 -25 0 0 107 -15 53 6 0 -11 0 0 -3 1 0 0
0 64 -246 -4 -20 -171 -16 1 0 0 121 92 0 0 0 0 18 38 -3 0 110 -39 -93 4 -31 0 -6 0 -494 -1 1 0 11 -34 0 517 0 43 22 5 -3 0 0 13 139 0 0 0 0 0
2 19 -4 -411 0 0 13 0 -25 141 0 0 -23 155 5 0 -77 -5 -53 0 -8 -35 0 0 0 0 0 0 0 11 13 0 31 36 0 -9 0 0 1 -22 43 -71 0 0 0 0 107 -2 0 0
0 56 -20 0 -247 0 0 0 0 0 3 2 0 0 0 0 -2 34 0 0 99 42 -1 1 0 0 0 0 -10 1 0 0 0 27 0 10 0 -1 -19 -1 8 0 0 11 -3 0 0 0 0 0
-32 0 -171 0 0 -446 13 5 0 0 -90 -68 0 0 8 0 0 0 3 0 0 0 71 0 -28 0 -51 0 372 -62 0 0 0 0 0 76 0 0 0 -28 0 0 65 0 0 0 0 0 0 0
0 49 -16 13 0 13 288 0 0 -6 6 105 3 -7 0 0 4 -78 -91 0 2 0 -69 1 3 -525 1 -18 41 6 0 -2 5 0 4 8 -118 1 1 -11 -1 9 0 1 3 -1 -5 0 2 0
0 0 1 0 0 5 0 -961 0 0 -3 1 0 0 0 0 3 0 0 0 0 0 -4 0 1 0 -6 0 -1 5 0 -1 0 0 -10 0 0 0 1 -9 -1 0 0 0 0 0 0 0 0 0
0 38 0 -25 0 0 0 0 -133 0 0 0 0 0 0 0 -17 23 0 0 -29 -7 0 0 0 0 0 0 0 3 -28 0 66 8 0 0 0 0 0 -5 8 0 0 0 0 0 0 7 0 0
3 -4 0 141 0 0 -6 0 0 -208 0 0 34 576 13 0 2 8 30 0 0 0 1 0 0 0 0 0 0 0 0 -1 55 0 1 0 0 0 0 1 3 104 0 0 0 -25 224 0 0 0
0 -7 121 0 3 -90 6 -3 0 0 -132 108 0 0 0 0 14 -4 2 0 -13 6 34 0 -16 0 -3 129 -132 24 0 -10 0 4 16 -53 96 -5 -2 -50 -7 0 0 -1 -16 9 1 0 6 0
0 -5 92 0 2 -68 105 1 0 0 108 -221 0 0 0 0 0 -3 24 0 -9 4 -106 0 -12 -85 -2 127 -84 1 0 0 0 3 0 -40 333 -3 -2 0 0 0 0 -1 -12 14 1 0 0 0
1 2 0 -23 0 0 3 0 0 34 0 0 491 38 2 0 1 -3 -12 197 0 0 0 0 0 0 0 0 0 0 0 0 -9 0 0 0 0 0 1 0 1 -274 0 0 0 0 26 0 0 0
4 -4 0 155 0 0 -7 0 0 576 0 0 38 -231 14 0 2 8 33 0 0 0 0 0 0 0 0 0 0 0 0 0 61 0 0 0 0 0 0 0 3 114 0 0 0 0 437 0 0 0
-46 0 0 5 0 8 0 0 0 13 0 0 2 14 -437 0 -29 1 1 0 4 -12 0 0 -40 0 0 0 0 33 0 0 2 -12 0 0 0 0 -41 15 -54 4 -22 0 0 0 10 0 0 0
0 0 0 0 0 0 0 0 0 0 0 0 0 0 0 -159 0 0 0 0 0 0 0 0 0 0 0 0 0 0 0 0 0 0 0 0 0 0 0 0 0 0 0 0 0 0 0 0 0 0
-6 -39 18 -77 -2 0 4 3 -17 2 14 0 1 2 -29 0 -302 -23 1 0 3 -39 18 -15 0 0 1 0 4 15 20 8 201 6 -11 20 0 -1 10 -30 82 1 0 -4 -3 0 1 -4 -4 0
1 238 38 -5 34 0 -78 0 23 8 -4 -3 -3 8 1 0 -23 -606 348 0 321 -98 4 -31 0 0 0 0 19 5 -1 0 -21 -116 0 -15 0 0 63 -9 32 -9 0 -6 0 0 6 1 0 0
1 -206 -3 -53 0 3 -91 0 0 30 2 24 -12 33 1 0 1 348 669 0 1 0 -15 1 1 -119 1 -4 10 1 0 0 -20 0 1 2 -26 1 -3 -2 0 -39 0 1 1 0 23 0 1 0
0 0 0 0 0 0 0 0 0 0 0 0 197 0 0 0 0 0 0 -602 0 0 0 0 0 0 0 0 0 0 0 0 0 0 0 0 0 0 0 0 0 -64 0 0 0 0 0 0 0 0
1 537 110 -8 99 0 2 0 -29 0 -13 -9 0 0 4 0 3 321 1 0 322 -253 11 -93 0 0 0 0 54 2 2 0 23 -380 0 -50 0 0 186 -2 26 0 0 -20 0 0 0 0 0 0
54 -165 -39 -35 42 0 0 0 -7 0 6 4 0 0 -12 0 -39 -98 0 0 -253 -380 -4 4 0 0 0 0 -21 -20 9 0 91 -102 0 31 0 13 13 -21 7 0 0 -29 40 0 0 -1 0 0
0 6 -93 0 -1 71 -69 -4 0 1 34 -106 0 0 0 0 18 4 -15 0 11 -4 -103 1 14 100 3 -100 100 29 0 -12 0 -2 20 42 -54 4 3 -62 -9 0 0 2 13 -6 0 0 8 0
0 -53 4 0 1 0 1 0 0 0 0 0 0 0 0 0 -15 -31 1 0 -93 4 1 -351 0 0 0 0 2 2 0 0 0 -38 0 -1 0 -7 11 -3 4 0 0 -10 -24 0 0 0 0 0
178 0 -31 0 0 -28 3 1 0 0 -16 -12 0 0 -40 0 0 0 1 0 0 0 14 0 -295 0 -9 0 69 336 0 0 0 0 0 15 0 0 0 155 0 0 -347 0 0 0 0 0 0 0
0 0 0 0 0 0 -525 0 0 0 0 -85 0 0 0 0 0 0 -119 0 0 0 100 0 0 -148 0 0 -15 0 0 0 0 0 0 0 75 0 1 0 0 0 0 0 0 0 0 0 0 0
0 0 -6 0 0 -51 1 -6 0 0 -3 -2 0 0 0 0 1 0 1 0 0 0 3 0 -9 0 -882 0 15 1 0 0 0 0 0 4 0 0 0 0 0 0 0 0 0 0 0 0 0 0
0 0 0 0 0 0 -18 0 0 0 129 127 0 0 0 0 0 0 -4 0 0 0 -100 0 0 0 0 181 75 0 0 0 0 0 0 0 161 0 1 0 0 0 0 0 0 22 1 0 0 0
0 31 -494 0 -10 372 41 -1 0 0 -132 -84 0 0 0 0 4 19 10 0 54 -21 100 2 69 -15 15 75 399 0 0 0 0 -14 0 219 100 21 11 1 2 0 0 6 68 6 1 0 0 0
-142 8 -1 11 1 -62 6 5 3 0 24 1 0 0 33 0 15 5 1 0 2 -20 29 2 336 0 1 0 0 -435 -2 13 -27 -26 -19 -2 0 1 -85 -97 -7 0 186 1 1 0 1 1 -7 0
0 -1 1 13 0 0 0 0 -28 0 0 0 0 0 0 0 20 -1 0 0 2 9 0 0 0 0 0 0 0 -2 -741 0 -31 -8 0 1 0 0 0 6 -10 0 0 0 0 0 0 307 0 0
0 0 0 0 0 0 -2 -1 0 -1 -10 0 0 0 0 0 8 0 0 0 0 0 -12 0 0 0 0 0 0 13 0 207 0 0 -27 0 0 0 1 -27 -4 0 0 0 0 0 2 0 0 0
1 -25 11 31 0 0 5 0 66 55 0 0 -9 61 2 0 201 -21 -20 0 23 91 0 0 0 0 0 0 0 -27 -31 0 -477 -91 0 24 0 0 1 59 -106 -27 0 0 0 0 42 8 0 0
54 -194 -34 36 27 0 0 0 8 0 4 3 0 0 -12 0 6 -116 0 0 -380 -102 -2 -38 0 0 0 0 -14 -26 -8 0 -91 -436 0 3 0 9 30 -6 -24 0 0 -41 29 0 0 2 0 0
0 0 0 0 0 0 4 -10 0 1 16 0 0 0 0 0 -11 0 1 0 0 0 20 0 0 0 0 0 0 -19 0 -27 0 0 -288 0 0 0 0 42 7 0 0 0 0 1 0 0 -25 0
0 -25 517 -9 10 76 8 0 0 0 -53 -40 0 0 0 0 20 -15 2 0 -50 31 42 -1 15 0 4 0 219 -2 1 0 24 3 0 694 0 -18 -9 7 -13 0 0 -5 -61 0 0 0 0 0
0 0 0 0 0 0 -118 0 0 0 96 333 0 0 0 0 0 0 -26 0 0 0 -54 0 0 75 0 161 100 0 0 0 0 0 0 0 -127 0 1 0 0 0 0 0 0 17 1 0 0 0
0 0 43 0 -1 0 1 0 0 0 -5 -3 0 0 0 0 -1 0 1 0 0 13 4 -7 0 0 0 0 21 1 0 0 0 9 0 -18 0 55 -6 0 1 0 0 0 -111 0 0 0 0 0
184 107 22 1 -19 0 1 1 0 0 -2 -2 1 0 -41 0 10 63 -3 0 186 13 3 11 0 1 0 1 11 -85 0 1 1 30 0 -9 1 -6 -451 -37 6 1 0 21 -19 1 0 0 0 0
-65 -15 5 -22 -1 -28 -11 -9 -5 1 -50 0 0 0 15 0 -30 -9 -2 0 -2 -21 -62 -3 155 0 0 0 1 -97 6 -27 59 -6 42 7 0 0 -37 -268 17 0 86 -1 -1 1 0 -1 16 0
-12 53 -3 43 8 0 -1 -1 8 3 -7 0 1 3 -54 0 82 32 0 0 26 7 -9 4 0 0 0 0 2 -7 -10 -4 -106 -24 7 -13 0 1 6 17 -194 1 0 2 2 1 2 3 3 0
1 6 0 -71 0 0 9 0 0 104 0 0 -274 114 4 0 1 -9 -39 -64 0 0 0 0 0 0 0 0 0 0 0 0 -27 0 0 0 0 0 1 0 1 -256 0 0 0 0 79 0 0 0
99 0 0 0 0 65 0 0 0 0 0 0 0 0 -22 0 0 0 0 0 0 0 0 0 -347 0 0 0 0 186 0 0 0 0 0 0 0 0 0 86 0 0 170 0 0 0 0 0 0 0
0 -11 13 0 11 0 1 0 0 0 -1 -1 0 0 0 0 -4 -6 1 0 -20 -29 2 -10 0 0 0 0 6 1 0 0 0 -41 0 -5 0 0 21 -1 2 0 0 -839 0 0 0 0 0 0
0 0 139 0 -3 0 3 0 0 0 -16 -12 0 0 0 0 -3 0 1 0 0 40 13 -24 0 0 0 0 68 1 0 0 0 29 0 -61 0 -111 -19 -1 2 0 0 0 -277 0 0 0 0 0
0 0 0 0 0 0 -1 0 0 -25 9 14 0 0 0 0 0 0 0 0 0 0 -6 0 0 0 0 22 6 0 0 0 0 0 1 0 17 0 1 1 1 0 0 0 0 416 34 0 0 0
3 -3 0 107 0 0 -5 0 0 224 1 1 26 437 10 0 1 6 23 0 0 0 0 0 0 0 0 1 1 1 0 2 42 0 0 0 1 0 0 0 2 79 0 0 0 34 -333 0 0 0
0 1 0 -2 0 0 0 0 7 0 0 0 0 0 0 0 -4 1 0 0 0 -1 0 0 0 0 0 0 0 1 307 0 8 2 0 0 0 0 0 -1 3 0 0 0 0 0 0 558 0 0
0 0 0 0 0 0 2 0 0 0 6 0 0 0 0 0 -4 0 1 0 0 0 8 0 0 0 0 0 0 -7 0 0 0 0 -25 0 0 0 0 16 3 0 0 0 0 0 0 0 -518 0
0 0 0 0 0 0 0 0 0 0 0 0 0 0 0 0 0 0 0 0 0 0 0 0 0 0 0 0 0 0 0 0 0 0 0 0 0 0 0 0 0 0 0 0 0 0 0 0 0 480

