Q_obj 
-1000 0 0 0 0 0 0 0 0 0 0 0 0 0 0 0 0 0 0 0 0 0 0 0 0 0 0 0 0 0 0 0 0 0 0 0 0 0 0 0 0 0 0 0 0 0 0 0 0 0
0 1000 0 0 0 0 0 0 0 0 0 0 0 0 0 0 0 0 0 0 0 0 0 0 0 0 0 0 0 0 0 0 0 0 0 0 0 0 0 0 0 0 0 0 0 0 0 0 0 0
0 0 -64 -126 -5 -24 0 -2 1 0 -3 12 2 68 25 0 0 -35 16 -18 -43 0 123 0 0 28 0 -1 0 1 0 -36 0 1 42 -19 0 0 1 0 -26 5 -56 0 0 -1 0 2 142 0
0 0 -126 570 -9 -37 0 -3 2 0 6 0 0 0 246 0 -1 -52 24 -43 -79 0 -245 0 0 42 0 -2 0 1 0 -11 -1 2 -83 39 0 0 0 0 -8 0 -81 0 0 -2 0 3 213 0
0 0 -5 -9 674 4 0 10 0 0 -1 0 -3 0 6 1 -4 -2 7 0 -3 0 -9 0 0 2 1 3 0 -1 0 34 -108 0 2 2 0 0 1 0 31 0 1 0 1 30 0 -2 10 1
0 0 -24 -37 4 402 0 -48 -5 0 -127 38 10 5 7 13 79 -8 -424 0 -23 0 -47 4 0 7 8 11 0 19 0 146 44 -6 -5 10 0 0 -12 0 106 0 -2 0 -6 53 0 -10 36 0
0 0 0 0 0 0 -515 0 0 0 0 0 0 0 0 0 0 0 0 0 0 0 0 0 0 0 0 0 0 0 0 0 0 0 0 0 0 0 0 0 0 0 0 0 0 0 0 0 0 0
0 0 -2 -3 10 -48 0 117 -63 0 37 18 10 1 3 -50 193 0 -117 21 2 0 -4 2 0 1 52 -23 0 158 0 23 87 -75 -1 -3 0 0 -1 0 1 0 1 0 -57 107 0 194 4 0
0 0 1 2 0 -5 0 -63 -444 0 0 2 -11 0 0 -52 -139 1 4 -6 1 0 2 -1 298 0 65 -87 0 280 0 -13 -5 -154 3 5 0 -53 3 0 10 0 0 0 -102 -6 0 86 -1 0
0 0 0 0 0 0 0 0 0 376 0 0 0 0 0 0 0 0 0 0 0 0 0 0 0 0 0 0 0 0 0 0 0 0 0 0 0 0 0 0 0 0 0 0 0 0 0 0 0 0
0 0 -3 6 -1 -127 0 37 0 0 -517 -505 -47 1 -26 13 -38 2 -113 52 -83 0 -5 1 0 -1 12 2 0 -11 0 -18 -19 0 -2 25 0 0 -11 0 -19 -1 -10 0 5 -23 0 -1 -5 11
0 0 12 0 0 38 0 18 2 0 -505 198 94 0 44 7 -24 0 -123 -98 -35 0 23 0 0 0 6 -1 0 -6 0 -5 -5 2 4 -47 0 0 23 0 9 3 21 0 3 -7 0 2 0 14
0 0 2 0 -3 10 0 10 -11 0 -47 94 -573 0 5 0 44 0 -5 -11 -3 0 3 -98 0 0 0 23 0 8 0 68 -34 -13 107 228 0 0 120 0 -93 1 3 0 -2 -41 0 -21 0 -1
0 0 68 0 0 5 0 1 0 0 1 0 0 202 0 0 1 0 -2 6 -6 0 -34 0 0 0 0 1 0 0 0 0 1 0 -110 51 0 0 0 0 0 0 138 0 1 1 0 0 0 0
0 0 25 246 6 7 0 3 0 0 -26 44 5 0 334 0 1 45 -4 47 48 0 49 0 0 -34 0 2 0 0 0 60 1 0 -103 46 0 0 4 0 43 19 -99 0 1 2 0 -1 -179 0
0 0 0 0 1 13 0 -50 -52 0 13 7 0 0 0 -618 22 0 20 0 1 0 0 0 0 0 -48 -14 0 -151 0 0 1 -61 0 0 0 0 0 0 0 0 0 0 56 1 0 15 0 0
0 0 0 -1 -4 79 0 193 -139 0 -38 -24 44 1 1 22 -40 0 117 6 -3 0 -1 8 0 1 -15 -67 0 -2 0 39 -42 -164 -7 -17 0 0 -8 0 -44 0 1 0 2 -52 0 220 1 1
0 0 -35 -52 -2 -8 0 0 1 0 2 0 0 0 45 0 0 293 6 -10 -18 0 -68 0 0 -38 0 0 0 1 0 0 0 1 0 0 0 0 0 49 0 0 0 0 0 0 19 1 5 0
0 0 16 24 7 -424 0 -117 4 0 -113 -123 -5 -2 -4 20 117 6 -19 1 2 0 30 -2 0 -4 13 -6 0 36 0 -90 45 4 4 -6 0 0 8 0 -65 1 2 0 -13 55 0 7 -22 3
0 0 -18 -43 0 0 0 21 -6 0 52 -98 -11 6 47 0 6 -10 1 666 -13 0 -35 -3 0 9 0 12 0 -2 0 169 13 -7 6 -11 0 0 15 0 122 2 16 0 2 16 0 -11 42 2
0 0 -43 -79 -3 -23 0 2 1 0 -83 -35 -3 -6 48 1 -3 -18 2 -13 653 0 -83 1 0 15 1 0 0 0 0 308 -1 1 8 -1 0 0 0 0 222 0 0 0 1 -2 0 1 76 1
0 0 0 0 0 0 0 0 0 0 0 0 0 0 0 0 0 0 0 0 0 -944 0 0 0 0 0 0 0 0 0 0 0 0 0 0 0 0 0 0 0 0 0 0 0 0 0 0 0 0
0 0 123 -245 -9 -47 0 -4 2 0 -5 23 3 -34 49 0 -1 -68 30 -35 -83 0 111 0 0 54 0 -2 0 1 0 -71 -1 2 -26 12 0 0 2 0 -51 10 25 0 0 -3 0 3 275 0
0 0 0 0 0 4 0 2 -1 0 1 0 -98 0 0 0 8 0 -2 -3 1 0 0 762 0 0 0 4 0 2 0 12 -5 -2 71 157 0 0 397 0 -15 0 0 0 0 -7 0 -3 0 1
0 0 0 0 0 0 0 0 298 0 0 0 0 0 0 0 0 0 0 0 0 0 0 0 -280 0 0 0 0 0 0 0 0 -252 0 0 0 261 0 0 0 0 0 0 0 0 0 0 0 0
0 0 28 42 2 7 0 1 0 0 -1 0 0 0 -34 0 1 -38 -4 9 15 0 54 0 0 -533 0 1 0 0 0 0 1 0 0 0 0 0 0 0 0 0 0 0 1 1 0 0 154 0
0 0 0 0 1 8 0 52 65 0 12 6 0 0 0 -48 -15 0 13 0 1 0 0 0 0 0 -599 18 0 189 0 0 5 76 0 0 0 0 0 0 0 0 0 0 -69 6 0 -17 0 0
0 0 -1 -2 3 11 0 -23 -87 0 2 -1 23 1 2 -14 -67 0 -6 12 0 0 -2 4 0 1 18 163 0 72 0 27 23 -102 -4 -8 0 0 -4 0 -18 0 1 0 -26 28 0 39 3 1
0 0 0 0 0 0 0 0 0 0 0 0 0 0 0 0 0 0 0 0 0 0 0 0 0 0 0 0 -375 0 0 0 0 0 0 0 0 0 0 0 0 0 0 0 0 0 0 0 0 0
0 0 1 1 -1 19 0 158 280 0 -11 -6 8 0 0 -151 -2 1 36 -2 0 0 1 2 0 0 189 72 0 310 0 4 -13 330 -1 -2 0 0 -1 0 -9 0 0 0 -28 -16 0 -70 0 1
0 0 0 0 0 0 0 0 0 0 0 0 0 0 0 0 0 0 0 0 0 0 0 0 0 0 0 0 0 0 -168 0 0 0 0 0 0 0 0 0 0 0 0 0 0 0 0 0 0 0
0 0 -36 -11 34 146 0 23 -13 0 -18 -5 68 0 60 0 39 0 -90 169 308 0 -71 12 0 0 0 27 0 4 0 -415 -21 -16 -25 -21 0 0 -13 0 -381 0 -12 0 -1 -21 0 -25 0 1
0 0 0 -1 -108 44 0 87 -5 0 -19 -5 -34 1 1 1 -42 0 45 13 -1 0 -1 -5 0 1 5 23 0 -13 0 -21 -274 -5 7 14 0 0 7 0 42 0 1 0 5 260 0 -22 2 1
0 0 1 2 0 -6 0 -75 -154 0 0 2 -13 0 0 -61 -164 1 4 -7 1 0 2 -2 -252 0 76 -102 0 330 0 -16 -5 -495 3 6 0 46 3 0 12 0 0 0 -121 -7 0 102 -1 0
0 0 42 -83 2 -5 0 -1 3 0 -2 4 107 -110 -103 0 -7 0 4 6 8 0 -26 71 0 0 0 -4 0 -1 0 -25 7 3 259 -195 0 0 72 0 8 9 140 0 1 8 0 5 0 0
0 0 -19 39 2 10 0 -3 5 0 25 -47 228 51 46 0 -17 0 -6 -11 -1 0 12 157 0 0 0 -8 0 -2 0 -21 14 6 -195 -79 0 0 153 0 42 -4 -64 0 2 17 0 9 0 1
0 0 0 0 0 0 0 0 0 0 0 0 0 0 0 0 0 0 0 0 0 0 0 0 0 0 0 0 0 0 0 0 0 0 0 0 116 0 0 0 0 0 0 0 0 0 0 0 0 0
0 0 0 0 0 0 0 0 -53 0 0 0 0 0 0 0 0 0 0 0 0 0 0 0 261 0 0 0 0 0 0 0 0 46 0 0 0 -254 0 0 0 0 0 0 0 0 0 0 0 0
0 0 1 0 1 -12 0 -1 3 0 -11 23 120 0 4 0 -8 0 8 15 0 0 2 397 0 0 0 -4 0 -1 0 -13 7 3 72 153 0 0 -192 0 19 1 2 0 1 9 0 5 0 0
0 0 0 0 0 0 0 0 0 0 0 0 0 0 0 0 0 49 0 0 0 0 0 0 0 0 0 0 0 0 0 0 0 0 0 0 0 0 0 582 0 0 0 0 0 0 230 0 13 0
0 0 -26 -8 31 106 0 1 10 0 -19 9 -93 0 43 0 -44 0 -65 122 222 0 -51 -15 0 0 0 -18 0 -9 0 -381 42 12 8 42 0 0 19 0 -161 0 -8 0 4 55 0 18 0 0
0 0 5 0 0 0 0 0 0 0 -1 3 1 0 19 0 0 0 1 2 0 0 10 0 0 0 0 0 0 0 0 0 0 0 9 -4 0 0 1 0 0 -300 9 0 0 0 0 0 0 0
0 0 -56 -81 1 -2 0 1 0 0 -10 21 3 138 -99 0 1 0 2 16 0 0 25 0 0 0 0 1 0 0 0 -12 1 0 140 -64 0 0 2 0 -8 9 309 0 1 1 0 0 0 0
0 0 0 0 0 0 0 0 0 0 0 0 0 0 0 0 0 0 0 0 0 0 0 0 0 0 0 0 0 0 0 0 0 0 0 0 0 0 0 0 0 0 0 354 0 0 0 0 0 0
0 0 0 0 1 -6 0 -57 -102 0 5 3 -2 1 1 56 2 0 -13 2 1 0 0 0 0 1 -69 -26 0 -28 0 -1 5 -121 1 2 0 0 1 0 4 0 1 0 243 7 0 26 1 0
0 0 -1 -2 30 53 0 107 -6 0 -23 -7 -41 1 2 1 -52 0 55 16 -2 0 -3 -7 0 1 6 28 0 -16 0 -21 260 -7 8 17 0 0 9 0 55 0 1 0 7 -183 0 -27 3 1
0 0 0 0 0 0 0 0 0 0 0 0 0 0 0 0 0 19 0 0 0 0 0 0 0 0 0 0 0 0 0 0 0 0 0 0 0 0 0 230 0 0 0 0 0 0 50 0 5 0
0 0 2 3 -2 -10 0 194 86 0 -1 2 -21 0 -1 15 220 1 7 -11 1 0 3 -3 0 0 -17 39 0 -70 0 -25 -22 102 5 9 0 0 5 0 18 0 0 0 26 -27 0 537 -2 0
0 0 142 213 10 36 0 4 -1 0 -5 0 0 0 -179 0 1 5 -22 42 76 0 275 0 0 154 0 3 0 0 0 0 2 -1 0 0 0 0 0 13 0 0 0 0 1 3 5 -2 277 0
0 0 0 0 1 0 0 0 0 0 11 14 -1 0 0 0 1 0 3 2 1 0 0 1 0 0 0 1 0 1 0 1 1 0 0 1 0 0 0 0 0 0 0 0 0 1 0 0 0 853

