Q_obj 
462 -135 0 0 0 -494 -13 0 0 0 0 0 0 -25 -117 0 0 0 2 18 -52 0 216 0 0 0 0 0 -196 0 -16 0 -2 0 42 -603 -58 0 0 13 0 0 0 0 -212 -32 0 0 0 11
-135 -497 0 0 0 4 1 0 0 0 0 0 0 1 1 0 0 0 0 0 -18 0 -1 0 0 0 0 0 2 0 1 0 1 0 0 5 1 0 0 0 0 0 0 0 2 1 0 0 0 0
0 0 -398 0 -129 1 -4 0 0 0 0 0 0 0 1 0 40 0 -157 -1 0 0 0 0 0 0 18 0 0 0 0 211 0 0 1 0 -1 0 0 -59 0 -3 0 0 0 0 0 113 0 84
0 0 0 475 0 0 0 0 0 0 0 0 0 0 0 0 0 0 0 0 0 0 0 0 0 0 0 0 0 0 0 0 0 0 0 0 0 0 0 0 0 0 0 0 0 0 0 0 0 0
0 0 -129 0 -255 -3 -1 0 0 0 0 31 -52 -7 18 12 1 127 261 0 0 0 8 0 0 0 40 -249 0 0 0 -17 0 0 0 2 4 6 0 -28 0 0 0 -4 0 0 0 -157 0 6
-494 4 1 0 -3 -108 -8 39 0 18 0 -3 -1 61 -103 50 3 -3 1 -12 -67 0 -67 -60 92 17 2 8 -89 -69 -10 -1 -1 -168 20 -217 -69 -80 0 8 0 6 26 -19 -98 -20 -28 1 23 7
-13 1 -4 0 -1 -8 772 0 0 0 0 0 0 -24 -12 0 -4 0 -2 5 -1 0 23 0 0 0 -2 0 -14 0 -15 4 -1 0 4 6 -56 0 0 -60 0 7 0 0 -15 8 0 -5 0 4
0 0 0 0 0 39 0 -800 0 -130 0 0 0 0 0 0 0 0 0 0 0 0 21 0 0 0 0 0 0 0 0 0 0 0 0 -24 0 0 0 0 0 0 -200 0 0 0 0 0 0 0
0 0 0 0 0 0 0 0 423 0 0 0 0 0 0 0 0 0 0 0 0 0 0 0 0 0 0 0 0 0 0 0 0 0 0 0 0 0 0 0 0 0 0 0 0 0 0 0 0 0
0 0 0 0 0 18 0 -130 0 -58 0 11 5 -260 0 -171 2 0 0 64 0 3 10 207 -314 -57 -2 0 0 -33 0 0 0 -82 0 -11 115 0 2 0 0 -31 -88 67 6 0 -13 0 -78 0
0 0 0 0 0 0 0 0 0 0 -935 0 0 0 0 0 0 0 0 -8 0 -14 0 0 0 -2 0 0 -121 0 2 0 -8 0 -20 0 0 0 26 0 0 0 0 0 108 0 0 0 2 0
0 0 0 0 31 -3 0 0 0 11 0 670 135 -39 0 -108 8 38 0 0 0 92 -1 0 43 0 -16 38 0 0 0 19 0 0 0 2 18 0 51 0 5 0 -7 -143 0 0 0 0 0 0
0 0 0 0 -52 -1 0 0 0 5 0 135 61 155 0 -308 195 -64 0 0 0 37 0 0 17 0 -436 -65 0 0 0 -32 0 0 0 1 -68 0 21 0 -61 0 -3 56 0 0 0 0 0 0
-25 1 0 0 -7 61 -24 0 0 -260 0 -39 155 446 -22 -85 -127 -9 -11 49 -3 49 82 128 -187 -35 261 -9 -27 0 -60 -4 -7 0 6 -38 -57 0 27 -130 24 -7 194 -64 -25 131 0 0 -48 -117
-117 1 1 0 18 -103 -12 0 0 0 0 0 0 -22 661 0 4 22 1 9 -15 0 269 0 0 0 2 -41 -124 0 -14 11 -1 0 27 62 -50 467 0 11 0 -4 0 0 -134 -28 0 1 0 10
0 0 0 0 12 50 0 0 0 -171 0 -108 -308 -85 0 356 166 15 0 26 0 -90 27 84 -63 -23 -371 15 0 0 1 8 1 0 0 -31 38 0 -50 0 -36 -12 128 -334 3 0 0 0 -31 0
0 0 40 0 1 3 -4 0 0 2 0 8 195 -127 4 166 488 -18 19 -33 0 11 -6 0 5 0 235 -18 0 0 -5 -32 0 0 1 -1 32 0 6 12 31 -66 0 -90 -2 -11 0 48 0 -5
0 0 0 0 127 -3 0 0 0 0 0 38 -64 -9 22 15 -18 -253 0 0 0 0 10 0 0 0 41 -306 0 0 0 78 0 0 0 3 5 8 0 0 0 0 0 -6 0 0 0 0 0 0
2 0 -157 0 261 1 -2 0 0 0 0 0 0 -11 1 0 19 0 -624 0 1 0 -1 0 0 0 9 0 2 0 -7 -422 0 0 0 0 -26 0 0 -40 0 0 0 0 2 36 0 -190 0 84
18 0 -1 0 0 -12 5 0 0 64 -8 0 0 49 9 26 -33 0 0 189 3 -1 -25 -81 46 23 -14 0 -11 0 6 0 1 0 -5 9 3 0 2 -4 0 229 -47 -10 28 11 0 -2 31 -3
-52 -18 0 0 0 -67 -1 0 0 0 0 0 0 -3 -15 0 0 0 1 3 838 0 30 0 0 0 0 0 -26 0 -2 0 0 0 6 -82 -7 0 0 2 0 0 0 0 -28 -4 0 0 0 2
0 0 0 0 0 0 0 0 0 3 -14 92 37 49 0 -90 11 0 0 -1 0 -521 0 0 -77 -23 -22 0 -14 0 12 0 -94 0 -2 1 -21 0 -265 0 0 0 -2 -303 13 0 0 0 18 0
216 -1 0 0 8 -67 23 21 0 10 0 -1 0 82 269 27 -6 10 -1 -25 30 0 178 -32 49 9 -2 -18 229 -36 27 5 4 -89 -47 49 76 212 0 -20 0 14 14 -10 247 52 -15 0 13 -16
0 0 0 0 0 -60 0 0 0 207 0 0 0 128 0 84 0 0 0 -81 0 0 -32 -257 148 -206 0 0 0 0 -6 0 56 0 2 39 -56 0 0 0 0 41 -154 -35 -6 0 0 0 37 0
0 0 0 0 0 92 0 0 0 -314 0 43 17 -187 0 -63 5 0 0 46 0 -77 49 148 531 -41 -10 0 0 0 0 0 0 0 0 -57 83 0 -43 0 0 -22 235 189 4 0 0 0 -55 0
0 0 0 0 0 17 0 0 0 -57 -2 0 0 -35 0 -23 0 0 0 23 0 -23 9 -206 -41 -666 0 0 -2 0 -32 0 261 0 0 -10 16 0 42 0 0 -11 44 10 4 0 0 0 -208 0
0 0 18 0 40 2 -2 0 0 -2 0 -16 -436 261 2 -371 235 41 9 -14 0 -22 -2 0 -10 0 67 41 0 0 -3 10 0 0 1 -1 -126 0 -12 6 -67 -29 2 204 -1 -5 0 22 0 -2
0 0 0 0 -249 8 0 0 0 0 0 38 -65 -9 -41 15 -18 -306 0 0 0 0 -18 0 0 0 41 165 0 0 0 -154 0 0 0 -4 5 -13 0 0 0 0 0 -6 0 0 0 0 0 0
-196 2 0 0 0 -89 -14 0 0 0 -121 0 0 -27 -124 0 0 0 2 -11 -26 -14 229 0 0 -2 0 0 -187 0 -16 0 -10 0 -27 51 -61 0 26 14 0 0 0 0 140 -34 0 0 2 12
0 0 0 0 0 -69 0 0 0 -33 0 0 0 0 0 0 0 0 0 0 0 0 -36 0 0 0 0 0 0 -315 0 0 0 66 0 44 0 0 0 0 0 0 0 0 0 0 11 0 0 0
-16 1 0 0 0 -10 -15 0 0 0 2 0 0 -60 -14 1 -5 0 -7 6 -2 12 27 -6 0 -32 -3 0 -16 0 844 0 43 0 4 6 -134 0 -21 -83 0 8 0 0 -19 84 0 0 6 -74
0 0 211 0 -17 -1 4 0 0 0 0 19 -32 -4 11 8 -32 78 -422 0 0 0 5 0 0 0 10 -154 0 0 0 -237 0 0 0 2 3 4 0 46 0 0 0 -3 0 0 0 255 0 -8
-2 1 0 0 0 -1 -1 0 0 0 -8 0 0 -7 -1 1 0 0 0 1 0 -94 4 56 0 261 0 0 -10 0 43 0 508 0 0 1 -16 0 171 -10 0 1 0 0 6 11 0 0 -45 -9
0 0 0 0 0 -168 0 0 0 -82 0 0 0 0 0 0 0 0 0 0 0 0 -89 0 0 0 0 0 0 66 0 0 0 116 0 107 0 0 0 0 0 0 0 0 0 0 48 0 0 0
42 0 1 0 0 20 4 0 0 0 -20 0 0 6 27 0 1 0 0 -5 6 -2 -47 2 0 0 1 0 -27 0 4 0 0 0 651 -10 14 0 5 -2 0 -3 1 1 158 8 0 1 0 -2
-603 5 0 0 2 -217 6 -24 0 -11 0 2 1 -38 62 -31 -1 3 0 9 -82 1 49 39 -57 -10 -1 -4 51 44 6 2 1 107 -10 -312 43 51 1 -4 0 -3 -16 13 57 12 18 0 -14 -3
-58 1 -1 0 4 -69 -56 0 0 115 0 18 -68 -57 -50 38 32 5 -26 3 -7 -21 76 -56 83 16 -126 5 -61 0 -134 3 -16 0 14 43 341 0 -11 -295 -10 37 -85 29 -67 296 0 -1 22 -265
0 0 0 0 6 -80 0 0 0 0 0 0 0 0 467 0 0 8 0 0 0 0 212 0 0 0 0 -13 0 0 0 4 0 0 0 51 0 -831 0 0 0 0 0 0 0 0 0 0 0 0
0 0 0 0 0 0 0 0 0 2 26 51 21 27 0 -50 6 0 0 2 0 -265 0 0 -43 42 -12 0 26 0 -21 0 171 0 5 1 -11 0 -190 0 0 0 -1 -168 -22 0 0 0 -30 0
13 0 -59 0 -28 8 -60 0 0 0 0 0 0 -130 11 0 12 0 -40 -4 2 0 -20 0 0 0 6 0 14 0 -83 46 -10 0 -2 -4 -295 0 0 -202 0 -6 0 0 15 396 0 -72 0 -43
0 0 0 0 0 0 0 0 0 0 0 5 -61 24 0 -36 31 0 0 0 0 0 0 0 0 0 -67 0 0 0 0 0 0 0 0 0 -10 0 0 0 939 0 0 16 0 0 0 0 0 0
0 0 -3 0 0 6 7 0 0 -31 0 0 0 -7 -4 -12 -66 0 0 229 0 0 14 41 -22 -11 -29 0 0 0 8 0 1 0 -3 -3 37 0 0 -6 0 538 24 6 18 16 0 -4 -15 -5
0 0 0 0 0 26 0 -200 0 -88 0 -7 -3 194 0 128 0 0 0 -47 0 -2 14 -154 235 44 2 0 0 0 0 0 0 0 1 -16 -85 0 -1 0 0 24 -137 -49 -3 0 0 0 59 0
0 0 0 0 -4 -19 0 0 0 67 0 -143 56 -64 0 -334 -90 -6 0 -10 0 -303 -10 -35 189 10 204 -6 0 0 0 -3 0 0 1 13 29 0 -168 0 16 6 -49 -114 0 0 0 0 14 0
-212 2 0 0 0 -98 -15 0 0 6 108 0 0 -25 -134 3 -2 0 2 28 -28 13 247 -6 4 4 -1 0 140 0 -19 0 6 0 158 57 -67 0 -22 15 0 18 -3 0 -126 -36 0 0 2 12
-32 1 0 0 0 -20 8 0 0 0 0 0 0 131 -28 0 -11 0 36 11 -4 0 52 0 0 0 -5 0 -34 0 84 0 11 0 8 12 296 0 0 396 0 16 0 0 -36 131 0 0 0 351
0 0 0 0 0 -28 0 0 0 -13 0 0 0 0 0 0 0 0 0 0 0 0 -15 0 0 0 0 0 0 11 0 0 0 48 0 18 0 0 0 0 0 0 0 0 0 0 -174 0 0 0
0 0 113 0 -157 1 -5 0 0 0 0 0 0 0 1 0 48 0 -190 -2 0 0 0 0 0 0 22 0 0 0 0 255 0 0 1 0 -1 0 0 -72 0 -4 0 0 0 0 0 -355 0 102
0 0 0 0 0 23 0 0 0 -78 2 0 0 -48 0 -31 0 0 0 31 0 18 13 37 -55 -208 0 0 2 0 6 0 -45 0 0 -14 22 0 -30 0 0 -15 59 14 2 0 0 0 37 0
11 0 84 0 6 7 4 0 0 0 0 0 0 -117 10 0 -5 0 84 -3 2 0 -16 0 0 0 -2 0 12 0 -74 -8 -9 0 -2 -3 -265 0 0 -43 0 -5 0 0 12 351 0 102 0 -208

