Q_obj 
82 0 0 55 0 0 0 0 1 -115 0 -22 -18 0 -40 0 0 120 1 0 0 0 0 0 0 0 14 0 -65 6 118 5 42 0 -6 0 0 32 -29 9 0 4 0 0 0 0 0 -35 189 0
0 126 413 0 26 0 0 0 -433 0 1 0 -54 81 215 4 0 0 1 0 36 0 -96 -94 -23 0 0 -97 -139 -34 0 37 0 0 13 0 0 8 52 0 0 1 0 -2 0 0 -138 -2 0 -1
0 413 406 0 0 0 0 0 299 0 0 0 29 -55 -113 -6 0 0 0 0 -40 1 -89 65 -158 0 0 109 75 0 0 0 0 0 6 0 0 -4 -27 0 0 0 0 0 -14 0 127 -1 0 1
55 0 0 382 0 0 0 0 0 21 0 5 4 0 8 0 0 -21 0 0 0 0 0 0 0 0 -2 0 12 0 -20 0 -7 0 2 0 0 -5 6 -1 0 0 0 0 0 0 0 7 -33 0
0 26 0 0 371 0 0 0 0 0 0 0 0 0 0 0 0 0 64 0 0 0 117 0 0 0 0 0 0 -324 0 343 0 0 0 0 0 0 0 0 0 -18 0 8 0 0 0 0 0 0
0 0 0 0 0 -552 0 0 0 0 55 71 0 0 0 -8 0 0 0 0 514 20 0 0 0 0 0 129 0 0 0 0 11 1 0 -54 0 0 0 133 0 0 -40 0 -76 0 44 0 0 -10
0 0 0 0 0 0 -464 0 1 -94 -49 0 0 0 0 8 0 0 11 0 0 109 0 0 0 0 -54 42 0 0 7 0 0 0 0 0 0 23 0 0 43 37 0 0 52 0 -29 0 -62 -53
0 0 0 0 0 0 0 -114 0 0 0 0 0 0 0 0 0 0 0 0 0 0 0 0 0 0 0 0 0 0 0 0 0 0 0 0 0 0 0 0 0 0 0 0 0 0 0 0 0 0
1 -433 299 0 0 0 1 0 21 3 1 0 -30 -136 120 -16 0 1 1 0 -47 0 94 177 -294 0 0 129 -78 0 1 0 1 -4 -23 0 0 2 29 1 1 1 0 0 -141 0 -73 4 0 -1
-115 0 0 21 0 0 -94 0 3 -391 50 16 13 0 27 -7 0 -13 -4 0 0 -107 0 0 0 0 45 -41 44 0 -84 0 -27 -79 45 0 0 161 20 -5 -42 -16 0 0 -51 0 30 236 27 53
0 1 0 0 0 55 -49 0 1 50 94 -44 1 0 0 -29 0 0 1 0 4 -265 0 1 1 0 -5 5 1 0 1 0 12 1 1 -149 0 -13 0 -168 5 2 -43 0 8 0 -4 0 33 262
-22 0 0 5 0 71 0 0 0 16 -44 384 -12 0 -27 26 0 -2 0 0 35 -67 0 0 0 0 10 9 -45 0 82 0 253 -1 9 -148 0 -4 -20 -333 0 0 144 0 -8 0 5 47 -24 -93
-18 -54 29 4 0 0 0 0 -30 13 1 -12 -484 6 -207 1 0 -2 0 0 3 0 12 -6 -1 0 2 -6 181 0 17 0 24 0 9 0 0 -2 -74 5 0 0 0 0 0 0 -9 38 -20 0
0 81 -55 0 0 0 0 0 -136 0 0 0 6 -570 -22 4 0 0 1 0 9 1 -17 71 55 0 0 -23 15 0 0 0 0 0 5 0 0 3 -5 0 0 1 0 0 27 0 14 0 0 1
-40 215 -113 8 0 0 0 0 120 27 0 -27 -207 -22 422 0 0 -4 0 0 -9 1 -46 27 7 0 5 27 -538 0 35 0 52 0 12 0 0 -9 184 11 0 0 0 0 1 0 39 83 -43 1
0 4 -6 0 0 -8 8 0 -16 -7 -29 26 1 4 0 -92 0 0 -1 0 -2 64 0 -3 -28 0 -27 39 1 0 4 0 17 1 -3 -3 0 4 0 -10 5 -6 -64 0 54 0 -24 1 -5 160
0 0 0 0 0 0 0 0 0 0 0 0 0 0 0 0 499 0 0 0 0 0 0 0 0 0 0 0 0 0 0 0 0 0 0 0 0 0 0 0 0 0 0 0 0 0 0 0 0 0
120 0 0 -21 0 0 0 0 1 -13 0 -2 -2 0 -4 0 0 -986 1 0 0 0 0 0 0 0 2 0 -7 1 14 1 5 0 0 0 0 4 -3 2 0 1 0 0 0 0 0 -4 22 0
1 1 0 0 64 0 11 0 1 -4 1 0 0 1 0 -1 0 1 -136 0 1 -1 0 0 1 0 -24 -10 0 0 4 0 1 -8 0 0 0 -16 0 1 0 257 0 763 -12 0 8 -1 -6 1
0 0 0 0 0 0 0 0 0 0 0 0 0 0 0 0 0 0 0 -638 0 0 0 0 0 0 0 0 0 0 0 0 0 0 0 0 0 0 0 0 0 0 0 0 0 0 0 0 0 0
0 36 -40 0 0 514 0 0 -47 0 4 35 3 9 -9 -2 0 0 1 0 292 -8 -7 -10 -109 0 0 95 7 0 0 0 22 1 -14 180 0 1 -2 -13 0 1 -84 0 -39 0 64 3 0 -21
0 0 1 0 0 20 109 0 0 -107 -265 -67 0 1 1 64 0 0 -1 0 -8 547 1 0 0 0 12 -10 0 0 -1 0 -23 0 0 -70 0 31 1 -59 -8 -3 95 0 -16 0 10 1 -70 -567
0 -96 -89 0 117 0 0 0 94 0 0 0 12 -17 -46 0 0 0 0 0 -7 1 -299 21 5 0 0 21 31 -159 0 169 0 0 -2 0 0 -1 -11 0 0 0 0 -9 1 0 30 1 0 1
0 -94 65 0 0 0 0 0 177 0 1 0 -6 71 27 -3 0 0 0 0 -10 0 21 -668 -64 0 0 28 -16 0 0 0 0 0 -5 0 0 -2 7 0 0 0 0 0 -30 0 -15 1 0 0
0 -23 -158 0 0 0 0 0 -294 0 1 0 -1 55 7 -28 0 0 1 0 -109 0 5 -64 -79 0 0 296 -4 0 0 0 0 0 15 0 0 5 2 0 0 1 0 0 -256 0 -39 -2 0 0
0 0 0 0 0 0 0 0 0 0 0 0 0 0 0 0 0 0 0 0 0 0 0 0 0 241 0 0 0 0 0 0 0 0 0 0 0 0 0 0 0 0 0 0 0 0 0 0 0 0
14 0 0 -2 0 0 -54 0 0 45 -5 10 2 0 5 -27 0 2 -24 0 0 12 0 0 0 0 309 -148 8 0 -87 0 -17 0 -5 0 0 -2 7 -3 -23 -84 0 0 -184 0 105 -27 51 -5
0 -97 109 0 0 129 42 0 129 -41 5 9 -6 -23 27 39 0 0 -10 0 95 -10 21 28 296 0 -148 147 -17 0 18 0 6 1 39 45 0 14 7 -3 22 -35 -21 0 200 0 -223 -7 -27 -1
-65 -139 75 12 0 0 0 0 -78 44 1 -45 181 15 -538 1 0 -7 0 0 7 0 31 -16 -4 0 8 -17 -68 0 67 0 83 0 28 0 0 -10 -108 18 0 -1 0 0 0 0 -24 133 -70 0
6 -34 0 0 -324 0 0 0 0 0 0 0 0 0 0 0 0 1 0 0 0 0 -159 0 0 0 0 0 0 329 0 -220 0 0 1 0 0 0 0 0 0 0 0 28 0 0 0 3 0 0
118 0 0 -20 0 0 7 0 1 -84 1 82 17 0 35 4 0 14 4 0 0 -1 0 0 0 0 -87 18 67 0 -444 0 -149 0 -44 0 0 23 53 -31 3 13 0 0 22 0 -12 -239 124 1
5 37 0 0 343 0 0 0 0 0 0 0 0 0 0 0 0 1 0 0 0 0 169 0 0 0 0 0 0 -220 0 352 0 0 1 0 0 0 0 0 0 0 0 -28 0 0 0 3 0 0
42 0 0 -7 0 11 0 0 1 -27 12 253 24 0 52 17 0 5 1 0 22 -23 0 0 0 0 -17 6 83 0 -149 0 206 0 -16 4 0 8 37 -98 0 1 90 0 -5 0 3 -85 46 -58
0 0 0 0 0 1 0 0 -4 -79 1 -1 0 0 0 1 0 0 -8 0 1 0 0 0 0 0 0 1 0 0 0 0 0 -68 0 1 0 -286 0 1 0 -30 -4 0 0 0 1 0 0 -2
-6 13 6 2 0 0 0 0 -23 45 1 9 9 5 12 -3 0 0 0 0 -14 0 -2 -5 15 0 -5 39 28 1 -44 1 -16 0 -240 0 0 -11 11 -3 0 -1 0 0 -30 0 0 72 -72 0
0 0 0 0 0 -54 0 0 0 0 -149 -148 0 0 0 -3 0 0 0 0 180 -70 0 0 0 0 0 45 0 0 0 0 4 1 0 -416 0 0 0 -401 0 0 -14 0 -26 0 16 0 0 -3
0 0 0 0 0 0 0 0 0 0 0 0 0 0 0 0 0 0 0 0 0 0 0 0 0 0 0 0 0 0 0 0 0 0 0 0 -542 0 0 0 0 0 0 0 0 0 0 0 0 0
32 8 -4 -5 0 0 23 0 2 161 -13 -4 -2 3 -9 4 0 4 -16 0 1 31 -1 -2 5 0 -2 14 -10 0 23 0 8 -286 -11 0 0 140 -5 2 13 -55 -2 0 22 0 -9 -64 -4 -14
-29 52 -27 6 0 0 0 0 29 20 0 -20 -74 -5 184 0 0 -3 0 0 -2 1 -11 7 2 0 7 7 -108 0 53 0 37 0 11 0 0 -5 -264 8 0 0 0 0 1 0 10 60 -31 1
9 0 0 -1 0 133 0 0 1 -5 -168 -333 5 0 11 -10 0 2 1 0 -13 -59 0 0 0 0 -3 -3 18 0 -31 0 -98 1 -3 -401 0 2 8 -346 0 1 -55 0 4 0 -1 -18 10 37
0 0 0 0 0 0 43 0 1 -42 5 0 0 0 0 5 0 0 0 0 0 -8 0 0 0 0 -23 22 0 0 3 0 0 0 0 0 0 13 0 0 652 -2 0 0 28 0 -15 0 -27 5
4 1 0 0 -18 0 37 0 1 -16 2 0 0 1 0 -6 0 1 257 0 1 -3 0 0 1 0 -84 -35 -1 0 13 0 1 -30 -1 0 0 -55 0 1 -2 674 0 -221 -43 0 26 -6 -22 2
0 0 0 0 0 -40 0 0 0 0 -43 144 0 0 0 -64 0 0 0 0 -84 95 0 0 0 0 0 -21 0 0 0 0 90 -4 0 -14 0 -2 0 -55 0 0 406 0 21 0 -11 0 0 233
0 -2 0 0 8 0 0 0 0 0 0 0 0 0 0 0 0 0 763 0 0 0 -9 0 0 0 0 0 0 28 0 -28 0 0 0 0 0 0 0 0 0 -221 0 464 0 0 0 0 0 0
0 0 -14 0 0 -76 52 0 -141 -51 8 -8 0 27 1 54 0 0 -12 0 -39 -16 1 -30 -256 0 -184 200 0 0 22 0 -5 0 -30 -26 0 22 1 4 28 -43 21 0 175 0 -379 6 -33 -10
0 0 0 0 0 0 0 0 0 0 0 0 0 0 0 0 0 0 0 0 0 0 0 0 0 0 0 0 0 0 0 0 0 0 0 0 0 0 0 0 0 0 0 0 0 613 0 0 0 0
0 -138 127 0 0 44 -29 0 -73 30 -4 5 -9 14 39 -24 0 0 8 0 64 10 30 -15 -39 0 105 -223 -24 0 -12 0 3 1 0 16 0 -9 10 -1 -15 26 -11 0 -379 0 -432 1 20 5
-35 -2 -1 7 0 0 0 0 4 236 0 47 38 0 83 1 0 -4 -1 0 3 1 1 1 -2 0 -27 -7 133 3 -239 3 -85 0 72 0 0 -64 60 -18 0 -6 0 0 6 0 1 129 -384 1
189 0 0 -33 0 0 -62 0 0 27 33 -24 -20 0 -43 -5 0 22 -6 0 0 -70 0 0 0 0 51 -27 -70 0 124 0 46 0 -72 0 0 -4 -31 10 -27 -22 0 0 -33 0 20 -384 -460 35
0 -1 1 0 0 -10 -53 0 -1 53 262 -93 0 1 1 160 0 0 1 0 -21 -567 1 0 0 0 -5 -1 0 0 1 0 -58 -2 0 -3 0 -14 1 37 5 2 233 0 -10 0 5 1 35 -444

