Q_obj 
-1000 0 0 0 0 0 0 0 0 0 0 0 0 0 0 0 0 0 0 0 0 0 0 0 0 0 0 0 0 0 0 0 0 0 0 0 0 0 0 0 0 0 0 0 0 0 0 0 0 0
0 -750 0 0 0 0 0 217 -7 0 -348 0 -19 2 -52 0 0 0 0 4 -2 0 1 -1 0 0 -2 0 0 0 0 0 0 0 0 16 0 3 1 1 414 0 3 0 59 0 11 5 0 0
0 0 -178 0 35 0 -54 -12 0 232 -7 0 0 -2 0 0 0 0 1 73 3 11 0 0 0 3 0 8 -4 4 0 0 0 -213 1 -32 2 2 0 7 0 -1 0 0 9 0 -9 1 0 1
0 0 0 -63 0 0 0 0 0 0 1 0 0 0 0 0 0 0 0 0 0 0 0 0 0 0 0 0 1 0 -23 0 0 0 0 0 0 0 -6 1 0 0 0 0 0 0 0 0 0 1
0 0 35 0 -888 0 -9 -1 0 103 0 0 0 0 0 0 0 0 2 10 0 3 0 0 0 1 0 0 0 1 0 0 0 -86 1 -8 0 0 1 2 1 1 0 0 -1 0 -1 1 0 1
0 0 0 0 0 437 0 0 0 0 0 119 0 -9 0 0 0 0 0 0 0 0 0 0 -257 0 0 0 0 0 0 0 0 0 0 0 0 0 0 0 0 0 0 0 0 0 0 0 0 -114
0 0 -54 0 -9 0 -137 3 0 -59 2 0 1 1 0 0 0 0 -2 -14 1 -3 0 1 0 0 0 6 1 -1 0 1 0 59 0 13 1 1 0 -3 0 37 0 0 2 0 3 0 0 0
0 217 -12 0 -1 0 3 331 130 -8 117 0 136 -23 -258 0 0 0 17 67 54 64 -56 -54 0 -4 198 6 44 23 0 1 0 11 0 12 52 -67 -12 -38 338 0 -34 0 30 0 77 -75 0 3
0 -7 0 0 0 0 0 130 288 0 71 0 111 -124 188 0 0 0 9 55 -40 -15 18 39 0 4 -62 0 -10 -5 0 0 0 0 0 0 -60 60 -9 20 0 0 -71 0 0 270 192 -449 0 11
0 0 232 0 103 0 -59 -8 0 248 -4 0 0 -3 0 0 0 0 11 56 -1 16 0 0 0 10 0 -4 -1 6 0 -3 0 -31 9 262 0 -1 1 15 4 6 0 0 -93 0 -8 1 0 1
0 -348 -7 1 0 0 2 117 71 -4 187 0 66 -12 -172 0 0 0 15 36 32 37 -32 -32 0 -2 114 0 29 14 1 1 0 6 0 -29 24 -40 -5 -19 -568 1 -32 0 -116 0 45 -40 0 2
0 0 0 0 0 119 0 0 0 0 0 -59 0 10 0 0 0 0 0 0 0 0 0 0 246 0 0 0 0 0 0 0 0 0 0 0 0 0 0 0 0 0 0 0 0 0 0 0 0 114
0 -19 0 0 0 0 1 136 111 0 66 0 414 -17 97 0 0 0 9 32 -27 10 -10 20 0 2 37 4 9 4 0 0 0 1 0 3 132 4 -42 -9 -28 0 274 0 10 0 0 -65 0 2
0 2 -2 0 0 -9 1 -23 -124 -3 -12 10 -17 687 -30 0 0 0 -22 18 0 90 -2 -6 -20 0 11 -19 -30 33 0 0 0 2 1 -2 7 -14 3 61 2 3 12 0 -6 118 -37 -244 0 -20
0 -52 0 0 0 0 0 -258 188 0 -172 0 97 -30 633 0 0 0 5 -97 69 16 -17 46 0 4 61 0 16 6 0 0 0 0 0 1 4 -78 -8 -15 16 0 -62 0 3 0 -272 -110 0 3
0 0 0 0 0 0 0 0 0 0 0 0 0 0 0 581 0 0 0 0 0 0 0 0 0 0 0 0 0 0 0 0 0 0 0 0 0 0 0 0 0 0 0 0 0 0 0 0 0 0
0 0 0 0 0 0 0 0 0 0 0 0 0 0 0 0 -333 0 0 0 0 0 0 0 0 0 0 0 0 0 0 0 10 0 0 0 0 0 0 0 0 0 0 195 0 0 0 0 0 0
0 0 0 0 0 0 0 0 0 0 0 0 0 0 0 0 0 -313 0 0 0 0 0 0 0 0 0 0 0 0 0 0 0 0 0 0 0 0 0 0 0 0 0 0 0 0 0 0 0 0
0 0 1 0 2 0 -2 17 9 11 15 0 9 -22 5 0 0 0 -30 -45 -22 -2 0 1 0 1 2 -62 335 0 0 1 0 -7 0 -60 -6 -14 29 245 39 9 11 0 -227 -3 0 5 0 2
0 4 73 0 10 0 -14 67 55 56 36 0 32 18 -97 0 0 0 -45 72 28 -124 -5 -20 0 0 18 23 38 -44 0 0 0 -62 1 10 6 -17 -2 -109 -17 -2 -18 0 106 0 49 -39 0 -1
0 -2 3 0 0 0 1 54 -40 -1 32 0 -27 0 69 0 0 0 -22 28 88 112 -94 15 0 2 334 -29 43 41 0 0 0 2 0 13 201 -91 3 -85 -7 5 -212 0 46 0 58 26 0 1
0 0 11 0 3 0 -3 64 -15 16 37 0 10 90 16 0 0 0 -2 -124 112 319 -30 4 0 1 -274 84 190 -37 0 1 0 -10 0 2 58 -84 0 -254 0 -11 -5 0 0 0 -15 -15 0 -7
0 1 0 0 0 0 0 -56 18 0 -32 0 -10 -2 -17 0 0 0 0 -5 -94 -30 -820 -3 0 0 -120 0 -25 -10 0 0 0 0 0 0 -47 118 1 34 0 0 7 0 0 0 51 -10 0 1
0 -1 0 0 0 0 1 -54 39 0 -32 0 20 -6 46 0 0 0 1 -20 15 4 -3 422 0 1 13 0 4 2 0 -4 0 0 1 4 1 -16 -1 -3 0 0 -12 0 0 0 -56 -22 0 1
0 0 0 0 0 -257 0 0 0 0 0 246 0 -20 0 0 0 0 0 0 0 0 0 0 -477 0 0 0 0 0 0 0 0 0 0 0 0 0 0 0 0 0 0 0 0 0 0 0 0 -245
0 0 3 0 1 0 0 -4 4 10 -2 0 2 0 4 0 0 0 1 0 2 1 0 1 0 418 2 0 1 1 0 52 0 5 0 -41 1 -1 0 0 0 0 -1 0 12 0 -4 -1 0 1
0 -2 0 0 0 0 0 198 -62 0 114 0 37 11 61 0 0 0 2 18 334 -274 -120 13 0 2 -137 0 -226 -99 0 0 0 0 0 0 169 -414 -3 308 0 0 -23 0 0 0 -178 37 0 0
0 0 8 0 0 0 6 6 0 -4 0 0 4 -19 0 0 0 0 -62 23 -29 84 0 0 0 0 0 60 -79 31 0 0 0 4 0 37 -16 -20 0 25 -23 -45 0 0 138 0 -14 5 0 2
0 0 -4 1 0 0 1 44 -10 -1 29 0 9 -30 16 0 0 0 335 38 43 190 -25 4 0 1 -226 -79 20 69 1 0 0 1 1 -38 24 -104 -30 -348 25 11 2 0 -142 0 -52 18 0 3
0 0 4 0 1 0 -1 23 -5 6 14 0 4 33 6 0 0 0 0 -44 41 -37 -10 2 0 1 -99 31 69 411 0 1 0 -3 0 1 21 -30 0 -91 0 -4 -2 0 0 0 -5 -5 0 -2
0 0 0 -23 0 0 0 0 0 0 1 0 0 0 0 0 0 0 0 0 0 0 0 0 0 0 0 0 1 0 680 0 0 0 0 0 0 0 0 1 0 0 0 0 0 0 0 0 0 1
0 0 0 0 0 0 1 1 0 -3 1 0 0 0 0 0 0 0 1 0 0 1 0 -4 0 52 0 0 0 1 0 529 0 -1 1 17 0 0 0 1 0 0 0 0 -4 0 1 1 0 1
0 0 0 0 0 0 0 0 0 0 0 0 0 0 0 0 10 0 0 0 0 0 0 0 0 0 0 0 0 0 0 0 593 0 0 0 0 0 0 0 0 0 0 -18 0 0 0 0 0 0
0 0 -213 0 -86 0 59 11 0 -31 6 0 1 2 0 0 0 0 -7 -62 2 -10 0 0 0 5 0 4 1 -3 0 -1 0 348 9 459 1 1 0 -10 -2 -4 0 0 -105 0 10 0 0 0
0 0 1 0 1 0 0 0 0 9 0 0 0 1 0 0 0 0 0 1 0 0 0 1 0 0 0 0 1 0 0 1 0 9 667 -16 0 0 0 0 0 0 0 0 5 0 0 0 0 0
0 16 -32 0 -8 0 13 12 0 262 -29 0 3 -2 1 0 0 0 -60 10 13 2 0 4 0 -41 0 37 -38 1 0 17 0 459 -16 494 7 9 0 -27 -24 -4 0 0 42 0 4 1 0 1
0 0 2 0 0 0 1 52 -60 0 24 0 132 7 4 0 0 0 -6 6 201 58 -47 1 0 1 169 -16 24 21 0 0 0 1 0 7 -199 37 -11 -40 -4 3 342 0 25 0 -69 37 0 0
0 3 2 0 0 0 1 -67 60 -1 -40 0 4 -14 -78 0 0 0 -14 -17 -91 -84 118 -16 0 -1 -414 -20 -104 -30 0 0 0 1 0 9 37 240 0 122 -5 3 58 0 32 0 -59 -33 0 2
0 1 0 -6 1 0 0 -12 -9 1 -5 0 -42 3 -8 0 0 0 29 -2 3 0 1 -1 0 0 -3 0 -30 0 0 0 0 0 0 0 -11 0 -76 -21 1 1 -23 0 -1 0 1 6 0 0
0 1 7 1 2 0 -3 -38 20 15 -19 0 -9 61 -15 0 0 0 245 -109 -85 -254 34 -3 0 0 308 25 -348 -91 1 1 0 -10 0 -27 -40 122 -21 231 19 -3 12 0 -106 0 69 -27 0 -5
0 414 0 0 1 0 0 338 0 4 -568 0 -28 2 16 0 0 0 39 -17 -7 0 0 0 0 0 0 -23 25 0 0 0 0 -2 0 -24 -4 -5 1 19 161 4 0 0 -92 0 0 0 0 0
0 0 -1 0 1 0 37 0 0 6 1 0 0 3 0 0 0 0 9 -2 5 -11 0 0 0 0 0 -45 11 -4 0 0 0 -4 0 -4 3 3 1 -3 4 -269 0 0 -18 0 2 0 0 0
0 3 0 0 0 0 0 -34 -71 0 -32 0 274 12 -62 0 0 0 11 -18 -212 -5 7 -12 0 -1 -23 0 2 -2 0 0 0 0 0 0 342 58 -23 12 0 0 412 0 0 0 -68 43 0 -1
0 0 0 0 0 0 0 0 0 0 0 0 0 0 0 0 195 0 0 0 0 0 0 0 0 0 0 0 0 0 0 0 -18 0 0 0 0 0 0 0 0 0 0 215 0 0 0 0 0 0
0 59 9 0 -1 0 2 30 0 -93 -116 0 10 -6 3 0 0 0 -227 106 46 0 0 0 0 12 0 138 -142 0 0 -4 0 -105 5 42 25 32 -1 -106 -92 -18 0 0 639 0 3 0 0 1
0 0 0 0 0 0 0 0 270 0 0 0 0 118 0 0 0 0 -3 0 0 0 0 0 0 0 0 0 0 0 0 0 0 0 0 0 0 0 0 0 0 0 0 0 0 545 0 426 0 -10
0 11 -9 0 -1 0 3 77 192 -8 45 0 0 -37 -272 0 0 0 0 49 58 -15 51 -56 0 -4 -178 -14 -52 -5 0 1 0 10 0 4 -69 -59 1 69 0 2 -68 0 3 0 256 -110 0 4
0 5 1 0 1 0 0 -75 -449 1 -40 0 -65 -244 -110 0 0 0 5 -39 26 -15 -10 -22 0 -1 37 5 18 -5 0 1 0 0 0 1 37 -33 6 -27 0 0 43 0 0 426 -110 -124 0 21
0 0 0 0 0 0 0 0 0 0 0 0 0 0 0 0 0 0 0 0 0 0 0 0 0 0 0 0 0 0 0 0 0 0 0 0 0 0 0 0 0 0 0 0 0 0 0 0 -905 0
0 0 1 1 1 -114 0 3 11 1 2 114 2 -20 3 0 0 0 2 -1 1 -7 1 1 -245 1 0 2 3 -2 1 1 0 0 0 1 0 2 0 -5 0 0 -1 0 1 -10 4 21 0 449

