Q_obj 
-726 0 0 0 76 0 0 0 0 0 0 0 0 41 0 0 0 -152 0 0 0 0 0 0 0 0 0 0 0 0 0 0 0 0 0 0 0 0 0 0 0 0 0 392 0 0 0 0 260 0
0 -59 -3 1 6 -5 0 0 5 -23 3 -7 -82 3 9 0 -4 3 0 0 0 0 -4 0 10 24 7 3 0 1 5 0 0 -60 -36 0 4 -3 6 -3 0 8 -1 1 -536 22 0 -7 0 21
0 -3 293 -34 -28 11 0 30 1 93 13 42 -19 -38 -15 -1 2 -13 0 0 0 0 13 0 -18 288 -3 23 39 0 0 0 0 15 0 0 1 0 192 1 -18 -9 -6 98 -2 -34 0 -51 -140 11
0 1 -34 51 63 0 0 768 -4 0 5 -91 -19 0 0 0 -19 31 0 0 0 0 2 0 0 -51 -66 0 45 0 0 0 0 15 0 1 4 0 53 -7 0 0 0 0 0 -9 0 0 0 -19
76 6 -28 63 -437 0 0 -52 1 0 0 -498 -15 -10 4 -1 3 225 0 0 0 0 53 0 0 -29 -48 0 -59 0 0 0 0 12 0 0 -7 0 43 9 0 -9 -9 108 0 13 0 -3 75 16
0 -5 11 0 0 -400 0 0 -1 85 -27 0 -10 1 -23 0 -6 0 0 0 0 0 -9 0 238 -26 0 -51 0 0 0 0 -299 8 0 1 -3 2 -15 0 0 0 0 -3 -2 18 0 -12 6 17
0 0 0 0 0 0 797 0 0 0 0 0 0 0 0 0 0 0 0 0 0 0 0 0 0 0 0 0 0 0 0 0 0 0 0 0 0 0 0 0 0 0 0 0 0 0 0 0 0 0
0 0 30 768 -52 0 0 308 4 0 -3 78 17 0 0 0 17 -25 0 0 0 0 -1 0 0 44 57 0 -38 0 0 0 0 -12 0 0 -3 0 -44 7 0 0 0 0 0 9 0 0 0 17
0 5 1 -4 1 -1 0 4 -494 0 -45 0 1 2 7 21 227 1 0 0 0 0 -38 -10 3 -1 0 11 5 13 360 0 0 0 121 80 4 130 0 281 0 0 -3 -7 5 -26 0 -26 11 13
0 -23 93 0 0 85 0 0 0 78 0 0 0 0 0 0 0 0 0 0 0 0 2 0 -153 -237 0 0 0 0 0 0 0 0 0 1 -13 0 -141 1 0 0 0 0 -13 37 0 0 0 73
0 3 13 5 0 -27 0 -3 -45 0 248 1 16 -3 110 0 -110 0 0 0 0 0 27 -1 52 -30 1 -297 -4 3 65 0 0 -11 22 5 0 -5 -18 -80 0 0 0 17 0 -38 0 59 -23 8
0 -7 42 -91 -498 0 0 78 0 0 1 -17 23 32 -4 3 -2 -244 0 0 0 0 -76 0 0 44 72 0 88 0 0 0 0 -17 0 1 11 0 -63 -11 0 14 15 0 0 -18 0 5 -4 -23
0 -82 -19 -19 -15 -10 0 17 1 0 16 23 -202 -7 -10 1 4 -7 0 0 0 0 -240 -1 19 8 -19 29 -35 2 40 0 0 441 -119 0 -3 0 30 -34 0 -22 5 2 104 31 0 33 -1 135
41 3 -38 0 -10 1 0 0 2 0 -3 32 -7 200 257 2 0 -32 0 0 0 0 23 0 -1 -16 -27 -6 0 0 0 0 0 6 0 0 -3 -1 11 3 -6 292 7 -7 0 237 0 -259 -34 -108
0 9 -15 0 4 -23 0 0 7 0 110 -4 -10 257 -624 -13 25 2 0 0 0 0 93 0 44 -16 4 203 0 0 0 0 0 8 0 0 -10 -6 -31 9 -7 -249 -83 -99 0 35 0 -280 112 7
0 0 -1 0 -1 0 0 0 21 0 0 3 1 2 -13 141 0 0 0 0 0 0 -2 0 0 -1 -2 0 0 0 0 0 0 0 0 195 1 0 2 0 0 43 42 0 0 -15 0 16 0 7
0 -4 2 -19 3 -6 0 17 227 0 -110 -2 4 0 25 0 708 2 0 0 0 0 -44 9 12 -8 -2 -67 19 -9 -284 0 0 -2 -95 -24 4 -1 -2 349 0 0 0 4 0 -8 0 14 -5 2
-152 3 -13 31 225 0 0 -25 1 0 0 -244 -7 -32 2 0 2 -783 0 0 0 0 26 0 0 -14 -23 0 -29 0 0 0 0 6 0 0 -3 0 22 4 0 -4 -4 -218 0 7 0 -1 -143 8
0 0 0 0 0 0 0 0 0 0 0 0 0 0 0 0 0 0 -559 0 0 0 0 0 0 0 0 0 0 0 0 0 0 0 0 0 0 0 0 0 0 0 0 0 0 0 0 0 0 0
0 0 0 0 0 0 0 0 0 0 0 0 0 0 0 0 0 0 0 846 0 0 0 0 0 0 0 0 0 0 0 0 0 0 0 0 0 0 0 0 0 0 0 0 0 0 0 0 0 0
0 0 0 0 0 0 0 0 0 0 0 0 0 0 0 0 0 0 0 0 163 0 0 0 0 0 0 0 0 0 0 0 0 0 0 0 0 0 0 0 0 0 0 0 0 0 0 0 0 0
0 0 0 0 0 0 0 0 0 0 0 0 0 0 0 0 0 0 0 0 0 -411 0 0 0 0 0 0 0 0 0 0 0 0 0 0 0 0 0 0 0 0 0 0 0 0 0 0 0 0
0 -4 13 2 53 -9 0 -1 -38 2 27 -76 -240 23 93 -2 -44 26 0 0 0 0 -107 3 18 110 68 29 0 -2 -77 0 0 193 -22 5 28 12 -18 19 0 75 -15 2 53 231 0 -81 -5 261
0 0 0 0 0 0 0 0 -10 0 -1 0 -1 0 0 0 9 0 0 0 0 0 3 583 0 0 0 0 0 -253 16 0 0 -1 3 2 0 0 0 -15 0 0 0 0 1 0 0 0 0 0
0 10 -18 0 0 238 0 0 3 -153 52 0 19 -1 44 0 12 0 0 0 0 0 18 0 -703 49 0 95 0 0 0 0 -164 -13 0 0 6 -2 29 1 0 0 0 7 5 -32 0 24 -9 -30
0 24 288 -51 -29 -26 0 44 -1 -237 -30 44 8 -16 -16 -1 -8 -14 0 0 0 0 110 0 49 -343 5 -57 36 0 0 0 0 -5 0 1 -20 2 -436 16 0 -1 -10 -3 8 50 0 -24 9 52
0 7 -3 -66 -48 0 0 57 0 0 1 72 -19 -27 4 -2 -2 -23 0 0 0 0 68 0 0 5 380 0 64 0 0 0 0 15 0 1 -9 0 5 9 0 -12 -12 0 0 16 0 -4 5 21
0 3 23 0 0 -51 0 0 11 0 -297 0 29 -6 203 0 -67 0 0 0 0 0 29 0 95 -57 0 -158 0 0 0 0 0 -21 0 -1 2 -9 -34 -2 0 0 0 30 0 -71 0 108 -44 15
0 0 39 45 -59 0 0 -38 5 0 -4 88 -35 0 0 0 19 -29 0 0 0 0 0 0 0 36 64 0 -560 0 0 0 0 27 0 0 7 0 -57 7 0 0 0 0 0 -17 0 0 0 -34
0 1 0 0 0 0 0 0 13 0 3 0 2 0 0 0 -9 0 0 0 0 0 -2 -253 0 0 0 0 0 678 -18 0 0 2 -3 -1 1 0 0 20 0 0 0 0 0 0 0 0 0 0
0 5 0 0 0 0 0 0 360 0 65 0 40 0 0 0 -284 0 0 0 0 0 -77 16 0 0 0 0 0 -18 353 0 0 53 -95 -38 6 0 0 557 0 0 0 0 -20 0 0 0 0 0
0 0 0 0 0 0 0 0 0 0 0 0 0 0 0 0 0 0 0 0 0 0 0 0 0 0 0 0 0 0 0 805 0 0 0 0 0 0 0 0 0 0 0 0 0 0 0 0 0 0
0 0 0 0 0 -299 0 0 0 0 0 0 0 0 0 0 0 0 0 0 0 0 0 0 -164 0 0 0 0 0 0 0 -755 0 0 0 0 0 0 0 0 0 0 0 0 0 0 0 0 0
0 -60 15 15 12 8 0 -12 0 0 -11 -17 441 6 8 0 -2 6 0 0 0 0 193 -1 -13 -5 15 -21 27 2 53 0 0 54 -158 1 3 1 -21 27 0 17 -3 -1 138 -23 0 -24 2 -101
0 -36 0 0 0 0 0 0 121 0 22 0 -119 0 0 0 -95 0 0 0 0 0 -22 3 0 0 0 0 0 -3 -95 0 0 -158 606 -12 2 0 0 186 0 0 0 0 61 0 0 0 0 0
0 0 0 1 0 1 0 0 80 1 5 1 0 0 0 195 -24 0 0 0 0 0 5 2 0 1 1 -1 0 -1 -38 0 0 1 -12 236 0 -13 1 -30 0 0 -32 1 0 3 0 3 -1 -1
0 4 1 4 -7 -3 0 -3 4 -13 0 11 -3 -3 -10 1 4 -3 0 0 0 0 28 0 6 -20 -9 2 7 1 6 0 0 3 2 0 958 0 0 -8 0 -10 3 1 1 94 0 13 1 218
0 -3 0 0 0 2 0 0 130 0 -5 0 0 -1 -6 0 -1 0 0 0 0 0 12 0 -2 2 0 -9 0 0 0 0 0 1 0 -13 0 -618 1 -83 0 0 0 8 -2 26 0 26 -10 -12
0 6 192 53 43 -15 0 -44 0 -141 -18 -63 30 11 -31 2 -2 22 0 0 0 0 -18 0 29 -436 5 -34 -57 0 0 0 0 -21 0 1 0 1 128 -1 -11 14 10 61 5 -8 0 -47 -92 15
0 -3 1 -7 9 0 0 7 281 1 -80 -11 -34 3 9 0 349 4 0 0 0 0 19 -15 1 16 9 -2 7 20 557 0 0 27 186 -30 -8 -83 -1 -241 0 11 -2 5 -2 49 0 6 -7 26
0 0 -18 0 0 0 0 0 0 0 0 0 0 -6 -7 0 0 0 0 0 0 0 0 0 0 0 0 0 0 0 0 0 0 0 0 0 0 0 -11 0 957 0 0 27 0 -7 0 -16 -39 4
0 8 -9 0 -9 0 0 0 0 0 0 14 -22 292 -249 43 0 -4 0 0 0 0 75 0 0 -1 -12 0 0 0 0 0 0 17 0 0 -10 0 14 11 0 166 254 0 0 -258 0 272 -44 162
0 -1 -6 0 -9 0 0 0 -3 0 0 15 5 7 -83 42 0 -4 0 0 0 0 -15 0 0 -10 -12 0 0 0 0 0 0 -3 0 -32 3 0 10 -2 0 254 383 0 0 -93 0 92 0 41
392 1 98 0 108 -3 0 0 -7 0 17 0 2 -7 -99 0 4 -218 0 0 0 0 2 0 7 -3 0 30 0 0 0 0 0 -1 0 1 1 8 61 5 27 0 0 -63 1 94 0 27 -45 -48
0 -536 -2 0 0 -2 0 0 5 -13 0 0 104 0 0 0 0 0 0 0 0 0 53 1 5 8 0 0 0 0 -20 0 0 138 61 0 1 -2 5 -2 0 0 0 1 572 0 0 1 0 -2
0 22 -34 -9 13 18 0 9 -26 37 -38 -18 31 237 35 -15 -8 7 0 0 0 0 231 0 -32 50 16 -71 -17 0 0 0 0 -23 0 3 94 26 -8 49 -7 -258 -93 94 0 16 0 409 -177 -238
0 0 0 0 0 0 0 0 0 0 0 0 0 0 0 0 0 0 0 0 0 0 0 0 0 0 0 0 0 0 0 0 0 0 0 0 0 0 0 0 0 0 0 0 0 0 -808 0 0 0
0 -7 -51 0 -3 -12 0 0 -26 0 59 5 33 -259 -280 16 14 -1 0 0 0 0 -81 0 24 -24 -4 108 0 0 0 0 0 -24 0 3 13 26 -47 6 -16 272 92 27 1 409 0 -10 1 -247
260 0 -140 0 75 6 0 0 11 0 -23 -4 -1 -34 112 0 -5 -143 0 0 0 0 -5 0 -9 9 5 -44 0 0 0 0 0 2 0 -1 1 -10 -92 -7 -39 -44 0 -45 0 -177 0 1 -20 91
0 21 11 -19 16 17 0 17 13 73 8 -23 135 -108 7 7 2 8 0 0 0 0 261 0 -30 52 21 15 -34 0 0 0 0 -101 0 -1 218 -12 15 26 4 162 41 -48 -2 -238 0 -247 91 -436

