Q_obj 
-40 0 -208 0 169 0 0 0 74 -338 0 -109 -19 -55 0 0 -15 0 -59 48 0 -357 0 0 35 0 0 0 4 -63 -12 11 44 0 -167 5 0 0 8 -92 214 0 87 0 0 0 0 0 0 -35
0 1000 0 0 0 0 0 0 0 0 0 0 0 0 0 0 0 0 0 0 0 0 0 0 0 0 0 0 0 0 0 0 0 0 0 0 0 0 0 0 0 0 0 0 0 0 0 0 0 0
-208 0 -241 0 -8 0 0 0 -72 2 0 -91 -18 55 0 0 19 0 37 -46 0 -7 0 0 -42 0 0 0 -3 4 21 17 42 0 -140 8 0 0 7 126 -255 1 -99 0 0 0 0 0 0 43
0 0 0 -154 0 0 3 0 0 -2 0 0 2 -182 0 0 0 61 5 -210 40 -1 0 -1 15 0 -8 -2 -184 13 19 0 -3 0 0 0 0 0 0 0 0 10 3 0 0 0 263 7 -6 0
169 0 -8 0 43 0 0 0 0 95 0 -119 27 0 0 0 0 0 -23 0 0 112 0 0 0 0 0 0 0 17 0 -2 -59 0 -182 -1 0 0 9 -4 0 0 0 0 0 0 0 0 0 0
0 0 0 0 0 -91 0 0 0 0 0 0 0 0 0 0 0 0 0 0 0 0 0 0 0 0 0 0 0 0 0 0 0 0 0 0 0 0 0 0 0 0 0 0 0 0 0 0 0 0
0 0 0 3 0 0 31 -11 0 0 0 0 36 -5 0 0 0 -1 97 -6 -38 -26 0 52 1 0 3 102 -2 1 1 0 -72 -1 0 0 0 2 0 0 0 1 1 0 0 0 4 -236 137 0
0 0 0 0 0 0 -11 766 0 0 0 0 -335 0 0 0 0 0 7 0 -332 -1 0 -2 1 0 7 9 -24 1 3 0 -157 -14 0 0 0 -91 0 0 0 2 2 0 0 0 34 0 1 0
74 0 -72 0 0 0 0 0 -378 1 0 31 0 -87 0 0 0 0 0 74 0 0 0 0 -5 0 0 0 6 -4 41 198 0 0 48 96 0 0 -2 0 0 0 25 0 0 0 0 0 0 0
-338 0 2 -2 95 0 0 0 1 247 0 241 -6 1 0 0 0 23 -135 1 0 -536 0 1 30 0 22 1 1 3 8 2 15 0 369 2 14 0 -16 1 0 0 -11 0 -6 0 -3 0 1 0
0 0 0 0 0 0 0 0 0 0 88 0 0 0 0 0 0 0 0 0 0 0 0 0 0 0 0 0 0 0 0 0 0 0 0 0 0 0 0 0 0 0 0 0 0 0 0 0 0 0
-109 0 -91 0 -119 0 0 0 31 241 0 264 5 -23 -15 15 -6 0 60 20 0 249 0 0 15 3 0 0 -4 42 -5 4 -10 0 -129 2 18 0 -15 -40 90 -116 37 0 39 5 0 0 0 -14
-19 0 -18 2 27 0 36 -335 0 -6 0 5 -607 -2 0 0 1 -1 -62 -3 77 11 0 27 -1 0 0 -26 6 0 2 -1 -404 0 8 0 0 47 0 -8 -12 0 -4 0 0 0 -7 -121 70 3
-55 0 55 -182 0 0 -5 0 -87 1 0 -23 -2 43 0 0 0 125 -7 33 0 3 0 4 -2 0 -112 4 -20 -1 -152 -149 6 0 -35 -72 0 0 2 0 0 2 -80 0 0 0 21 -11 13 0
0 0 0 0 0 0 0 0 0 0 0 -15 0 0 260 83 0 0 0 0 0 0 0 0 0 0 0 0 -35 0 0 0 0 0 11 0 -4 0 0 0 0 -678 0 0 -9 25 0 0 0 0
0 0 0 0 0 0 0 0 0 0 0 15 0 0 83 922 0 0 0 0 0 0 0 0 0 0 0 0 7 0 0 0 0 0 -9 0 0 0 0 0 0 121 0 0 0 -3 0 0 0 0
-15 0 19 0 0 0 0 0 0 0 0 -6 1 0 0 0 -108 0 -1 0 0 1 0 0 78 0 54 0 404 0 -119 13 -1 0 -9 7 0 0 1 11 -50 -20 123 0 0 0 290 0 0 371
0 0 0 61 0 0 -1 0 0 23 0 0 -1 125 0 0 0 77 -2 145 32 1 0 1 75 0 273 2 -146 -125 34 -9 3 0 0 21 -173 0 0 0 0 8 -21 0 80 0 158 -4 5 0
-59 0 37 5 -23 0 97 7 0 -135 0 60 -62 -7 0 0 -1 -2 234 -9 23 4 0 77 5 0 3 -72 2 -23 -3 4 135 -1 92 2 0 -1 -4 17 24 0 8 0 0 0 -2 -354 204 -3
48 0 -46 -210 0 0 -6 0 74 1 0 20 -3 33 0 0 0 145 -9 47 0 3 0 5 -3 0 -129 5 19 -2 138 128 7 0 31 62 0 0 -1 0 0 0 76 0 0 0 24 -14 15 0
0 0 0 40 0 0 -38 -332 0 0 0 0 77 0 0 0 0 32 23 0 -134 -6 0 0 0 0 -18 29 -37 0 4 0 14 0 0 0 0 47 0 0 0 2 3 0 0 0 58 0 0 0
-357 0 -7 -1 112 0 -26 -1 0 -536 0 249 11 3 0 0 1 1 4 3 -6 194 0 -21 -1 0 0 21 0 -95 2 0 -21 1 381 0 0 1 -17 -3 -6 1 -2 0 0 0 1 99 -56 2
0 0 0 0 0 0 0 0 0 0 0 0 0 0 0 0 0 0 0 0 0 0 904 0 0 0 0 0 0 0 0 0 0 0 0 0 0 0 0 0 0 0 0 0 0 0 0 0 0 0
0 0 0 -1 0 0 52 -2 0 1 0 0 27 4 0 0 0 1 77 5 0 -21 0 -9 0 0 0 -38 0 0 0 0 -58 -68 0 0 0 -16 0 0 0 1 0 0 0 0 1 -7 -80 0
35 0 -42 15 0 0 1 1 -5 30 0 15 -1 -2 0 0 78 75 5 -3 0 -1 0 0 113 0 100 0 -1 -163 17 -41 5 1 23 -17 53 1 -1 -25 125 1 -54 0 -24 0 -18 1 -1 179
0 0 0 0 0 0 0 0 0 0 0 3 0 0 0 0 0 0 0 0 0 0 0 0 0 -966 0 0 0 0 0 0 0 0 4 0 0 0 98 0 0 0 0 0 0 0 0 0 0 0
0 0 0 -8 0 0 3 7 0 22 0 0 0 -112 0 0 54 273 3 -129 -18 0 0 0 100 0 57 -1 85 -119 12 -10 -2 0 0 22 -186 0 0 0 0 -4 -47 0 86 0 -162 5 -4 -23
0 0 0 -2 0 0 102 9 0 1 0 0 -26 4 0 0 0 2 -72 5 29 21 0 -38 0 0 -1 89 3 0 0 0 55 1 0 0 0 -1 0 0 0 0 0 0 0 0 -2 179 -102 0
4 0 -3 -184 0 0 -2 -24 6 1 0 -4 6 -20 -35 7 404 -146 2 19 -37 0 0 0 -1 0 85 3 10 -1 -48 10 1 1 7 5 0 4 0 0 0 -3 -25 0 0 2 -277 1 0 -176
-63 0 4 13 17 0 1 1 -4 3 0 42 0 -1 0 0 0 -125 -23 -2 0 -95 0 0 -163 0 -119 0 -1 233 -44 -6 3 1 64 -6 -73 1 -2 1 0 1 64 0 34 0 22 1 0 0
-12 0 21 19 0 0 1 3 41 8 0 -5 2 -152 0 0 -119 34 -3 138 4 2 0 0 17 0 12 0 -48 -44 -354 101 -5 1 -7 49 12 0 1 26 -124 3 -195 0 -5 0 25 1 0 -159
11 0 17 0 -2 0 0 0 198 2 0 4 -1 -149 0 0 13 -9 4 128 0 0 0 0 -41 0 -10 0 10 -6 101 104 4 0 5 -119 -6 0 0 82 -177 0 -16 0 3 0 2 0 0 30
44 0 42 -3 -59 0 -72 -157 0 15 0 -10 -404 6 0 0 -1 3 135 7 14 -21 0 -58 5 0 -2 55 1 3 -5 4 113 2 -15 2 0 23 1 20 28 0 10 0 0 0 -1 270 -155 -4
0 0 0 0 0 0 -1 -14 0 0 0 0 0 0 0 0 0 0 -1 0 0 1 0 -68 1 0 0 1 1 1 1 0 2 -279 0 0 0 -101 0 0 0 0 1 0 0 0 0 -14 3 0
-167 0 -140 0 -182 0 0 0 48 369 0 -129 8 -35 11 -9 -9 0 92 31 0 381 0 0 23 4 0 0 7 64 -7 5 -15 0 150 3 -11 0 -23 -62 138 77 56 0 -25 -2 0 0 0 -22
5 0 8 0 -1 0 0 0 96 2 0 2 0 -72 0 0 7 21 2 62 0 0 0 0 -17 0 22 0 5 -6 49 -119 2 0 3 294 13 0 0 40 -85 0 -9 0 -5 0 -3 0 0 15
0 0 0 0 0 0 0 0 0 14 0 18 0 0 -4 0 0 -173 0 0 0 0 0 0 53 0 -186 0 0 -73 12 -6 0 0 -11 13 315 0 0 0 0 0 -21 0 -30 0 35 0 0 0
0 0 0 0 0 0 2 -91 0 0 0 0 47 0 0 0 0 0 -1 0 47 1 0 -16 1 0 0 -1 4 1 0 0 23 -101 0 0 0 122 0 0 0 0 0 0 0 0 -4 -3 1 0
8 0 7 0 9 0 0 0 -2 -16 0 -15 0 2 0 0 1 0 -4 -1 0 -17 0 0 -1 98 0 0 0 -2 1 0 1 0 -23 0 0 0 -675 3 -6 1 -2 0 0 0 0 0 0 2
-92 0 126 0 -4 0 0 0 0 1 0 -40 -8 0 0 0 11 0 17 0 0 -3 0 0 -25 0 0 0 0 1 26 82 20 0 -62 40 0 0 3 -445 -143 0 -47 0 0 0 0 0 0 24
214 0 -255 0 0 0 0 0 0 0 0 90 -12 0 0 0 -50 0 24 0 0 -6 0 0 125 0 0 0 0 0 -124 -177 28 0 138 -85 0 0 -6 -143 539 0 234 0 0 0 0 0 0 -116
0 0 1 10 0 0 1 2 0 0 0 -116 0 2 -678 121 -20 8 0 0 2 1 0 1 1 0 -4 0 -3 1 3 0 0 0 77 0 0 0 1 0 0 -53 2 0 0 30 15 0 1 10
87 0 -99 3 0 0 1 2 25 -11 0 37 -4 -80 0 0 123 -21 8 76 3 -2 0 0 -54 0 -47 0 -25 64 -195 -16 10 1 56 -9 -21 0 -2 -47 234 2 -81 0 11 0 24 0 1 343
0 0 0 0 0 0 0 0 0 0 0 0 0 0 0 0 0 0 0 0 0 0 0 0 0 0 0 0 0 0 0 0 0 0 0 0 0 0 0 0 0 0 0 -558 0 0 0 0 0 0
0 0 0 0 0 0 0 0 0 -6 0 39 0 0 -9 0 0 80 0 0 0 0 0 0 -24 0 86 0 0 34 -5 3 0 0 -25 -5 -30 0 0 0 0 0 11 0 262 0 -15 0 0 0
0 0 0 0 0 0 0 0 0 0 0 5 0 0 25 -3 0 0 0 0 0 0 0 0 0 0 0 0 2 0 0 0 0 0 -2 0 0 0 0 0 0 30 0 0 0 752 0 0 0 0
0 0 0 263 0 0 4 34 0 -3 0 0 -7 21 0 0 290 158 -2 24 58 1 0 1 -18 0 -162 -2 -277 22 25 2 -1 0 0 -3 35 -4 0 0 0 15 24 0 -15 0 252 0 1 -126
0 0 0 7 0 0 -236 0 0 0 0 0 -121 -11 0 0 0 -4 -354 -14 0 99 0 -7 1 0 5 179 1 1 1 0 270 -14 0 0 0 -3 0 0 0 0 0 0 0 0 0 194 317 0
0 0 0 -6 0 0 137 1 0 1 0 0 70 13 0 0 0 5 204 15 0 -56 0 -80 -1 0 -4 -102 0 0 0 0 -155 3 0 0 0 1 0 0 0 1 1 0 0 0 1 317 -55 0
-35 0 43 0 0 0 0 0 0 0 0 -14 3 0 0 0 371 0 -3 0 0 2 0 0 179 0 -23 0 -176 0 -159 30 -4 0 -22 15 0 0 2 24 -116 10 343 0 0 0 -126 0 0 581

