Q_obj 
-354 0 0 0 0 1 -1 0 0 0 6 -1 1 -217 -7 2 0 95 0 0 -1 0 0 0 0 170 1 0 0 3 1 1 0 0 0 1 0 280 2 -56 0 3 79 0 -11 25 0 0 1 0
0 414 4 0 33 -14 0 70 0 -228 0 0 0 0 0 -4 0 0 0 0 0 -147 4 -1 0 0 0 -46 -85 2 11 -8 -60 13 0 0 -2 1 0 0 63 3 0 24 -1 -1 1 0 0 -40
0 4 -43 0 64 -18 0 -118 0 6 0 0 0 0 0 149 0 0 0 0 0 -2 9 56 0 0 0 -200 3 6 38 -25 36 -1 0 0 18 1 0 0 -5 -69 0 -24 -2 -3 -18 0 0 16
0 0 0 18 43 1 0 0 0 0 0 0 0 0 0 0 0 0 0 0 241 3 1 46 14 0 0 0 0 121 1 85 24 1 0 0 -272 1 0 0 5 0 1 0 -1 -1 -13 0 0 1
0 33 64 43 443 6 0 332 0 -1 0 0 0 0 0 -82 0 0 3 -1 -36 -35 46 278 19 0 0 -298 0 -15 -13 -25 342 -1 0 0 121 -4 0 0 17 39 1 9 67 84 -87 0 0 -11
1 -14 -18 1 6 28 68 11 0 -21 1 0 0 1 -67 24 14 0 257 366 0 -8 -41 6 0 0 -141 24 -9 -21 314 100 6 -4 0 -4 24 1 0 0 -21 -11 4 -124 15 19 -1 0 -19 -20
-1 0 0 0 0 68 102 0 0 0 0 98 -46 0 73 -78 -3 0 -14 -21 0 0 0 0 0 0 9 0 0 0 40 0 0 0 0 13 0 0 -64 0 0 -167 1 0 0 0 0 0 56 -14
0 70 -118 0 332 11 0 174 0 -3 0 0 0 0 0 -105 0 0 0 0 0 -76 -6 -39 0 0 0 -32 -1 -3 -27 19 -700 8 0 0 -12 0 0 0 38 50 1 18 3 3 14 0 0 -24
0 0 0 0 0 0 0 0 -47 0 0 0 0 0 0 0 0 0 0 0 0 0 0 0 0 0 0 0 0 0 0 0 0 0 0 0 0 0 0 0 0 0 0 0 0 0 0 0 0 0
0 -228 6 0 -1 -21 0 -3 0 179 0 0 0 0 0 -6 0 0 0 0 0 -170 6 -1 0 0 0 -6 -130 3 18 -13 -1 15 0 0 -3 1 0 0 72 4 0 37 -1 -2 1 0 0 -52
6 0 0 0 0 1 0 0 0 0 566 0 0 -1 1 0 0 0 0 0 0 0 0 0 0 0 0 0 0 1 0 1 0 0 0 0 0 -10 0 -6 0 0 -3 0 139 -110 0 0 0 0
-1 0 0 0 0 0 98 0 0 0 0 305 42 0 98 71 0 0 0 0 0 0 0 0 0 0 0 0 0 0 0 0 0 0 0 0 0 0 58 0 0 151 0 0 0 0 0 0 0 0
1 0 0 0 0 0 -46 0 0 0 0 42 171 0 -46 57 0 0 0 0 0 0 0 0 0 0 0 0 0 0 0 0 0 0 0 0 0 0 95 0 0 120 0 0 0 0 0 0 0 0
-217 0 0 0 0 1 0 0 0 0 -1 0 0 -926 -3 0 0 -31 0 0 1 0 0 0 0 -57 0 0 0 0 0 0 0 0 0 0 0 -94 0 20 0 0 -26 0 4 -8 0 0 0 0
-7 0 0 0 0 -67 73 0 0 0 1 98 -46 -3 103 -78 4 2 15 22 0 0 0 0 0 3 -8 0 0 1 -39 1 0 0 0 -12 0 5 -64 0 0 -168 1 0 0 1 0 0 -55 15
2 -4 149 0 -82 24 -78 -105 0 -6 0 71 57 0 -78 402 0 0 0 0 0 3 -11 -72 0 0 0 -179 -3 -7 -48 34 -46 2 0 0 -23 0 189 0 8 40 1 33 4 5 25 0 0 -20
0 0 0 0 0 14 -3 0 0 0 0 0 0 0 4 0 -688 0 -12 -17 0 0 0 0 0 0 7 0 0 0 8 0 0 0 0 1 0 0 0 0 0 0 1 0 0 0 0 0 1 -2
95 0 0 0 0 0 0 0 0 0 0 0 0 -31 2 0 0 -795 0 0 1 0 0 0 0 -31 0 0 0 0 0 0 0 0 0 0 0 48 0 1 0 0 15 0 2 2 0 0 0 0
0 0 0 0 3 257 -14 0 0 0 0 0 0 0 15 0 -12 0 495 -487 0 0 0 2 0 0 -62 0 0 0 149 0 2 0 0 1 0 0 0 0 0 0 3 0 0 0 16 0 5 -55
0 0 0 0 -1 366 -21 0 0 0 0 0 0 0 22 0 -17 0 -487 142 0 0 0 -1 0 0 -88 0 0 0 212 0 0 0 0 2 0 0 0 0 0 0 4 0 0 0 -10 0 7 -79
-1 0 0 241 -36 0 0 0 0 0 0 0 0 1 0 0 0 1 0 0 -47 0 2 -18 23 1 0 0 0 239 1 13 -20 0 0 0 185 3 0 6 -2 0 1 0 1 -3 10 0 0 0
0 -147 -2 3 -35 -8 0 -76 0 -170 0 0 0 0 0 3 0 0 0 0 0 373 -4 0 7 0 0 49 -63 -2 12 11 65 -45 0 0 1 0 0 0 -228 -1 0 -13 2 2 1 0 0 -9
0 4 9 1 46 -41 0 -6 0 6 0 0 0 0 0 -11 0 0 0 0 2 -4 421 -74 -5 0 0 -10 3 -98 78 468 26 -186 0 0 100 3 0 0 26 6 0 61 -35 -44 1 0 0 16
0 -1 56 46 278 6 0 -39 0 -1 0 0 0 0 0 -72 0 0 2 -1 -18 0 -74 461 -31 0 0 -67 0 -7 -11 -13 155 7 0 0 114 7 0 0 -2 34 1 8 -95 -120 -76 0 0 -4
0 0 0 14 19 0 0 0 0 0 0 0 0 0 0 0 0 0 0 0 23 7 -5 -31 252 0 0 0 0 14 2 -3 11 3 0 0 10 0 0 0 15 0 0 0 7 9 1 0 0 2
170 0 0 0 0 0 0 0 0 0 0 0 0 -57 3 0 0 -31 0 0 1 0 0 0 0 -835 0 0 0 0 0 0 0 0 0 0 0 86 0 2 0 0 26 0 3 3 0 0 0 0
1 0 0 0 0 -141 9 0 0 0 0 0 0 0 -8 0 7 0 -62 -88 0 0 0 0 0 0 -505 0 0 0 -82 0 0 0 0 0 0 0 0 0 0 0 -1 0 0 0 0 0 -2 31
0 -46 -200 0 -298 24 0 -32 0 -6 0 0 0 0 0 -179 0 0 0 0 0 49 -10 -67 0 0 0 138 -3 -6 -44 31 356 -2 0 0 -21 0 0 0 -12 84 1 30 4 5 23 0 0 -10
0 -85 3 0 0 -9 0 -1 0 -130 0 0 0 0 0 -3 0 0 0 0 0 -63 3 0 0 0 0 -3 349 2 9 -6 0 6 0 0 -1 1 0 0 27 2 0 18 0 -1 1 0 0 -21
3 2 6 121 -15 -21 0 -3 0 3 1 0 0 0 1 -7 0 0 0 0 239 -2 -98 -7 14 0 0 -6 2 -332 40 22 -8 10 0 0 133 -4 0 -9 -9 4 -1 31 6 14 4 0 0 8
1 11 38 1 -13 314 40 -27 0 18 0 0 0 0 -39 -48 8 0 149 212 1 12 78 -11 2 0 -82 -44 9 40 -297 -185 -5 5 0 -2 -43 2 0 0 21 23 4 255 -26 -33 4 0 -11 79
1 -8 -25 85 -25 100 0 19 0 -13 1 0 0 0 1 34 0 0 0 0 13 11 468 -13 -3 0 0 31 -6 22 -185 -530 -14 -47 0 0 -121 3 0 -1 37 -15 1 -144 -45 -56 7 0 0 -36
0 -60 36 24 342 6 0 -700 0 -1 0 0 0 0 0 -46 0 0 2 0 -20 65 26 155 11 0 0 356 0 -8 -5 -14 21 -7 0 0 68 -2 0 0 -26 22 1 5 37 47 -48 0 0 9
0 13 -1 1 -1 -4 0 8 0 15 0 0 0 0 0 2 0 0 0 0 0 -45 -186 7 3 0 0 -2 6 10 5 -47 -7 -661 0 0 -11 4 0 0 118 0 0 -7 -50 -63 1 0 0 -8
0 0 0 0 0 0 0 0 0 0 0 0 0 0 0 0 0 0 0 0 0 0 0 0 0 0 0 0 0 0 0 0 0 0 -200 0 0 0 0 0 0 0 0 0 0 0 0 0 0 0
1 0 0 0 0 -4 13 0 0 0 0 0 0 0 -12 0 1 0 1 2 0 0 0 0 0 0 0 0 0 0 -2 0 0 0 0 80 0 0 0 0 0 0 0 0 0 0 0 0 69 1
0 -2 18 -272 121 24 0 -12 0 -3 0 0 0 0 0 -23 0 0 0 0 185 1 100 114 10 0 0 -21 -1 133 -43 -121 68 -11 0 0 159 1 0 0 4 11 1 -28 -9 -12 -37 0 0 -10
280 1 1 1 -4 1 0 0 0 1 -10 0 0 -94 5 0 0 48 0 0 3 0 3 7 0 86 0 0 1 -4 2 3 -2 4 0 0 1 -669 0 111 0 1 -172 2 34 -33 1 0 0 1
2 0 0 0 0 0 -64 0 0 0 0 58 95 0 -64 189 0 0 0 0 0 0 0 0 0 0 0 0 0 0 0 0 0 0 0 0 0 0 154 0 0 404 0 0 0 0 0 0 0 0
-56 0 0 0 0 0 0 0 0 0 -6 0 0 20 0 0 0 1 0 0 6 0 0 0 0 2 0 0 0 -9 0 -1 0 0 0 0 0 111 0 -199 0 0 36 0 25 -13 0 0 0 0
0 63 -5 5 17 -21 0 38 0 72 0 0 0 0 0 8 0 0 0 0 -2 -228 26 -2 15 0 0 -12 27 -9 21 37 -26 118 0 0 4 0 0 0 -97 -3 0 -38 15 18 1 0 0 -42
3 3 -69 0 39 -11 -167 50 0 4 0 151 120 0 -168 40 0 0 0 0 0 -1 6 34 0 0 0 84 2 4 23 -15 22 0 0 0 11 1 404 0 -3 468 0 -15 -1 -2 -11 0 0 10
79 0 0 1 1 4 1 1 0 0 -3 0 0 -26 1 1 1 15 3 4 1 0 0 1 0 26 -1 1 0 -1 4 1 1 0 0 0 1 -172 0 36 0 0 -350 -1 8 -15 0 0 0 0
0 24 -24 0 9 -124 0 18 0 37 0 0 0 0 0 33 0 0 0 0 0 -13 61 8 0 0 0 30 18 31 255 -144 5 -7 0 0 -28 2 0 0 -38 -15 -1 -153 -20 -25 -2 0 0 106
-11 -1 -2 -1 67 15 0 3 0 -1 139 0 0 4 0 4 0 2 0 0 1 2 -35 -95 7 3 0 4 0 6 -26 -45 37 -50 0 0 -9 34 0 25 15 -1 8 -20 -334 -154 0 0 0 -5
25 -1 -3 -1 84 19 0 3 0 -2 -110 0 0 -8 1 5 0 2 0 0 -3 2 -44 -120 9 3 0 5 -1 14 -33 -56 47 -63 0 0 -12 -33 0 -13 18 -2 -15 -25 -154 -410 0 0 0 -6
0 1 -18 -13 -87 -1 0 14 0 1 0 0 0 0 0 25 0 0 16 -10 10 1 1 -76 1 0 0 23 1 4 4 7 -48 1 0 0 -37 1 0 0 1 -11 0 -2 0 0 299 0 0 2
0 0 0 0 0 0 0 0 0 0 0 0 0 0 0 0 0 0 0 0 0 0 0 0 0 0 0 0 0 0 0 0 0 0 0 0 0 0 0 0 0 0 0 0 0 0 0 -352 0 0
1 0 0 0 0 -19 56 0 0 0 0 0 0 0 -55 0 1 0 5 7 0 0 0 0 0 0 -2 0 0 0 -11 0 0 0 0 69 0 0 0 0 0 0 0 0 0 0 0 0 375 5
0 -40 16 1 -11 -20 -14 -24 0 -52 0 0 0 0 15 -20 -2 0 -55 -79 0 -9 16 -4 2 0 31 -10 -21 8 79 -36 9 -8 0 1 -10 1 0 0 -42 10 0 106 -5 -6 2 0 5 331

