Q_obj 
-536 36 0 0 0 0 0 0 0 0 21 299 2 29 0 0 -27 28 0 15 0 0 0 0 -142 0 0 0 0 -31 -22 14 -8 0 0 0 0 0 -93 -75 -13 0 0 -14 0 0 -4 0 82 0
36 406 0 0 0 0 0 0 0 0 18 -2 0 9 0 0 0 -39 0 -285 0 0 0 0 -167 0 0 0 0 0 32 -167 -9 0 0 0 0 0 1 -22 20 0 0 -4 0 0 0 0 25 0
0 0 340 0 0 0 21 1 1 0 0 -3 -222 0 -4 1 -22 0 0 0 0 15 1 -37 0 123 0 -30 0 -41 0 0 0 -81 0 0 10 0 -9 0 0 87 59 0 12 -51 379 10 0 21
0 0 0 195 0 -61 0 0 0 0 0 -43 0 0 0 0 0 0 0 0 0 -75 0 0 0 0 0 0 0 0 0 0 0 0 0 0 0 0 -139 0 0 0 0 0 0 0 0 -47 0 0
0 0 0 0 854 0 0 0 0 0 0 0 0 0 0 0 0 0 0 0 0 0 0 0 0 0 0 0 0 0 0 0 0 0 0 0 0 0 0 0 0 0 0 0 0 0 0 0 0 0
0 0 0 -61 0 -508 0 0 0 0 0 4 0 0 0 0 0 0 0 0 0 7 0 0 0 0 0 0 0 0 0 0 0 0 0 0 0 0 13 0 0 0 0 0 0 0 0 5 0 0
0 0 21 0 0 0 147 117 520 0 0 -2 -6 0 -4 0 -1 5 0 0 0 14 154 5 0 -1 0 -28 0 0 0 0 0 -75 0 0 -178 -325 -9 0 9 80 2 0 0 1 11 9 0 -2
0 0 1 0 0 0 117 -315 125 0 0 1 0 0 1 0 0 70 0 0 0 -2 204 1 0 0 0 6 0 0 108 0 0 16 0 0 52 174 2 0 -31 -16 1 0 0 1 1 -1 0 0
0 0 1 0 0 0 520 125 -2 0 0 3 0 2 4 1 0 -2 0 0 0 -12 165 1 0 0 0 27 0 0 0 0 0 69 -1 -6 232 -347 9 0 -4 -72 1 3 0 1 1 -8 0 0
0 0 0 0 0 0 0 0 0 -609 0 0 0 0 0 0 0 0 0 0 0 0 0 0 0 0 0 0 0 0 0 0 0 0 0 0 0 0 0 0 0 0 0 0 0 0 0 0 0 0
21 18 0 0 0 0 0 0 0 0 192 -1 0 5 0 0 0 -22 0 7 0 0 0 0 -96 0 0 0 0 0 19 8 -5 0 0 0 0 0 1 -12 12 0 0 -2 0 0 0 0 14 0
299 -2 -3 -43 0 4 -2 1 3 0 -1 -459 1 -70 -1 1 3 9 0 -1 0 -189 1 0 11 1 0 -7 0 3 -7 -1 1 1 -5 -5 -1 -1 -1 185 -8 0 0 35 0 0 -1 -119 -198 1
2 0 -222 0 0 0 -6 0 0 0 0 1 -258 1 2 0 0 -1 0 1 0 87 0 -52 2 15 0 9 0 -13 2 0 1 25 1 1 -2 1 3 0 1 -25 -1 0 0 -8 -22 -147 1 22
29 9 0 0 0 0 0 0 2 0 5 -70 1 616 0 0 -6 -14 0 4 0 0 0 0 -34 0 0 0 0 -7 -10 4 -1 -78 0 40 0 0 23 341 -62 -74 0 -245 0 0 -1 0 -138 0
0 0 -4 0 0 0 -4 1 4 0 0 -1 2 0 -588 1 1 -2 0 0 0 6 2 -1 0 1 0 189 0 1 0 0 0 2 -7 -8 -1 -2 -3 0 -4 -1 0 0 0 0 -2 4 0 1
0 0 1 0 0 0 0 0 1 0 0 1 0 0 1 -874 0 -3 0 0 0 -2 0 1 0 0 0 5 0 0 0 0 0 -1 109 -11 0 0 2 0 -6 2 1 0 0 1 1 -1 0 0
-27 0 -22 0 0 0 -1 0 0 0 0 3 0 -6 1 0 -5 32 0 0 0 0 0 -41 -25 -52 0 2 0 180 -24 1 -1 5 1 1 0 1 0 18 -15 -4 1 4 105 32 16 0 -19 65
28 -39 0 0 0 0 5 70 -2 0 -22 9 -1 -14 -2 -3 32 -183 0 -16 0 8 93 0 161 1 0 -15 0 36 185 -15 10 5 34 155 2 65 -8 -33 227 -5 1 -62 0 0 5 5 36 1
0 0 0 0 0 0 0 0 0 0 0 0 0 0 0 0 0 0 799 0 0 0 0 0 0 0 0 0 0 0 0 0 0 0 0 0 0 0 0 0 0 0 0 0 0 0 0 0 0 0
15 -285 0 0 0 0 0 0 0 0 7 -1 1 4 0 0 0 -16 0 686 0 0 0 0 -66 0 0 0 0 0 14 211 -327 0 0 0 0 0 1 -9 9 0 0 -1 0 0 0 0 10 0
0 0 0 0 0 0 0 0 0 0 0 0 0 0 0 0 0 0 0 0 -266 0 0 0 0 0 0 0 0 0 0 0 0 0 0 0 0 0 0 0 0 0 0 0 0 0 0 0 0 0
0 0 15 -75 0 7 14 -2 -12 0 0 -189 87 0 6 -2 0 8 0 0 0 230 -3 4 0 0 0 35 0 -4 0 0 0 -3 26 28 7 8 -604 0 16 5 -22 0 0 1 65 121 0 -1
0 0 1 0 0 0 154 204 165 0 0 1 0 0 2 0 0 93 0 0 0 -3 -199 1 0 0 0 8 0 0 143 0 0 21 0 0 69 230 3 0 -41 -21 1 0 0 1 1 -2 0 0
0 0 -37 0 0 0 5 1 1 0 0 0 -52 0 -1 1 -41 0 0 0 0 4 1 254 0 -501 0 -7 0 22 0 0 0 -19 0 0 3 0 -2 0 0 21 14 0 154 240 93 3 0 -59
-142 -167 0 0 0 0 0 0 0 0 -96 11 2 -34 0 0 -25 161 0 -66 0 0 0 0 34 0 0 0 0 -28 -127 -71 51 0 0 0 0 0 -3 91 -78 0 0 17 0 0 -3 0 -97 0
0 0 123 0 0 0 -1 0 0 0 0 1 15 0 1 0 -52 1 0 0 0 0 0 -501 0 324 0 3 0 51 0 0 0 6 1 1 0 1 1 0 1 -5 -3 0 -37 257 -21 0 0 191
0 0 0 0 0 0 0 0 0 0 0 0 0 0 0 0 0 0 0 0 0 0 0 0 0 0 -93 0 0 0 0 0 0 0 0 0 0 0 0 0 0 0 0 0 0 0 0 0 0 0
0 0 -30 0 0 0 -28 6 27 0 0 -7 9 0 189 5 2 -15 0 0 0 35 8 -7 0 3 0 694 0 2 0 0 0 9 -52 -57 -12 -16 -24 0 -32 -8 -2 0 0 -1 -15 23 0 3
0 0 0 0 0 0 0 0 0 0 0 0 0 0 0 0 0 0 0 0 0 0 0 0 0 0 0 0 310 0 0 0 0 0 0 0 0 0 0 0 0 0 0 0 0 0 0 0 0 0
-31 0 -41 0 0 0 0 0 0 0 0 3 -13 -7 1 0 180 36 0 0 0 -4 0 22 -28 51 0 2 0 32 -28 1 -1 3 1 1 0 1 0 20 -17 -2 4 4 -92 -30 46 7 -21 -50
-22 32 0 0 0 0 0 108 0 0 19 -7 2 -10 0 0 -24 185 0 14 0 0 143 0 -127 0 0 0 0 -28 -152 13 -7 0 0 0 0 106 3 27 -90 0 0 5 0 0 -3 0 -28 0
14 -167 0 0 0 0 0 0 0 0 8 -1 0 4 0 0 1 -15 0 211 0 0 0 0 -71 0 0 0 0 1 13 474 529 0 0 0 0 0 1 -8 8 0 1 -1 0 0 1 0 10 0
-8 -9 0 0 0 0 0 0 0 0 -5 1 1 -1 0 0 -1 10 0 -327 0 0 0 0 51 0 0 0 0 -1 -7 529 -517 0 0 0 0 0 0 6 -4 0 0 1 0 0 0 0 -5 0
0 0 -81 0 0 0 -75 16 69 0 0 1 25 -78 2 -1 5 5 0 0 0 -3 21 -19 0 6 0 9 0 3 0 0 0 563 14 16 -33 -42 3 204 10 -154 -6 39 0 -3 -41 -2 224 8
0 0 0 0 0 0 0 0 -1 0 0 -5 1 0 -7 109 1 34 0 0 0 26 0 0 0 1 0 -52 0 1 0 0 0 14 -283 122 0 0 -17 0 70 -14 0 0 0 0 0 16 0 1
0 0 0 0 0 0 0 0 -6 0 0 -5 1 40 -8 -11 1 155 0 0 0 28 0 0 0 1 0 -57 0 1 0 0 0 16 122 611 0 0 -19 0 315 -15 0 82 0 0 0 18 0 1
0 0 10 0 0 0 -178 52 232 0 0 -1 -2 0 -1 0 0 2 0 0 0 7 69 3 0 0 0 -12 0 0 0 0 0 -33 0 0 467 -145 -4 0 4 36 1 0 0 1 5 4 0 0
0 0 0 0 0 0 -325 174 -347 0 0 -1 1 0 -2 0 1 65 0 0 0 8 230 0 0 1 0 -16 0 1 106 0 0 -42 0 0 -145 -360 -5 0 -39 46 0 0 0 0 0 5 0 1
-93 1 -9 -139 0 13 -9 2 9 0 1 -1 3 23 -3 2 0 -8 0 1 0 -604 3 -2 -3 1 0 -24 0 0 3 1 0 3 -17 -19 -4 -5 -465 -57 -9 -2 0 -10 0 0 -5 -381 63 1
-75 -22 0 0 0 0 0 0 0 0 -12 185 0 341 0 0 18 -33 0 -9 0 0 0 0 91 0 0 0 0 20 27 -8 6 204 0 0 0 0 -57 10 17 194 1 -167 0 0 3 0 362 0
-13 20 0 0 0 0 9 -31 -4 0 12 -8 1 -62 -4 -6 -15 227 0 9 0 16 -41 0 -78 1 0 -32 0 -17 -90 8 -4 10 70 315 4 -39 -9 17 169 -10 0 -112 0 0 -2 10 -17 1
0 0 87 0 0 0 80 -16 -72 0 0 0 -25 -74 -1 2 -4 -5 0 0 0 5 -21 21 0 -5 0 -8 0 -2 0 0 0 -154 -14 -15 36 46 -2 194 -10 579 7 37 0 4 44 3 213 -8
0 0 59 0 0 0 2 1 1 0 0 0 -1 0 0 1 1 1 0 0 0 -22 1 14 0 -3 0 -2 0 4 0 1 0 -6 0 0 1 0 0 1 0 7 -264 1 0 3 6 39 0 -5
-14 -4 0 0 0 0 0 0 3 0 -2 35 0 -245 0 0 4 -62 0 -1 0 0 0 0 17 0 0 0 0 4 5 -1 1 39 0 82 0 0 -10 -167 -112 37 1 237 0 0 1 0 69 0
0 0 12 0 0 0 0 0 0 0 0 0 0 0 0 0 105 0 0 0 0 0 0 154 0 -37 0 0 0 -92 0 0 0 0 0 0 0 0 0 0 0 0 0 0 -143 23 -6 0 0 467
0 0 -51 0 0 0 1 1 1 0 0 0 -8 0 0 1 32 0 0 0 0 1 1 240 0 257 0 -1 0 -30 0 0 0 -3 0 0 1 0 0 0 0 4 3 0 23 470 13 1 0 -88
-4 0 379 0 0 0 11 1 1 0 0 -1 -22 -1 -2 1 16 5 0 0 0 65 1 93 -3 -21 0 -15 0 46 -3 1 0 -41 0 0 5 0 -5 3 -2 44 6 1 -6 13 -229 -85 -2 -41
0 0 10 -47 0 5 9 -1 -8 0 0 -119 -147 0 4 -1 0 5 0 0 0 121 -2 3 0 0 0 23 0 7 0 0 0 -2 16 18 4 5 -381 0 10 3 39 0 0 1 -85 115 0 0
82 25 0 0 0 0 0 0 0 0 14 -198 1 -138 0 0 -19 36 0 10 0 0 0 0 -97 0 0 0 0 -21 -28 10 -5 224 0 0 0 0 63 362 -17 213 0 69 0 0 -2 0 -144 0
0 0 21 0 0 0 -2 0 0 0 0 1 22 0 1 0 65 1 0 0 0 -1 0 -59 0 191 0 3 0 -50 0 0 0 8 1 1 0 1 1 0 1 -8 -5 0 467 -88 -41 0 0 177

