Q_obj 
-628 0 -4 0 -332 -10 -39 0 1 -149 7 1 0 0 3 1 2 2 1 0 3 0 -2 1 1 1 3 75 0 -192 3 1 -70 0 1 2 1 0 0 -2 1 0 1 0 1 0 0 31 -1 0
0 -437 0 0 0 0 0 0 0 0 0 0 0 0 0 0 -144 0 0 0 0 0 0 0 0 0 0 0 0 0 0 703 0 0 0 0 0 0 0 0 0 0 0 0 0 0 0 0 0 0
-4 0 -791 0 -8 180 1 6 -34 0 3 0 0 0 -66 -46 6 0 -19 -4 11 0 -290 0 52 13 0 2 1 9 4 2 27 -2 0 22 11 1 6 -94 42 0 0 -6 9 0 0 -80 2 -1
0 0 0 104 0 0 0 0 0 0 0 0 0 0 0 0 0 0 0 0 0 0 0 0 0 0 0 0 0 0 0 0 0 0 0 0 0 0 0 0 0 0 0 0 0 0 -76 0 0 0
-332 0 -8 0 -431 -18 0 0 8 -46 13 0 0 0 6 14 3 0 0 0 -154 0 -4 0 3 2 0 107 0 -119 0 1 -139 0 0 39 0 0 0 2 0 0 16 0 1 0 0 -18 -33 0
-10 0 180 0 -18 -599 0 -2 18 -1 -6 0 0 0 11 25 12 0 1 -1 20 0 58 0 -26 -6 0 3 0 20 0 3 55 2 0 -11 1 0 -4 13 0 0 1 4 -4 0 0 -153 0 1
-39 0 1 0 0 0 279 0 0 283 1 -3 0 0 0 0 0 -9 -4 0 0 0 -1 -3 0 0 -14 0 1 0 -11 0 1 0 -1 0 0 1 0 -1 0 0 0 0 0 0 0 0 0 0
0 0 6 0 0 -2 0 257 0 0 -73 0 0 0 -23 -48 0 0 0 0 0 0 8 0 53 -160 0 0 0 0 0 0 -7 57 0 21 0 0 -197 4 0 0 0 0 -111 0 0 1 0 27
1 0 -34 0 8 18 0 0 -89 1 0 0 0 0 -2 349 0 0 -15 49 20 0 -10 0 -357 -160 0 0 0 -12 6 0 1 0 0 -105 0 0 0 1 1 0 -277 -104 -110 0 0 0 32 0
-149 0 0 0 -46 -1 283 0 1 425 1 -4 0 0 1 1 1 -12 -4 1 1 0 0 -4 1 1 -19 11 2 -26 -14 1 -9 0 -2 1 0 2 1 1 -3 0 1 0 1 0 0 5 0 0
7 0 3 0 13 -6 1 -73 0 1 349 0 0 0 42 -29 1 0 -11 -4 -14 0 -15 0 32 -98 0 -7 1 -13 3 1 4 72 0 13 7 1 -116 -3 27 0 0 0 -68 0 0 -18 1 74
1 0 0 0 0 0 -3 0 0 -4 0 -106 0 0 1 0 0 -65 -28 0 0 0 1 814 0 0 100 0 7 0 -77 0 0 0 13 0 0 6 1 1 -6 0 0 0 0 0 0 1 0 0
0 0 0 0 0 0 0 0 0 0 0 0 -22 0 0 0 0 0 0 0 0 0 0 0 0 0 0 0 0 0 0 0 0 0 0 0 0 0 0 0 0 0 0 0 0 0 0 0 0 0
0 0 0 0 0 0 0 0 0 0 0 0 0 569 0 0 0 0 0 0 0 0 0 0 0 0 0 0 0 0 0 0 0 0 0 0 0 0 0 0 0 0 0 0 0 0 0 0 0 0
3 0 -66 0 6 11 0 -23 -2 1 42 1 0 0 258 -12 1 1 8 3 -6 0 -57 1 14 -30 1 -3 0 -6 -1 1 4 23 1 6 -3 0 -65 68 -15 0 0 0 -20 0 0 -9 1 -167
1 0 -46 0 14 25 0 -48 349 1 -29 0 0 0 -12 204 0 25 6 -26 33 0 -12 0 282 -116 0 0 0 -22 -23 0 -3 23 0 -414 9 0 -79 2 -2 0 32 61 -80 0 0 1 55 11
2 -144 6 0 3 12 0 0 0 1 1 0 0 0 1 0 -361 0 0 0 -2 0 2 0 0 0 0 0 0 -2 0 -206 -7 0 0 0 0 0 0 -1 0 0 0 0 0 0 0 21 0 0
2 0 0 0 0 0 -9 0 0 -12 0 -65 0 0 1 25 0 305 -28 0 0 0 1 -61 28 0 291 0 28 0 -75 0 0 0 37 -10 0 -38 1 1 -6 0 0 0 0 0 0 1 0 0
1 0 -19 0 0 1 -4 0 -15 -4 -11 -28 0 0 8 6 0 -28 -271 -335 0 0 58 -27 -17 -4 128 0 13 0 201 0 -1 0 17 8 573 -17 7 70 3 0 13 -3 -3 0 0 6 0 0
0 0 -4 0 0 -1 0 0 49 1 -4 0 0 0 3 -26 0 0 -335 554 0 0 23 0 30 14 0 0 0 0 125 0 0 0 0 15 214 0 3 27 6 0 -37 12 10 0 0 3 0 0
3 0 11 0 -154 20 0 0 20 1 -14 0 0 0 -6 33 -2 0 0 0 -367 0 5 0 7 3 0 -78 0 277 0 0 161 0 0 95 -1 0 0 -5 0 0 38 0 3 0 0 72 -80 0
0 0 0 0 0 0 0 0 0 0 0 0 0 0 0 0 0 0 0 0 0 -891 0 0 0 0 0 0 0 0 0 0 0 0 0 0 0 0 0 0 0 0 0 0 0 0 0 0 0 0
-2 0 -290 0 -4 58 -1 8 -10 0 -15 1 0 0 -57 -12 2 1 58 23 5 0 37 1 14 12 1 2 0 5 -10 1 8 -5 1 6 -30 0 27 300 -125 0 0 -1 8 0 0 3 1 39
1 0 0 0 0 0 -3 0 0 -4 0 814 0 0 1 0 0 -61 -27 0 0 0 1 -205 0 0 94 0 7 0 -72 0 0 0 12 0 0 6 1 1 -6 0 0 0 0 0 0 1 0 0
1 0 52 0 3 -26 0 53 -357 1 32 0 0 0 14 282 0 28 -17 30 7 0 14 0 393 128 0 0 0 -4 -16 0 4 -24 0 -105 0 0 86 -1 -1 0 -1 -65 89 0 0 0 11 -11
1 0 13 0 2 -6 0 -160 -160 1 -98 0 0 0 -30 -116 0 0 -4 14 3 0 12 0 128 -396 0 0 0 -1 2 0 -10 75 0 56 0 0 -263 5 1 0 0 -29 -6 0 0 1 5 36
3 0 0 0 0 0 -14 0 0 -19 0 100 0 0 1 0 0 291 128 0 0 0 1 94 0 0 88 0 -29 0 343 0 0 0 30 0 0 -24 1 1 31 0 0 0 0 0 0 1 0 0
75 0 2 0 107 3 0 0 0 11 -7 0 0 0 -3 0 0 0 0 0 -78 0 2 0 0 0 0 -464 0 -53 0 0 83 0 0 0 1 0 0 1 0 0 0 0 0 0 0 -10 1 0
0 0 1 0 0 0 1 0 0 2 1 7 0 0 0 0 0 28 13 0 0 0 0 7 0 0 -29 0 910 0 33 0 1 0 -3 0 0 -2 0 0 3 0 0 0 0 0 0 0 0 0
-192 0 9 0 -119 20 0 0 -12 -26 -13 0 0 0 -6 -22 -2 0 0 0 277 0 5 0 -4 -1 0 -53 0 -275 0 0 157 0 0 -63 2 0 0 -7 0 0 -24 0 -1 0 0 95 55 0
3 0 4 0 0 0 -11 0 6 -14 3 -77 0 0 -1 -23 0 -75 201 125 0 0 -10 -72 -16 2 343 0 33 0 190 0 1 0 44 7 -212 -45 -1 -12 21 0 -4 2 2 0 0 0 0 0
1 703 2 0 1 3 0 0 0 1 1 0 0 0 1 0 -206 0 0 0 0 0 1 0 0 0 0 0 0 0 0 600 -1 0 0 0 0 0 0 0 0 0 0 0 0 0 0 5 0 0
-70 0 27 0 -139 55 1 -7 1 -9 4 0 0 0 4 -3 -7 0 -1 0 161 0 8 0 4 -10 0 83 1 157 1 -1 327 8 0 2 1 1 -13 -16 3 0 1 0 -7 0 0 207 0 0
0 0 -2 0 0 2 0 57 0 0 72 0 0 0 23 23 0 0 0 0 0 0 -5 0 -24 75 0 0 0 0 0 0 8 763 0 -9 0 0 192 -3 0 0 0 0 52 0 0 0 0 -25
1 0 0 0 0 0 -1 0 0 -2 0 13 0 0 1 0 0 37 17 0 0 0 1 12 0 0 30 0 -3 0 44 0 0 0 -141 0 0 -3 1 1 4 0 0 0 0 0 0 1 0 0
2 0 22 0 39 -11 0 21 -105 1 13 0 0 0 6 -414 0 -10 8 15 95 0 6 0 -105 56 0 0 0 -63 7 0 2 -9 0 -554 19 0 34 -1 1 0 69 -25 39 0 0 0 155 -4
1 0 11 0 0 1 0 0 0 0 7 0 0 0 -3 9 0 0 573 214 -1 0 -30 0 0 0 0 1 0 2 -212 0 1 0 0 19 589 0 -3 -37 -10 0 -1 0 0 0 0 -2 -2 0
0 0 1 0 0 0 1 0 0 2 1 6 0 0 0 0 0 -38 -17 0 0 0 0 6 0 0 -24 0 -2 0 -45 0 1 0 -3 0 0 -968 0 0 -4 0 0 0 0 0 0 0 0 0
0 0 6 0 0 -4 0 -197 0 1 -116 1 0 0 -65 -79 0 1 7 3 0 0 27 1 86 -263 1 0 0 0 -1 0 -13 192 1 34 -3 0 74 6 -14 0 0 0 -182 0 0 1 0 -25
-2 0 -94 0 2 13 -1 4 1 1 -3 1 0 0 68 2 -1 1 70 27 -5 0 300 1 -1 5 1 1 0 -7 -12 0 -16 -3 1 -1 -37 0 6 215 -153 0 1 0 4 0 0 16 0 1
1 0 42 0 0 0 0 0 1 -3 27 -6 0 0 -15 -2 0 -6 3 6 0 0 -125 -6 -1 1 31 0 3 0 21 0 3 0 4 1 -10 -4 -14 -153 28 0 0 1 1 0 0 -11 0 0
0 0 0 0 0 0 0 0 0 0 0 0 0 0 0 0 0 0 0 0 0 0 0 0 0 0 0 0 0 0 0 0 0 0 0 0 0 0 0 0 0 175 0 0 0 0 0 0 0 0
1 0 0 0 16 1 0 0 -277 1 0 0 0 0 0 32 0 0 13 -37 38 0 0 0 -1 0 0 0 0 -24 -4 0 1 0 0 69 -1 0 0 1 0 0 -755 82 0 0 0 0 62 0
0 0 -6 0 0 4 0 0 -104 0 0 0 0 0 0 61 0 0 -3 12 0 0 -1 0 -65 -29 0 0 0 0 2 0 0 0 0 -25 0 0 0 0 1 0 82 -48 -20 0 0 0 0 0
1 0 9 0 1 -4 0 -111 -110 1 -68 0 0 0 -20 -80 0 0 -3 10 3 0 8 0 89 -6 0 0 0 -1 2 0 -7 52 0 39 0 0 -182 4 1 0 0 -20 -392 0 0 1 4 25
0 0 0 0 0 0 0 0 0 0 0 0 0 0 0 0 0 0 0 0 0 0 0 0 0 0 0 0 0 0 0 0 0 0 0 0 0 0 0 0 0 0 0 0 0 669 0 0 0 0
0 0 0 -76 0 0 0 0 0 0 0 0 0 0 0 0 0 0 0 0 0 0 0 0 0 0 0 0 0 0 0 0 0 0 0 0 0 0 0 0 0 0 0 0 0 0 107 0 0 0
31 0 -80 0 -18 -153 0 1 0 5 -18 1 0 0 -9 1 21 1 6 3 72 0 3 1 0 1 1 -10 0 95 0 5 207 0 1 0 -2 0 1 16 -11 0 0 0 1 0 0 13 1 1
-1 0 2 0 -33 0 0 0 32 0 1 0 0 0 1 55 0 0 0 0 -80 0 1 0 11 5 0 1 0 55 0 0 0 0 0 155 -2 0 0 0 0 0 62 0 4 0 0 1 -668 0
0 0 -1 0 0 1 0 27 0 0 74 0 0 0 -167 11 0 0 0 0 0 0 39 0 -11 36 0 0 0 0 0 0 0 -25 0 -4 0 0 -25 1 0 0 0 0 25 0 0 1 0 -116

