Q_obj 
449 0 0 0 0 0 0 0 0 0 0 1 0 0 0 0 0 0 0 0 0 0 0 1 0 0 0 0 0 0 0 0 0 0 0 0 -115 0 0 0 1 0 1 0 0 1 0 0 -218 0
0 183 1 4 1 -4 3 3 0 8 6 -1 -2 0 0 1 0 5 23 0 0 0 -1 0 7 0 28 66 -6 0 -8 -471 0 0 22 0 0 68 0 5 0 -11 0 0 8 0 1 5 0 -69
0 1 -26 0 0 6 -2 1 0 -8 2 0 -1 0 0 0 0 0 0 0 0 0 0 0 1 0 0 0 0 0 0 0 0 0 -1 0 0 0 0 -4 0 0 0 0 1 0 0 1 0 0
0 4 0 390 0 0 0 0 0 0 0 -7 0 7 0 0 -188 -1 0 0 0 0 -31 0 -18 0 1 44 19 0 24 0 0 0 52 0 0 -20 0 -14 9 32 4 0 0 0 0 0 0 -21
0 1 0 0 -124 -6 4 4 0 11 8 -7 -6 -17 0 -101 -121 0 23 0 0 0 0 0 104 0 -18 0 -106 -38 -56 0 0 0 -211 0 0 -1 0 74 0 -179 0 0 8 0 -136 6 0 0
0 -4 6 0 -6 -130 -29 -80 0 107 -186 -12 164 0 0 -3 -4 2 158 0 5 0 0 0 29 13 73 0 -35 0 -95 10 2 8 28 0 0 26 2 -235 0 -55 0 -14 -182 3 -4 -139 0 0
0 3 -2 0 4 -29 -8 38 0 -49 87 6 -76 0 0 2 2 0 -73 0 -1 0 0 0 -20 50 -33 0 -2 0 39 -4 7 30 -24 0 0 -11 5 26 0 18 0 -56 86 12 2 66 0 0
0 3 1 0 4 -80 38 -423 0 123 -31 2 -15 0 0 2 3 0 2 0 0 0 0 0 -16 0 -37 0 18 0 11 0 0 0 -12 0 0 -13 0 73 0 30 0 0 67 0 3 38 0 0
0 0 0 0 0 0 0 0 -910 0 0 0 0 0 0 130 0 0 0 0 0 0 0 0 0 0 0 0 0 0 0 0 0 0 0 0 0 0 0 0 0 0 0 0 0 0 -95 0 0 0
0 8 -8 0 11 107 -49 123 0 94 283 -10 -247 0 0 5 7 -2 227 0 6 0 0 0 -40 0 -110 0 43 0 -84 13 1 1 -57 0 0 -38 0 -100 0 71 0 1 278 0 7 213 0 0
0 6 2 0 8 -186 87 -31 0 283 -61 4 94 0 0 4 5 -2 4 0 0 0 0 0 -39 0 -86 0 41 0 24 0 0 0 -28 0 0 -30 0 167 0 69 0 0 -54 0 5 -55 0 0
1 -1 0 -7 -7 -12 6 2 0 -10 4 -374 -2 44 0 -19 -60 0 -24 0 2 0 3 60 16 -47 -28 1 -16 4 21 1 0 0 4 -1 0 0 0 15 268 -27 368 1 3 208 -26 3 0 0
0 -2 -1 0 -6 164 -76 -15 0 -247 94 -2 -633 0 0 -3 -4 2 -3 0 0 0 0 0 25 0 42 0 -25 0 -20 0 0 0 3 0 0 15 0 -146 0 -42 0 0 -117 0 -4 -102 0 0
0 0 0 7 -17 0 0 0 0 0 0 44 0 -40 0 34 29 0 -8 0 0 0 -2 0 -85 0 268 0 89 0 -27 0 0 0 -201 17 0 0 0 3 -36 150 -14 0 0 0 46 0 0 0
0 0 0 0 0 0 0 0 0 0 0 0 0 0 457 0 0 0 0 0 0 0 0 0 0 0 0 0 0 0 0 0 0 0 0 0 0 0 0 0 0 0 0 0 0 0 0 0 0 0
0 1 0 0 -101 -3 2 2 130 5 4 -19 -3 34 0 -110 -55 0 -50 0 0 0 0 0 22 0 29 0 -22 0 -150 0 0 0 -92 0 0 0 0 34 0 -37 0 0 4 0 346 3 0 0
0 0 0 -188 -121 -4 2 3 0 7 5 -60 -4 29 0 -55 -508 1 -60 0 0 0 70 1 -46 0 -18 -9 49 0 -77 0 0 0 125 -1 0 4 0 -22 40 82 16 0 5 0 -74 4 0 5
0 5 0 -1 0 2 0 0 0 -2 -2 0 2 0 0 0 1 471 1 0 0 0 1 1 -2 0 -10 -24 4 0 0 -6 0 0 -7 0 0 -46 0 -1 0 6 0 0 -2 0 0 -1 0 27
0 23 0 0 23 158 -73 2 0 227 4 -24 -3 -8 0 -50 -60 1 202 0 -28 0 0 0 44 0 -9 0 -45 14 -190 -10 0 0 -88 0 0 4 0 -109 0 -76 0 0 4 0 -68 3 0 0
0 0 0 0 0 0 0 0 0 0 0 0 0 0 0 0 0 0 0 -705 0 0 0 0 0 0 0 0 0 0 0 0 0 0 0 0 0 0 0 0 0 0 0 0 0 0 0 0 0 0
0 0 0 0 0 5 -1 0 0 6 0 2 0 0 0 0 0 0 -28 0 351 0 0 0 2 0 0 0 -1 0 12 -1 1 1 -3 0 0 0 0 -3 0 -2 0 1 0 0 0 0 0 0
0 0 0 0 0 0 0 0 0 0 0 0 0 0 0 0 0 0 0 0 0 -101 0 0 0 0 0 0 0 0 0 0 0 0 0 0 0 0 0 0 0 0 0 0 0 0 0 0 0 0
0 -1 0 -31 0 0 0 0 0 0 0 3 0 -2 0 0 70 1 0 0 0 0 316 1 7 0 0 -16 -6 0 -8 0 0 0 -18 1 0 8 0 6 -3 -11 -1 0 0 0 0 0 0 9
1 0 0 0 0 0 0 0 0 0 0 60 0 0 0 0 1 1 0 0 0 0 1 686 0 -43 0 0 1 0 -7 0 0 0 0 0 -2 1 0 1 66 1 27 0 0 193 0 0 0 0
0 7 1 -18 104 29 -20 -16 0 -40 -39 16 25 -85 0 22 -46 -2 44 0 2 0 7 0 105 4 -157 19 -144 3 100 1 15 -37 -78 3 0 -39 9 -6 -2 224 0 -38 -44 1 29 -29 0 -20
0 0 0 0 0 13 50 0 0 0 0 -47 0 0 0 0 0 0 0 0 0 0 0 -43 4 227 1 0 3 0 6 0 -1 -6 -1 -3 1 0 0 -11 -66 -1 16 14 0 -91 0 0 1 1
0 28 0 1 -18 73 -33 -37 0 -110 -86 -28 42 268 0 29 -18 -10 -9 0 0 0 0 0 -157 1 -387 65 163 0 -19 0 0 0 -367 -9 0 -139 0 -66 21 275 9 0 -105 1 38 -64 0 -69
0 66 0 44 0 0 0 0 0 0 0 1 0 0 0 0 -9 -24 0 0 0 0 -16 0 19 0 65 705 -19 0 2 0 0 0 47 0 0 -339 0 0 0 -31 0 0 0 0 0 0 0 -224
0 -6 0 19 -106 -35 -2 18 0 43 41 -16 -25 89 0 -22 49 4 -45 0 -1 0 -6 1 -144 3 163 -19 -693 -3 -102 -1 38 -162 83 -2 0 41 30 13 3 249 1 -5 47 1 -29 31 0 21
0 0 0 0 -38 0 0 0 0 0 0 4 0 0 0 0 0 0 14 0 0 0 0 0 3 0 0 0 -3 -503 27 0 0 0 -6 0 0 0 0 0 0 -5 0 0 0 0 0 0 0 0
0 -8 0 24 -56 -95 39 11 0 -84 24 21 -20 -27 0 -150 -77 0 -190 0 12 0 -8 -7 100 6 -19 2 -102 27 -267 4 0 0 -218 1 1 -5 0 145 -39 -172 -49 1 24 -27 -203 18 1 0
0 -471 0 0 0 10 -4 0 0 13 0 1 0 0 0 0 0 -6 -10 0 -1 0 0 0 1 0 0 0 -1 0 4 487 0 0 -2 0 0 -90 0 -8 0 -1 0 0 0 0 0 0 0 0
0 0 0 0 0 2 7 0 0 1 0 0 0 0 0 0 0 0 0 0 1 0 0 0 15 -1 0 0 38 0 0 0 -903 16 0 0 0 0 0 -1 0 -14 0 -108 0 0 0 0 0 0
0 0 0 0 0 8 30 0 0 1 0 0 0 0 0 0 0 0 0 0 1 0 0 0 -37 -6 0 0 -162 0 0 0 16 -524 0 0 0 0 -71 -6 0 74 0 29 0 -1 0 0 0 0
0 22 -1 52 -211 28 -24 -12 0 -57 -28 4 3 -201 0 -92 125 -7 -88 0 -3 0 -18 0 -78 -1 -367 47 83 -6 -218 -2 0 0 -193 8 0 -100 0 -64 -24 139 -9 2 -42 0 -125 -21 0 -48
0 0 0 0 0 0 0 0 0 0 0 -1 0 17 0 0 -1 0 0 0 0 0 1 0 3 -3 -9 0 -2 0 1 0 0 0 8 409 0 0 0 1 2 -5 1 0 0 0 0 0 0 0
-115 0 0 0 0 0 0 0 0 0 0 0 0 0 0 0 0 0 0 0 0 0 0 -2 0 1 0 0 0 0 1 0 0 0 0 0 852 0 0 0 0 0 0 0 0 -2 0 0 18 1
0 68 0 -20 -1 26 -11 -13 0 -38 -30 0 15 0 0 0 4 -46 4 0 0 0 8 1 -39 0 -139 -339 41 0 -5 -90 0 0 -100 0 0 -150 0 -22 0 70 0 0 -37 0 0 -22 0 362
0 0 0 0 0 2 5 0 0 0 0 0 0 0 0 0 0 0 0 0 0 0 0 0 9 0 0 0 30 0 0 0 0 -71 0 0 0 0 189 0 0 -12 0 4 0 0 0 0 0 0
0 5 -4 -14 74 -235 26 73 0 -100 167 15 -146 3 0 34 -22 -1 -109 0 -3 0 6 1 -6 -11 -66 0 13 0 145 -8 -1 -6 -64 1 0 -22 0 -172 4 17 2 13 164 -2 46 126 0 1
1 0 0 9 0 0 0 0 0 0 0 268 0 -36 0 0 40 0 0 0 0 0 -3 66 -2 -66 21 0 3 0 -39 0 0 0 -24 2 0 0 0 4 -389 4 65 0 0 294 0 0 0 0
0 -11 0 32 -179 -55 18 30 0 71 69 -27 -42 150 0 -37 82 6 -76 0 -2 0 -11 1 224 -1 275 -31 249 -5 -172 -1 -14 74 139 -5 0 70 -12 17 4 -154 2 -16 78 0 -50 52 0 36
1 0 0 4 0 0 0 0 0 0 0 368 0 -14 0 0 16 0 0 0 0 0 -1 27 0 16 9 0 1 0 -49 0 0 0 -9 1 0 0 0 2 65 2 310 0 0 -69 0 0 0 0
0 0 0 0 0 -14 -56 0 0 1 0 1 0 0 0 0 0 0 0 0 1 0 0 0 -38 14 0 0 -5 0 1 0 -108 29 2 0 0 0 4 13 0 -16 0 -19 0 3 0 0 0 0
0 8 1 0 8 -182 86 67 0 278 -54 3 -117 0 0 4 5 -2 4 0 0 0 0 0 -44 0 -105 0 47 0 24 0 0 0 -42 0 0 -37 0 164 0 78 0 0 -369 0 5 238 0 0
1 0 0 0 0 3 12 0 0 0 0 208 0 0 0 0 0 0 0 0 0 0 0 193 1 -91 1 0 1 0 -27 0 0 -1 0 0 -2 0 0 -2 294 0 -69 3 0 609 0 0 0 0
0 1 0 0 -136 -4 2 3 -95 7 5 -26 -4 46 0 346 -74 0 -68 0 0 0 0 0 29 0 38 0 -29 0 -203 0 0 0 -125 0 0 0 0 46 0 -50 0 0 5 0 102 4 0 0
0 5 1 0 6 -139 66 38 0 213 -55 3 -102 0 0 3 4 -1 3 0 0 0 0 0 -29 0 -64 0 31 0 18 0 0 0 -21 0 0 -22 0 126 0 52 0 0 238 0 4 -630 0 0
-218 0 0 0 0 0 0 0 0 0 0 0 0 0 0 0 0 0 0 0 0 0 0 0 0 1 0 0 0 0 1 0 0 0 0 0 18 0 0 0 0 0 0 0 0 0 0 0 -966 1
0 -69 0 -21 0 0 0 0 0 0 0 0 0 0 0 0 5 27 0 0 0 0 9 0 -20 1 -69 -224 21 0 0 0 0 0 -48 0 1 362 0 1 0 36 0 0 0 0 0 0 1 169

