Q_obj 
-351 1 0 1 0 0 0 0 0 0 0 0 220 0 0 0 24 0 42 0 0 0 0 0 0 0 0 1 0 -726 0 0 0 0 0 0 0 0 0 0 0 0 0 0 0 0 0 0 18 0
1 660 35 61 0 -50 -5 -1 0 -11 2 0 0 14 0 -48 0 1 33 -2 0 29 2 440 -99 -2 0 47 -39 0 -37 50 132 0 13 0 0 2 1 0 8 2 0 0 5 -4 0 1 -75 -2
0 35 -353 14 0 9 14 -70 0 -146 119 0 -22 -33 0 -293 0 -201 3 7 0 -197 0 19 0 8 0 0 -204 -6 81 -11 -143 2 -16 0 -63 0 -110 0 -19 26 0 0 -5 7 0 3 -5 5
1 61 14 -51 0 561 1 14 1 -77 -36 1 2 1 1 15 -4 3 5 1 0 -8 0 -132 32 1 0 -61 -3 1 -1 350 -4 0 -12 0 3 -3 -20 0 0 29 0 1 0 1 0 4 -13 1
0 0 0 0 532 0 0 0 0 0 0 0 0 0 0 0 0 0 0 0 0 0 0 0 0 0 0 0 0 0 0 0 0 0 0 0 0 0 0 0 0 0 0 0 0 0 0 0 0 0
0 -50 9 561 0 656 0 -2 0 43 -65 0 1 0 0 -11 3 14 -2 0 0 -19 0 65 -17 0 0 35 2 1 2 -192 -2 0 7 0 4 3 -35 0 1 -15 0 0 1 0 0 -1 8 0
0 -5 14 1 0 0 -548 0 0 -4 0 0 0 -54 0 -18 0 0 4 -76 0 11 0 -2 0 -242 0 0 -14 0 131 0 22 0 -26 0 0 0 0 0 11 1 0 0 1 0 0 1 -8 0
0 -1 -70 14 0 -2 0 -75 0 0 40 0 -4 1 0 15 0 231 -2 0 0 113 0 4 -1 0 0 8 0 -1 -1 9 0 1 -13 0 -11 -4 -36 0 0 0 0 0 0 0 0 0 6 0
0 0 0 1 0 0 0 0 -74 0 0 19 7 0 146 0 0 0 0 0 0 0 0 0 0 0 0 0 0 2 0 1 0 0 0 0 -2 0 0 0 0 0 0 29 0 0 0 0 0 0
0 -11 -146 -77 0 43 -4 0 0 801 0 0 0 11 0 -353 0 0 0 -1 0 -48 0 -5 0 -2 0 0 80 0 -25 135 46 0 6 0 0 0 0 0 7 -303 0 0 2 -2 0 -32 2 -1
0 2 119 -36 0 -65 0 40 0 0 316 0 13 1 0 -23 0 113 0 0 0 -187 0 1 1 0 0 1 0 4 1 0 1 -1 0 0 36 0 -363 0 0 0 0 0 0 0 0 0 1 0
0 0 0 1 0 0 0 0 19 0 0 333 3 1 -54 0 0 0 0 0 41 0 0 0 0 0 3 0 0 1 0 1 0 0 -1 0 -1 6 0 0 0 0 13 376 0 0 0 0 1 0
220 0 -22 2 0 1 0 -4 7 0 13 3 508 0 24 5 24 -12 0 0 0 36 0 1 0 0 0 1 0 72 1 1 0 1 1 0 58 1 -11 0 0 0 0 5 0 0 0 0 1 0
0 14 -33 1 0 0 -54 1 0 11 1 1 0 -198 0 48 0 0 -4 -26 0 -27 0 8 0 -30 0 0 38 0 -171 2 -56 0 26 0 0 -2 1 0 -27 -1 1 0 -2 3 0 0 11 2
0 0 0 1 0 0 0 0 146 0 0 -54 24 0 503 0 0 0 0 0 0 0 0 0 0 0 0 0 0 8 0 1 0 0 0 0 -9 0 0 0 0 0 0 -83 0 0 0 0 0 0
0 -48 -293 15 0 -11 -18 15 0 -353 -23 0 5 48 0 -308 0 41 -3 -8 0 -144 0 -25 0 -10 0 0 343 2 -112 -27 201 0 23 0 13 0 23 0 28 63 0 0 8 -9 0 7 8 -6
24 0 0 -4 0 3 0 0 0 0 0 0 24 0 0 0 -566 0 -389 0 0 0 0 1 0 0 0 0 0 -77 1 8 0 0 0 0 0 0 0 0 0 5 0 0 0 0 0 1 -164 0
0 1 -201 3 0 14 0 231 0 0 113 0 -12 0 0 41 0 503 1 0 0 320 0 -1 1 0 0 -2 0 -3 1 -2 0 2 5 0 -33 2 -105 0 0 0 0 0 0 0 0 0 -1 0
42 33 3 5 0 -2 4 -2 0 0 0 0 0 -4 0 -3 -389 1 540 2 0 2 0 -64 4 2 0 165 -2 0 -4 7 4 0 -5 0 0 0 0 0 2 2 0 1 1 0 0 1 112 0
0 -2 7 1 0 0 -76 0 0 -1 0 0 0 -26 0 -8 0 0 2 -511 0 6 0 -1 0 -42 0 0 -7 0 63 0 11 0 -12 0 0 0 0 0 6 1 0 0 1 0 0 1 -4 0
0 0 0 0 0 0 0 0 0 0 0 41 0 0 0 0 0 0 0 0 58 0 0 0 0 0 0 0 0 0 0 0 0 0 0 0 0 0 0 0 0 0 -26 -26 0 0 0 0 0 0
0 29 -197 -8 0 -19 11 113 0 -48 -187 0 36 -27 0 -144 0 320 2 6 0 -88 0 15 0 6 0 0 -171 11 65 -3 -115 -3 -13 0 102 0 176 0 -15 9 0 0 -4 6 0 1 -4 4
0 2 0 0 0 0 0 0 0 0 0 0 0 0 0 0 0 0 0 0 0 0 910 -2 -15 0 0 0 0 0 0 0 0 0 0 0 0 0 0 0 0 0 0 0 114 61 0 0 0 43
0 440 19 -132 0 65 -2 4 0 -5 1 0 1 8 0 -25 1 -1 -64 -1 0 15 -2 45 192 -1 0 -89 -20 1 -7 -97 69 0 -7 0 0 -3 0 0 5 2 0 0 1 -3 0 1 150 -2
0 -99 0 32 0 -17 0 -1 0 0 1 0 0 0 0 0 0 1 4 0 0 0 -15 192 885 0 0 61 0 0 0 24 0 0 2 0 0 1 1 0 0 0 0 0 -8 -4 0 0 -8 -3
0 -2 8 1 0 0 -242 0 0 -2 0 0 0 -30 0 -10 0 0 2 -42 0 6 0 -1 0 -245 0 0 -8 0 73 0 13 0 -14 0 0 0 0 0 7 1 0 0 1 0 0 1 -4 0
0 0 0 0 0 0 0 0 0 0 0 3 0 0 0 0 0 0 0 0 0 0 0 0 0 0 939 0 0 0 0 0 0 0 0 0 0 0 0 0 0 0 0 4 0 0 0 0 0 0
1 47 0 -61 0 35 0 8 0 0 1 0 1 0 0 0 0 -2 165 0 0 0 0 -89 61 0 0 253 0 1 -28 -46 0 0 6 0 0 2 1 0 0 0 0 0 0 0 0 0 -381 0
0 -39 -204 -3 0 2 -14 0 0 80 0 0 0 38 0 343 0 0 -2 -7 0 -171 0 -20 0 -8 0 0 -578 0 -90 7 162 0 19 0 0 0 0 0 22 -14 0 0 6 -7 0 -1 6 -5
-726 0 -6 1 0 1 0 -1 2 0 4 1 72 0 8 2 -77 -3 0 0 0 11 0 1 0 0 0 1 0 295 1 1 0 1 1 0 18 1 -3 0 0 0 0 2 0 0 0 0 1 0
0 -37 81 -1 0 2 131 -1 0 -25 1 0 1 -171 0 -112 1 1 -4 63 0 65 0 -7 0 73 0 -28 -90 1 143 -4 135 0 -61 0 0 6 1 0 67 5 0 1 5 -6 0 1 10 -4
0 50 -11 350 0 -192 0 9 1 135 0 1 1 2 1 -27 8 -2 7 0 0 -3 0 -97 24 0 0 -46 7 1 -4 -705 4 1 -8 0 1 -2 0 0 1 -50 0 1 1 0 0 -5 -8 0
0 132 -143 -4 0 -2 22 0 0 46 1 0 0 -56 0 201 0 0 4 11 0 -115 0 69 0 13 0 0 162 0 135 4 389 0 -26 0 0 0 0 0 -32 -7 0 0 -14 19 0 0 -8 14
0 0 2 0 0 0 0 1 0 0 -1 0 1 0 0 0 0 2 0 0 0 -3 0 0 0 0 0 0 0 1 0 1 0 -362 0 0 1 0 2 0 0 0 0 0 0 0 0 0 0 0
0 13 -16 -12 0 7 -26 -13 0 6 0 -1 1 26 0 23 0 5 -5 -12 0 -13 0 -7 2 -14 0 6 19 1 -61 -8 -26 0 -138 0 0 34 0 0 -13 0 -3 2 0 2 0 0 13 1
0 0 0 0 0 0 0 0 0 0 0 0 0 0 0 0 0 0 0 0 0 0 0 0 0 0 0 0 0 0 0 0 0 0 0 -777 0 0 0 0 0 0 0 0 0 0 0 0 0 0
0 0 -63 3 0 4 0 -11 -2 0 36 -1 58 0 -9 13 0 -33 0 0 0 102 0 0 0 0 0 0 0 18 0 1 0 1 0 0 670 0 -33 0 0 0 0 -1 0 0 0 0 0 0
0 2 0 -3 0 3 0 -4 0 0 0 6 1 -2 0 0 0 2 0 0 0 0 0 -3 1 0 0 2 0 1 6 -2 0 0 34 0 0 -251 0 0 0 0 13 -3 0 0 0 0 3 0
0 1 -110 -20 0 -35 0 -36 0 0 -363 0 -11 1 0 23 0 -105 0 0 0 176 0 0 1 0 0 1 0 -3 1 0 0 2 0 0 -33 0 258 0 0 0 0 0 0 0 0 0 1 0
0 0 0 0 0 0 0 0 0 0 0 0 0 0 0 0 0 0 0 0 0 0 0 0 0 0 0 0 0 0 0 0 0 0 0 0 0 0 0 -678 0 0 0 0 0 0 0 0 0 0
0 8 -19 0 0 1 11 0 0 7 0 0 0 -27 0 28 0 0 2 6 0 -15 0 5 0 7 0 0 22 0 67 1 -32 0 -13 0 0 0 0 0 590 -1 0 0 -1 2 0 0 -4 2
0 2 26 29 0 -15 1 0 0 -303 0 0 0 -1 0 63 5 0 2 1 0 9 0 2 0 1 0 0 -14 0 5 -50 -7 0 0 0 0 0 0 0 -1 -883 0 0 0 1 0 -13 1 1
0 0 0 0 0 0 0 0 0 0 0 13 0 1 0 0 0 0 0 0 -26 0 0 0 0 0 0 0 0 0 0 0 0 0 -3 0 0 13 0 0 0 0 108 -8 0 0 0 0 1 0
0 0 0 1 0 0 0 0 29 0 0 376 5 0 -83 0 0 0 1 0 -26 0 0 0 0 0 4 0 0 2 1 1 0 0 2 0 -1 -3 0 0 0 0 -8 662 0 0 0 0 0 0
0 5 -5 0 0 1 1 0 0 2 0 0 0 -2 0 8 0 0 1 1 0 -4 114 1 -8 1 0 0 6 0 5 1 -14 0 0 0 0 0 0 0 -1 0 0 0 784 -3 0 0 0 -2
0 -4 7 1 0 0 0 0 0 -2 0 0 0 3 0 -9 0 0 0 0 0 6 61 -3 -4 0 0 0 -7 0 -6 0 19 0 2 0 0 0 0 0 2 1 0 0 -3 856 0 1 1 -97
0 0 0 0 0 0 0 0 0 0 0 0 0 0 0 0 0 0 0 0 0 0 0 0 0 0 0 0 0 0 0 0 0 0 0 0 0 0 0 0 0 0 0 0 0 0 -912 0 0 0
0 1 3 4 0 -1 1 0 0 -32 0 0 0 0 0 7 1 0 1 1 0 1 0 1 0 1 0 0 -1 0 1 -5 0 0 0 0 0 0 0 0 0 -13 0 0 0 1 0 -761 1 1
18 -75 -5 -13 0 8 -8 6 0 2 1 1 1 11 0 8 -164 -1 112 -4 0 -4 0 150 -8 -4 0 -381 6 1 10 -8 -8 0 13 0 0 3 1 0 -4 1 1 0 0 1 0 1 317 1
0 -2 5 1 0 0 0 0 0 -1 0 0 0 2 0 -6 0 0 0 0 0 4 43 -2 -3 0 0 0 -5 0 -4 0 14 0 1 0 0 0 0 0 2 1 0 0 -2 -97 0 1 1 927

