Q_obj 
-82 51 -76 9 -110 93 -24 13 0 -93 93 -196 -237 27 5
51 688 8 -161 -4 -78 47 -63 19 79 -8 -43 225 -12 -1
-76 8 595 2 304 13 -3 2 0 -13 132 -22 -33 -132 1
9 -161 2 -138 0 7 9 -32 -12 12 -1 89 -98 2 0
-110 -4 304 0 105 -6 181 14 1 -178 -367 1 16 225 12
93 -78 13 7 -6 -659 113 -15 0 118 -15 138 -233 -9 1
-24 47 -3 9 181 113 -341 -56 0 203 5 -305 -290 412 -46
13 -63 2 -32 14 -15 -56 982 4 83 -2 -14 45 32 -4
0 19 0 -12 1 0 0 4 -250 -1 1 -10 12 0 1
-93 79 -13 12 -178 118 203 83 -1 -468 16 -186 -302 -423 55
93 -8 132 -1 -367 -15 5 -2 1 16 545 28 41 161 0
-196 -43 -22 89 1 138 -305 -14 -10 -186 28 89 -364 5 -9
-237 225 -33 -98 16 -233 -290 45 12 -302 41 -364 -137 25 -2
27 -12 -132 2 225 -9 412 32 0 -423 161 5 25 535 28
5 -1 1 0 12 1 -46 -4 1 55 0 -9 -2 28 -157

