Q_obj 
304 276 -42 -498 -67 49 48 -16 296 -7 78 45 195 217 4
276 -368 -6 -127 0 -129 59 14 112 63 -142 -223 48 -656 108
-42 -6 -497 -97 0 -21 -29 -6 541 -16 38 -87 231 2 259
-498 -127 -97 -584 0 -36 116 28 -288 -74 171 5 -122 3 94
-67 0 0 0 171 -1 -14 -96 40 157 -108 -2 -93 10 10
49 -129 -21 -36 -1 123 -16 -4 -21 0 4 -188 -7 109 104
48 59 -29 116 -14 -16 -657 -141 -77 -74 251 -22 2 20 114
-16 14 -6 28 -96 -4 -141 -155 -20 -70 -37 -6 7 9 31
296 112 541 -288 40 -21 -77 -20 -144 12 -169 -100 -47 15 271
-7 63 -16 -74 157 0 -74 -70 12 246 0 -3 84 31 27
78 -142 38 171 -108 4 251 -37 -169 0 406 11 143 -77 -69
45 -223 -87 5 -2 -188 -22 -6 -100 -3 11 -5 -40 143 111
195 48 231 -122 -93 -7 2 7 -47 84 143 -40 -53 -3 107
217 -656 2 3 10 109 20 9 15 31 -77 143 -3 576 154
4 108 259 94 10 104 114 31 271 27 -69 111 107 154 -451

