Q_obj 
641 35 7 72 -98 -4 12 -79 -37 102 53 169 90 52 -60
35 -506 -18 184 -26 -43 445 -14 -139 -228 66 -9 -222 15 -172
7 -18 -54 -138 274 13 84 113 68 142 148 102 2 -144 -51
72 184 -138 190 -115 -29 -203 47 -104 -85 59 94 116 61 115
-98 -26 274 -115 -166 -49 67 -76 -120 291 109 -95 -16 -86 -35
-4 -43 13 -29 -49 636 -138 -7 -124 -45 37 25 -169 26 -152
12 445 84 -203 67 -138 -362 -17 -111 -166 241 45 -56 -35 -236
-79 -14 113 47 -76 -7 -17 251 7 -53 -41 125 29 41 21
-37 -139 68 -104 -120 -124 -111 7 442 -36 201 19 250 64 268
102 -228 142 -85 291 -45 -166 -53 -36 131 -89 85 85 -152 201
53 66 148 59 109 37 241 -41 201 -89 6 82 -240 -56 -33
169 -9 102 94 -95 25 45 125 19 85 82 450 -106 51 20
90 -222 2 116 -16 -169 -56 29 250 85 -240 -106 307 9 -29
52 15 -144 61 -86 26 -35 41 64 -152 -56 51 9 -284 19
-60 -172 -51 115 -35 -152 -236 21 268 201 -33 20 -29 19 -5

