Q_obj 
-282 -17 13 -96 65 -167 -101 -68 237 -135 78 -90 -115 130 194
-17 16 -82 -28 83 -194 71 221 -57 -36 -44 42 54 -26 -90
13 -82 -83 -96 -33 78 -314 -99 44 71 39 376 -38 -18 66
-96 -28 -96 -231 -84 205 -297 64 -10 -118 -42 174 -78 58 133
65 83 -33 -84 21 103 -12 -68 12 94 -29 28 -39 -17 66
-167 -194 78 205 103 -182 38 161 -5 -225 67 -57 94 52 -157
-101 71 -314 -297 -12 38 -125 315 -127 -260 205 -72 -130 -38 219
-68 221 -99 64 -68 161 315 -251 64 26 126 -352 5 27 -7
237 -57 44 -10 12 -5 -127 64 -359 16 71 -180 -2 -194 5
-135 -36 71 -118 94 -225 -260 26 16 -123 -52 154 59 -32 -97
78 -44 39 -42 -29 67 205 126 71 -52 120 -107 17 -100 -27
-90 42 376 174 28 -57 -72 -352 -180 154 -107 421 8 52 -12
-115 54 -38 -78 -39 94 -130 5 -2 59 17 8 -78 -8 -16
130 -26 -18 58 -17 52 -38 27 -194 -32 -100 52 -8 -272 14
194 -90 66 133 66 -157 219 -7 5 -97 -27 -12 -16 14 -60

