Q_obj 
-203 9 0 3 0 147 -24 1 34 -2 2 42 43 0 8
9 -682 8 -45 -1 0 -80 -4 23 0 -23 302 88 2 -118
0 8 -668 69 1 0 -6 2 4 18 0 2 -5 -2 9
3 -45 69 -678 2 0 35 3 -20 -96 0 -10 31 -6 -46
0 -1 1 2 -406 1 1 15 0 -7 80 0 1 -24 16
147 0 0 0 1 726 1 0 0 1 0 0 -9 0 0
-24 -80 -6 35 1 1 -534 4 -107 1 18 -211 -336 -1 91
1 -4 2 3 15 0 4 -447 -2 11 -135 -1 4 -30 -16
34 23 4 -20 0 0 -107 -2 62 0 -10 -344 468 1 -52
-2 0 18 -96 -7 1 1 11 0 -720 33 0 1 4 0
2 -23 0 0 80 0 18 -135 -10 33 -757 -5 16 7 -16
42 302 2 -10 0 0 -211 -1 -344 0 -5 -215 590 1 -27
43 88 -5 31 1 -9 -336 4 468 1 16 590 423 -1 80
0 2 -2 -6 -24 0 -1 -30 1 4 7 1 -1 -338 2
8 -118 9 -46 16 0 91 -16 -52 0 -16 -27 80 2 -456

