Q_obj 
-704 0 1 1 265 202 -5 -292 4 -33 0 10 -34 0 285
0 247 14 0 66 -32 8 60 7 -13 -10 -2 24 -389 26
1 14 745 -459 171 -76 48 66 -37 -141 -4 21 -73 37 -61
1 0 -459 -436 123 -29 155 -130 -97 -307 -21 58 -315 0 -298
265 66 171 123 420 -97 -149 -95 -211 -175 -52 47 139 182 294
202 -32 -76 -29 -97 102 29 -248 -293 54 36 102 -121 -91 302
-5 8 48 155 -149 29 -541 81 62 -430 21 -86 -397 23 87
-292 60 66 -130 -95 -248 81 460 -73 -153 72 48 177 165 -56
4 7 -37 -97 -211 -293 62 -73 94 -49 -121 -14 -38 20 314
-33 -13 -141 -307 -175 54 -430 -153 -49 -309 -14 -33 399 -37 -120
0 -10 -4 -21 -52 36 21 72 -121 -14 -164 14 0 -29 96
10 -2 21 58 47 102 -86 48 -14 -33 14 16 -43 -7 -89
-34 24 -73 -315 139 -121 -397 177 -38 399 0 -43 -413 67 38
0 -389 37 0 182 -91 23 165 20 -37 -29 -7 67 -693 70
285 26 -61 -298 294 302 87 -56 314 -120 96 -89 38 70 223

