Q_obj 
121 795 146 87 10 -19 7 -9 26 -11 -4 10 -63 -1 150
795 282 -131 -77 -8 18 -5 9 -23 11 4 -8 58 2 -135
146 -131 124 184 5 -125 26 -23 20 -73 -17 157 -114 -92 -54
87 -77 184 -442 12 -46 11 -12 26 -27 -7 45 -76 -23 171
10 -8 5 12 -355 86 6 -16 21 51 -3 142 -56 119 36
-19 18 -125 -46 86 -147 5 -293 39 -650 0 171 -77 337 -31
7 -5 26 11 6 5 521 43 106 0 320 52 191 -51 10
-9 9 -23 -12 -16 -293 43 -651 -6 -172 -29 -130 -98 -243 -19
26 -23 20 26 21 39 106 -6 352 23 -75 -93 -93 74 70
-11 11 -73 -27 51 -650 0 -172 23 581 -5 101 -45 198 -18
-4 4 -17 -7 -3 0 320 -29 -75 -5 746 -36 -135 37 -6
10 -8 157 45 142 171 52 -130 -93 101 -36 84 19 -52 -6
-63 58 -114 -76 -56 -77 191 -98 -93 -45 -135 19 67 32 -148
-1 2 -92 -23 119 337 -51 -243 74 198 37 -52 32 -357 15
150 -135 -54 171 36 -31 10 -19 70 -18 -6 -6 -148 15 106

