Q_obj 
-648 95 1 10 -16 66 3 29 2 -31 38 457 -11 22 -94
95 232 -1 11 -3 -13 -6 -233 -2 256 12 142 -6 56 -29
1 -1 307 -1 1 -1 1 0 1 1 -5 2 0 8 5
10 11 -1 -42 0 39 174 31 54 21 -8 15 0 19 -3
-16 -3 1 0 -817 -2 -7 -1 24 2 -4 32 -41 -3 223
66 -13 -1 39 -2 79 -43 -10 -13 -1 10 99 -4 37 -20
3 -6 1 174 -7 -43 -6 44 282 43 11 4 -4 -10 1
29 -233 0 31 -1 -10 44 258 14 -531 5 44 -2 16 -9
2 -2 1 54 24 -13 282 14 -834 14 4 2 15 -3 -3
-31 256 1 21 2 -1 43 -531 14 364 -2 -46 3 -20 10
38 12 -5 -8 -4 10 11 5 4 -2 -386 171 -2 -415 -35
457 142 2 15 32 99 4 44 2 -46 171 -236 -33 125 231
-11 -6 0 0 -41 -4 -4 -2 15 3 -2 -33 -802 -1 13
22 56 8 19 -3 37 -10 16 -3 -20 -415 125 -1 -205 -25
-94 -29 5 -3 223 -20 1 -9 -3 10 -35 231 13 -25 792

