Q_obj 
558 662 -45 -6 -5 7 -73 -29 -1 15 56 14 43 210 4
662 -90 74 11 10 -10 119 47 3 -23 -89 -21 -68 124 -6
-45 74 -628 -5 -263 -33 -4 -100 -10 -28 -46 -3 -12 -1 -79
-6 11 -5 -379 3 -28 -33 21 -16 -43 -80 -5 -18 0 -11
-5 10 -263 3 -414 28 97 -178 36 26 56 -2 -7 0 -425
7 -10 -33 -28 28 -502 -36 6 -53 -8 -120 2 4 1 14
-73 119 -4 -33 97 -36 -284 -8 -11 55 126 -28 -89 -1 -18
-29 47 -100 21 -178 6 -8 -447 -15 44 -130 1 3 0 395
-1 3 -10 -16 36 -53 -11 -15 294 -12 -29 -1 -5 0 -58
15 -23 -28 -43 26 -8 55 44 -12 -497 279 -32 -103 1 -57
56 -89 -46 -80 56 -120 126 -130 -29 279 -174 44 138 2 120
14 -21 -3 -5 -2 2 -28 1 -1 -32 44 -509 83 1 -10
43 -68 -12 -18 -7 4 -89 3 -5 -103 138 83 -274 2 -32
210 124 -1 0 0 1 -1 0 0 1 2 1 2 -969 1
4 -6 -79 -11 -425 14 -18 395 -58 -57 120 -10 -32 1 346

