Q_obj 
235 198 178 -1 196 -331 -171 3 1 93 -99 119 1 186 21
198 414 -59 13 -48 105 51 -151 34 -91 157 -59 -1 -4 -7
178 -59 -734 23 275 -244 -109 115 -71 -65 5 -8 1 -84 -8
-1 13 23 -222 177 116 66 99 347 -57 -67 66 -729 0 -10
196 -48 275 177 -82 50 54 4 -277 131 20 -22 -11 -81 -1
-331 105 -244 116 50 -235 399 -218 -94 2 29 -18 -1 145 21
-171 51 -109 66 54 399 -790 -109 -58 -6 17 -11 0 71 11
3 -151 115 99 4 -218 -109 -570 68 -266 257 -272 -179 0 4
1 34 -71 347 -277 -94 -58 68 -488 45 -67 69 -500 0 -6
93 -91 -65 -57 131 2 -6 -266 45 707 257 -267 -79 -59 58
-99 157 5 -67 20 29 17 257 -67 257 682 197 -44 23 -89
119 -59 -8 66 -22 -18 -11 -272 69 -267 197 580 41 -96 -148
1 -1 1 -729 -11 -1 0 -179 -500 -79 -44 41 -95 0 -12
186 -4 -84 0 -81 145 71 0 0 -59 23 -96 0 518 25
21 -7 -8 -10 -1 21 11 4 -6 58 -89 -148 -12 25 441

