Q_obj 
-804 0 0 -55 111 0 0 0 0 -110 0 0 0 0 0 0 0 0 0 0 0 -275 0 0 0 29 0 0 0 -4 0 -1 24 0 0 0 -10 16 0 0 0 0 0 0 0 0 0 0 0 0 0 0
0 -397 15 0 53 0 0 0 540 38 0 0 0 0 0 0 15 0 0 0 0 0 -43 0 0 -205 0 0 0 0 0 0 149 -3 0 0 -62 0 0 0 0 0 116 0 0 0 0 37 0 0 0 0
0 15 291 0 19 0 0 0 23 0 0 0 0 0 0 0 0 0 0 0 0 0 -15 0 0 -73 0 0 0 0 0 0 0 0 0 0 0 0 0 0 0 0 0 0 0 0 0 14 0 0 0 0
-55 0 0 50 173 -2 0 1 0 -244 0 0 0 0 0 0 149 0 -46 -216 -5 79 0 0 8 45 -94 0 0 -25 0 -12 17 -34 0 5 -84 10 -24 0 0 0 -6 0 0 0 0 0 -8 0 0 0
111 53 19 173 -176 5 0 0 81 479 0 0 1 0 0 0 71 0 -21 -102 -2 -155 -20 0 4 -204 -44 1 0 51 0 25 -121 -16 0 -8 15 -18 -11 0 0 0 -3 0 0 0 0 18 17 0 1 0
0 0 0 -2 5 -363 0 1 0 7 0 0 0 0 0 0 0 0 2 1 0 0 0 0 0 2 0 0 0 -60 0 -32 -1 0 1 197 1 -21 -3 -2 0 -1 0 0 0 0 0 0 98 0 0 0
0 0 0 0 0 0 -200 2 0 0 0 0 0 0 0 0 0 107 0 0 0 0 0 0 0 0 0 -2 0 0 842 1 0 0 0 0 0 0 0 0 0 0 0 0 0 0 0 0 0 14 11 0
0 0 0 1 0 1 2 186 0 1 0 -1 -23 0 2 0 -3 -6 -4 -3 1 0 6 0 0 0 3 231 0 -31 0 61 1 1 -3 0 0 -3 9 2 0 8 1 0 4 0 0 7 0 -24 52 2
0 540 23 0 81 0 0 0 67 -24 0 0 0 0 0 0 -9 0 0 0 0 0 -66 0 0 -312 0 0 0 0 0 0 -97 3 0 0 42 0 0 0 0 0 -75 0 0 0 0 56 0 0 0 0
-110 38 0 -244 479 7 0 1 -24 -129 0 3 1 0 -4 2 15 0 1 1 1 156 -2 0 0 123 1 0 0 42 0 25 227 -3 0 -10 -94 50 0 1 0 1 16 0 5 0 0 -2 21 0 1 0
0 0 0 0 0 0 0 0 0 0 724 0 0 0 0 0 0 0 0 0 0 0 0 1 0 0 0 0 0 0 0 0 0 0 0 0 0 0 0 0 0 0 0 0 0 1 0 0 0 0 0 0
0 0 0 0 0 0 0 -1 0 3 0 474 0 34 408 0 -167 0 -6 -162 6 0 48 0 -7 0 98 2 0 1 0 0 10 40 0 0 -4 1 -3 0 0 -19 8 0 199 0 0 56 0 9 -10 70
0 0 0 0 1 0 0 -23 0 1 0 0 359 0 0 0 0 0 0 0 0 0 0 0 0 1 0 41 0 1 0 -8 0 0 0 1 1 0 0 0 0 0 0 0 0 0 0 0 -1 0 11 0
0 0 0 0 0 0 0 0 0 0 0 34 0 529 20 0 0 0 0 0 0 0 0 0 0 0 0 0 0 0 0 0 0 0 0 0 0 0 0 0 0 0 0 0 0 0 0 0 0 0 0 0
0 0 0 0 0 0 0 2 0 -4 0 408 0 20 21 0 285 0 11 277 -8 0 -79 0 13 0 -165 -3 0 0 0 1 -16 -66 0 0 7 0 6 0 0 34 -12 0 -337 0 0 -94 0 -14 18 -117
0 0 0 0 0 0 0 0 0 2 0 0 0 0 0 -294 -117 0 -64 10 4 0 0 0 -5 0 -216 0 0 0 0 0 7 28 39 0 -2 0 113 -157 0 -87 6 0 0 0 0 0 0 0 0 0
0 15 0 149 71 0 0 -3 -9 15 0 -167 0 0 285 -117 -5 0 -41 -1 -14 0 137 0 20 18 -50 6 0 1 0 0 31 152 7 0 -82 1 4 -27 0 -13 43 0 -316 0 0 162 0 25 -28 55
0 0 0 0 0 0 107 -6 0 0 0 0 0 0 0 0 0 -789 0 0 0 0 0 0 0 0 0 12 0 2 148 -1 0 0 0 0 0 1 0 0 0 0 0 0 0 0 0 0 0 -75 -59 0
0 0 0 -46 -21 2 0 -4 0 1 0 -6 0 0 11 -64 -41 0 -245 55 77 0 5 0 -104 -5 24 1 0 -5 0 11 -63 10 -48 -3 -158 0 138 198 0 143 2 0 -11 0 0 6 -2 1 -1 2
0 0 0 -216 -102 1 0 -3 0 1 0 -162 0 0 277 10 -1 0 55 -19 7 0 133 0 -8 -26 7 6 0 1 0 0 37 1 -3 0 87 1 46 -11 0 18 1 0 -308 0 0 157 0 25 -30 54
0 0 0 -5 -2 0 0 1 0 1 0 6 0 0 -8 4 -14 0 77 7 -530 0 -4 0 -192 0 5 0 0 0 0 1 -35 4 0 0 -87 0 40 1 0 1 1 0 10 0 0 -5 0 0 1 -1
-275 0 0 79 -155 0 0 0 0 156 0 0 0 0 0 0 0 0 0 0 0 -610 0 0 0 -39 0 0 0 7 0 3 -33 0 0 0 15 -21 0 0 0 0 0 0 0 0 0 0 0 0 0 0
0 -43 -15 0 -20 0 0 6 -66 -2 0 48 0 0 -79 0 137 0 5 133 -4 0 110 0 6 82 -78 -9 0 0 0 2 -7 -31 -3 0 4 0 3 -5 0 22 -6 0 -161 0 0 -152 0 -40 49 -56
0 0 0 0 0 0 0 0 0 0 1 0 0 0 0 0 0 0 0 0 0 0 0 329 0 0 0 0 0 0 0 0 0 0 0 0 0 0 0 0 -58 0 0 0 0 9 0 0 0 0 0 0
0 0 0 8 4 0 0 0 0 0 0 -7 0 0 13 -5 20 0 -104 -8 -192 0 6 0 -406 1 -5 1 0 1 0 0 50 -4 1 0 121 1 -53 -1 0 0 0 0 -13 0 0 7 0 2 -1 3
29 -205 -73 45 -204 2 0 0 -312 123 0 0 1 0 0 0 18 0 -5 -26 0 -39 82 0 1 570 -11 1 0 13 0 7 -31 -4 0 -2 4 -4 -2 0 0 0 0 0 0 0 0 -69 5 0 1 0
0 0 0 -94 -44 0 0 3 0 1 0 98 0 0 -165 -216 -50 0 24 7 5 0 -78 0 -5 -11 -114 -4 0 1 0 0 19 12 19 1 37 1 16 -17 0 -63 3 0 185 0 0 -93 1 -17 22 -31
0 0 0 0 1 0 -2 231 0 0 0 2 41 0 -3 0 6 12 1 6 0 0 -9 0 1 1 -4 -51 0 -36 0 71 0 -1 5 0 1 -3 1 7 0 -6 0 0 -6 0 0 -11 0 44 -91 -2
0 0 0 0 0 0 0 0 0 0 0 0 0 0 0 0 0 0 0 0 0 0 0 0 0 0 0 0 126 0 0 0 0 0 0 0 0 0 0 0 0 0 0 0 0 0 0 0 0 0 0 0
-4 0 0 -25 51 -60 0 -31 0 42 0 1 1 0 0 0 1 2 -5 1 0 7 0 0 1 13 1 -36 0 -178 0 -117 -9 0 -1 102 4 -358 11 7 0 4 0 0 0 0 0 0 -197 4 -8 0
0 0 0 0 0 0 842 0 0 0 0 0 0 0 0 0 0 148 0 0 0 0 0 0 0 0 0 0 0 0 4 0 0 0 0 0 0 0 0 0 0 0 0 0 0 0 0 0 0 0 0 0
-1 0 0 -12 25 -32 1 61 0 25 0 0 -8 0 1 0 0 -1 11 0 1 3 2 0 0 7 0 71 0 -117 0 -56 -5 1 3 55 3 -139 -20 -13 0 -7 1 0 2 0 0 2 -105 -7 16 1
24 149 0 17 -121 -1 0 1 -97 227 0 10 0 0 -16 7 31 0 -63 37 -35 -33 -7 0 50 -31 19 0 0 -9 0 -5 688 -7 0 3 -404 -10 -34 2 0 1 62 0 19 0 0 -9 -4 -1 2 -3
0 -3 0 -34 -16 0 0 1 3 -3 0 40 0 0 -66 28 152 0 10 1 4 0 -31 0 -4 -4 12 -1 0 0 0 1 -7 608 -1 0 20 0 0 7 0 4 -9 0 74 0 0 -37 0 -5 7 -12
0 0 0 0 0 1 0 -3 0 0 0 0 0 0 0 39 7 0 -48 -3 0 0 -3 0 1 0 19 5 0 -1 0 3 0 -1 -379 0 1 0 93 -128 0 62 0 0 0 0 0 -4 0 22 -25 0
0 0 0 5 -8 197 0 0 0 -10 0 0 1 0 0 0 0 0 -3 0 0 0 0 0 0 -2 1 0 0 102 0 55 3 0 0 -575 0 36 6 4 0 3 0 0 0 0 0 0 -164 0 0 0
-10 -62 0 -84 15 1 0 0 42 -94 0 -4 1 0 7 -2 -82 0 -158 87 -87 15 4 0 121 4 37 1 0 4 0 3 -404 20 1 0 -115 5 -82 0 0 0 -22 0 -7 0 0 4 2 1 0 2
16 0 0 10 -18 -21 0 -3 0 50 0 1 0 0 0 0 1 1 0 1 0 -21 0 0 1 -4 1 -3 0 -358 0 -139 -10 0 0 36 5 877 2 1 0 1 0 0 0 0 0 0 -68 1 0 0
0 0 0 -24 -11 -3 0 9 0 0 0 -3 0 0 6 113 4 0 138 46 40 0 3 0 -53 -2 16 1 0 11 0 -20 -34 0 93 6 -82 2 -433 -379 0 -272 0 0 -6 0 0 4 5 1 0 2
0 0 0 0 0 -2 0 2 0 1 0 0 0 0 0 -157 -27 0 198 -11 1 0 -5 0 -1 0 -17 7 0 7 0 -13 2 7 -128 4 0 1 -379 -252 0 255 2 0 0 0 0 -6 3 28 -33 0
0 0 0 0 0 0 0 0 0 0 0 0 0 0 0 0 0 0 0 0 0 0 0 -58 0 0 0 0 0 0 0 0 0 0 0 0 0 0 0 0 493 0 0 0 0 51 0 0 0 0 0 0
0 0 0 0 0 -1 0 8 0 1 0 -19 0 0 34 -87 -13 0 143 18 1 0 22 0 0 0 -63 -6 0 4 0 -7 1 4 62 3 0 1 -272 255 0 -358 1 0 -37 0 0 26 2 -28 34 7
0 116 0 -6 -3 0 0 1 -75 16 0 8 0 0 -12 6 43 0 2 1 1 0 -6 0 0 0 3 0 0 0 0 1 62 -9 0 0 -22 0 0 2 0 1 865 0 15 0 0 -7 0 -1 2 -2
0 0 0 0 0 0 0 0 0 0 0 0 0 0 0 0 0 0 0 0 0 0 0 0 0 0 0 0 0 0 0 0 0 0 0 0 0 0 0 0 0 0 0 225 0 0 0 0 0 0 0 0
0 0 0 0 0 0 0 4 0 5 0 199 0 0 -337 0 -316 0 -11 -308 10 0 -161 0 -13 0 185 -6 0 0 0 2 19 74 0 0 -7 0 -6 0 0 -37 15 0 -276 0 0 -191 0 -28 35 -65
0 0 0 0 0 0 0 0 0 0 1 0 0 0 0 0 0 0 0 0 0 0 0 9 0 0 0 0 0 0 0 0 0 0 0 0 0 0 0 0 51 0 0 0 0 833 0 0 0 0 0 0
0 0 0 0 0 0 0 0 0 0 0 0 0 0 0 0 0 0 0 0 0 0 0 0 0 0 0 0 0 0 0 0 0 0 0 0 0 0 0 0 0 0 0 0 0 0 -126 0 0 0 0 0
0 37 14 0 18 0 0 7 56 -2 0 56 0 0 -94 0 162 0 6 157 -5 0 -152 0 7 -69 -93 -11 0 0 0 2 -9 -37 -4 0 4 0 4 -6 0 26 -7 0 -191 0 0 58 0 -48 58 -66
0 0 0 -8 17 98 0 0 0 21 0 0 -1 0 0 0 0 0 -2 0 0 0 0 0 0 5 1 0 0 -197 0 -105 -4 0 0 -164 2 -68 5 3 0 2 0 0 0 0 0 0 -487 0 0 0
0 0 0 0 0 0 14 -24 0 0 0 9 0 0 -14 0 25 -75 1 25 0 0 -40 0 2 0 -17 44 0 4 0 -7 -1 -5 22 0 1 1 1 28 0 -28 -1 0 -28 0 0 -48 0 181 -224 -9
0 0 0 0 1 0 11 52 0 1 0 -10 11 0 18 0 -28 -59 -1 -30 1 0 49 0 -1 1 22 -91 0 -8 0 16 2 7 -25 0 0 0 0 -33 0 34 2 0 35 0 0 58 0 -224 254 12
0 0 0 0 0 0 0 2 0 0 0 70 0 0 -117 0 55 0 2 54 -1 0 -56 0 3 0 -31 -2 0 0 0 1 -3 -12 0 0 2 0 2 0 0 7 -2 0 -65 0 0 -66 0 -9 12 -599

