Q_obj 
-68 103 -115 -99 -110 117 34 121 397 -77 -37 14 -40 -96 -8 15 -3 39 -26 -8
103 505 -9 10 21 26 2 -232 112 0 -484 147 -2 -4 -26 -148 -34 -94 126 -99
-115 -9 -14 -174 -48 258 11 54 -67 -86 -13 120 20 220 -70 -16 -81 -53 67 55
-99 10 -174 -17 86 -241 -116 -15 -34 -37 -37 -117 -116 -268 101 -22 86 3 67 44
-110 21 -48 86 474 23 -262 24 78 78 -7 3 308 -18 -1 3 0 8 -5 -1
117 26 258 -241 23 4 -34 66 41 49 -4 62 59 -759 -45 7 -41 3 -9 -1
34 2 11 -116 -262 -34 502 -55 5 -224 12 -22 -210 -52 10 10 15 6 -34 -26
121 -232 54 -15 24 66 -55 -20 -184 -140 81 -58 4 -122 -36 -55 79 170 18 -5
397 112 -67 -34 78 41 5 -184 -757 4 -40 19 9 -14 1 16 -6 -64 -28 -9
-77 0 -86 -37 78 49 -224 -140 4 -71 41 6 92 -7 -24 31 -8 1 -103 -76
-37 -484 -13 -37 -7 -4 12 81 -40 41 122 -98 10 6 39 13 42 46 -26 -12
14 147 120 -117 3 62 -22 -58 19 6 -98 -760 29 53 64 -30 68 28 20 -28
-40 -2 20 -116 308 59 -210 4 9 92 10 29 -573 65 -24 6 -20 0 -16 -10
-96 -4 220 -268 -18 -759 -52 -122 -14 -7 6 53 65 30 -33 2 -37 -57 -1 2
-8 -26 -70 101 -1 -45 10 -36 1 -24 39 64 -24 -33 -231 229 -641 144 101 -167
15 -148 -16 -22 3 7 10 -55 16 31 13 -30 6 2 229 236 -245 83 -11 -16
-3 -34 -81 86 0 -41 15 79 -6 -8 42 68 -20 -37 -641 -245 -19 -244 -201 153
39 -94 -53 3 8 3 6 170 -64 1 46 28 0 -57 144 83 -244 -426 162 63
-26 126 67 67 -5 -9 -34 18 -28 -103 -26 20 -16 -1 101 -11 -201 162 35 -273
-8 -99 55 44 -1 -1 -26 -5 -9 -76 -12 -28 -10 2 -167 -16 153 63 -273 -134

