Q_obj 
-47 176 -159 31 -45 34 27 81 -481 -57 41 -194 9 19 -75 -27 94 -18 84 -52 34 -34 -147 -130 82 -233
176 621 390 -2 4 29 -110 4 95 6 5 268 -4 -105 3 5 -12 0 -7 4 33 -78 -41 17 -8 51
-159 390 198 -54 27 -107 154 35 -147 -40 -12 -79 -40 -70 -29 54 60 -8 51 -14 -64 -89 28 67 -148 -136
31 -2 -54 279 47 40 -7 -10 -48 49 -24 77 -9 0 13 9 -100 3 -2 72 1 23 -3 -32 -18 21
-45 4 27 47 161 -9 -26 -65 54 -44 9 -30 96 5 33 -154 186 16 -142 -32 26 33 -3 -8 128 -2
34 29 -107 40 -9 133 -35 9 9 47 -15 76 23 0 79 -8 -58 -1 24 10 54 82 14 -57 110 19
27 -110 154 -7 -26 -35 519 -14 78 18 -143 -68 64 -24 140 -72 30 4 -8 18 103 379 34 -24 -20 -40
81 4 35 -10 -65 9 -14 293 -18 514 -63 -75 18 -12 -225 -46 182 18 -188 -6 -44 63 213 -160 -27 -6
-481 95 -147 -48 54 9 78 -18 -81 79 -49 -97 19 23 142 -26 -101 5 -71 20 108 -2 -133 89 -131 202
-57 6 -40 49 -44 47 18 514 79 0 30 61 10 4 68 -36 -41 -120 -323 -98 -41 -60 97 -133 134 -16
41 5 -12 -24 9 -15 -143 -63 -49 30 381 -81 72 83 89 -29 -17 15 -52 15 -181 67 126 -16 -67 59
-194 268 -79 77 -30 76 -68 -75 -97 61 -81 305 63 -29 49 -75 -85 18 -82 28 74 175 63 -94 210 27
9 -4 -40 -9 96 23 64 18 19 10 72 63 213 -8 -93 -118 -30 -4 88 90 35 -79 22 36 -25 -65
19 -105 -70 0 5 0 -24 -12 23 4 83 -29 -8 697 -3 14 -11 3 -12 10 -44 36 25 28 -1 -69
-75 3 -29 13 33 79 140 -225 142 68 89 49 -93 -3 47 109 -114 53 -135 -58 -157 -248 -112 -228 35 -96
-27 5 54 9 -154 -8 -72 -46 -26 -36 -29 -75 -118 14 109 375 68 11 -150 -163 97 110 35 -84 24 113
94 -12 60 -100 186 -58 30 182 -101 -41 -17 -85 -30 -11 -114 68 -49 -42 -268 262 15 11 42 85 -274 -30
-18 0 -8 3 16 -1 4 18 5 -120 15 18 -4 3 53 11 -42 364 45 2 11 -14 -49 38 7 2
84 -7 51 -2 -142 24 -8 -188 -71 -323 -52 -82 88 -12 -135 -150 -268 45 195 -110 4 91 -36 -225 -6 -39
-52 4 -14 72 -32 10 18 -6 20 -98 15 28 90 10 -58 -163 262 2 -110 132 -20 -54 -15 13 196 74
34 33 -64 1 26 54 103 -44 108 -41 -181 74 35 -44 -157 97 15 11 4 -20 -156 -284 207 -57 2 -22
-34 -78 -89 23 33 82 379 63 -2 -60 67 175 -79 36 -248 110 11 -14 91 -54 -284 35 -15 -35 62 220
-147 -41 28 -3 -3 14 34 213 -133 97 126 63 22 25 -112 35 42 -49 -36 -15 207 -15 -703 -82 -9 -73
-130 17 67 -32 -8 -57 -24 -160 89 -133 -16 -94 36 28 -228 -84 85 38 -225 13 -57 -35 -82 160 -88 133
82 -8 -148 -18 128 110 -20 -27 -131 134 -67 210 -25 -1 35 24 -274 7 -6 196 2 62 -9 -88 235 58
-233 51 -136 21 -2 19 -40 -6 202 -16 59 27 -65 -69 -96 113 -30 2 -39 74 -22 220 -73 133 58 -403

