Q_obj 
-120 -419 -63 79 -197 -53 202 -8 -34 -93 161 147
-419 844 -23 30 -73 -19 76 -3 -13 -35 61 55
-63 -23 -160 77 102 -110 -172 -113 -81 -165 -148 172
79 30 77 -189 -43 -5 29 44 -5 -16 -97 -40
-197 -73 102 -43 -858 50 -77 -70 24 -26 95 -86
-53 -19 -110 -5 50 -328 -3 -58 341 28 129 -3
202 76 -172 29 -77 -3 -852 54 -12 78 -14 56
-8 -3 -113 44 -70 -58 54 -268 -40 -36 -160 81
-34 -13 -81 -5 24 341 -12 -40 -593 24 95 -4
-93 -35 -165 -16 -26 28 78 -36 24 -142 207 17
161 61 -148 -97 95 129 -14 -160 95 207 -182 -198
147 55 172 -40 -86 -3 56 81 -4 17 -198 -209

