Q_obj 
-201 -48 76 -9 -56 13 6 -203 98 26 0 6 19 149
-48 -645 -139 -24 -123 -50 29 50 19 272 1 -37 40 -100
76 -139 28 45 605 43 32 -59 27 40 -2 -9 -194 25
-9 -24 45 141 -71 -240 3 -10 -34 11 -16 16 11 -10
-56 -123 605 -71 502 101 19 39 -34 9 -1 -2 -107 -28
13 -50 43 -240 101 -417 3 -10 21 8 6 42 -27 -7
6 29 32 3 19 3 -888 0 3 137 2 2 -5 6
-203 50 -59 -10 39 -10 0 -747 377 10 -31 21 -35 -95
98 19 27 -34 -34 21 3 377 -98 18 -69 -7 -39 49
26 272 40 11 9 8 137 10 18 207 11 11 5 34
0 1 -2 -16 -1 6 2 -31 -69 11 160 0 -6 0
6 -37 -9 16 -2 42 2 21 -7 11 0 -676 1 -10
19 40 -194 11 -107 -27 -5 -35 -39 5 -6 1 199 10
149 -100 25 -10 -28 -7 6 -95 49 34 0 -10 10 -475

