Q_obj 
-737 2 2 -5 53 3 0 61 4 0 -14 -41 -37 91 -138 0 -66 8 35 -76 -39 -15 -7 -41 -38 12 -277 10 -10 -1
2 -540 -1 0 13 431 0 -5 1 0 6 -567 1 3 141 0 -5 -2 20 19 14 -3 0 1 37 3 1 -253 3 0
2 -1 123 -152 -35 -4 -34 1 0 -30 16 -16 27 2 0 -24 3 37 40 -25 43 -118 -3 1 -18 42 2 40 -80 -36
-5 0 -152 381 -1 0 23 0 0 0 8 67 -101 0 0 62 7 97 21 -65 60 -6 2 5 1 -22 28 -149 0 221
53 13 -35 -1 193 16 11 290 0 12 -97 -15 -4 -18 9 0 -4 -51 233 -170 -259 -50 1 2 32 22 11 -12 0 0
3 431 -4 0 16 -86 0 -6 -3 0 6 -470 1 4 117 0 -6 -6 23 25 14 -4 1 1 44 -10 1 -210 -26 0
0 0 -34 23 11 0 -116 0 0 12 0 -24 38 0 0 4 0 -49 -5 -3 -2 38 -1 0 0 21 0 56 0 0
61 -5 1 0 290 -6 0 692 0 0 17 10 2 4 4 0 2 1 -45 27 44 -82 0 2 -11 0 13 4 0 0
4 1 0 0 0 -3 0 0 403 0 2 -2 1 0 1 0 -4 0 2 -4 4 0 -1 -2 0 -2 -18 0 -113 0
0 0 -30 0 12 0 12 0 0 210 0 0 0 0 0 0 0 -44 -4 -2 -1 41 0 0 0 19 0 0 0 0
-14 6 16 8 -97 6 0 17 2 0 -210 -6 -3 -4 0 2 -14 5 -118 45 196 26 -221 -6 38 19 -43 -7 -30 5
-41 -567 -16 67 -15 -470 -24 10 -2 0 -6 192 94 0 142 11 9 13 -26 -32 -17 12 -5 0 -52 -10 -5 89 -15 26
-37 1 27 -101 -4 1 38 2 1 0 -3 94 95 4 155 -16 -1 -16 -5 9 -7 -9 10 -2 0 5 -13 -125 0 -38
91 3 2 0 -18 4 0 4 0 0 -4 0 4 90 16 0 6 3 -24 -19 -12 6 0 3 -41 -1 19 -2 0 0
-138 141 0 0 9 117 0 4 1 0 0 142 155 16 698 0 -1 0 9 1 -2 -2 0 -4 9 2 -28 -42 4 0
0 0 -24 62 0 0 4 0 0 0 2 11 -16 0 0 6 1 16 4 -10 10 0 1 1 1 -3 5 -23 0 36
-66 -5 3 7 -4 -6 0 2 -4 0 -14 9 -1 6 -1 1 -912 -1 -45 4 -37 2 8 51 -87 -14 335 2 12 2
8 -2 37 97 -51 -6 -49 1 0 -44 5 13 -16 3 0 16 -1 160 39 26 11 -171 -4 -3 -27 82 -23 -23 -116 23
35 20 40 21 233 23 -5 -45 2 -4 -118 -26 -5 -24 9 4 -45 39 -88 -378 -281 -86 23 -5 259 4 -33 -17 -30 5
-76 19 -25 -65 -170 25 -3 27 -4 -2 45 -32 9 -19 1 -10 4 26 -378 179 3 37 -74 18 180 -74 117 5 99 -13
-39 14 43 60 -259 14 -2 44 4 -1 196 -17 -7 -12 -2 10 -37 11 -281 3 347 68 152 -17 100 49 -116 -19 -80 12
-15 -3 -118 -6 -50 -4 38 -82 0 41 26 12 -9 6 -2 0 2 -171 -86 37 68 30 1 0 -9 72 -3 -12 0 0
-7 0 -3 2 1 1 -1 0 -1 0 -221 -5 10 0 0 1 8 -4 23 -74 152 1 754 6 2 -17 36 13 29 -15
-41 1 1 5 2 1 0 2 -2 0 -6 0 -2 3 -4 1 51 -3 -5 18 -17 0 6 829 7 -8 -42 0 8 1
-38 37 -18 1 32 44 0 -11 0 0 38 -52 0 -41 9 1 -87 -27 259 180 100 -9 2 7 -304 10 42 -23 2 1
12 3 42 -22 22 -10 21 0 -2 19 19 -10 5 -1 2 -3 -14 82 4 -74 49 72 -17 -8 10 416 -56 3 -414 -5
-277 1 2 28 11 1 0 13 -18 0 -43 -5 -13 19 -28 5 335 -23 -33 117 -116 -3 36 -42 42 -56 556 -5 53 7
10 -253 40 -149 -12 -210 56 4 0 0 -7 89 -125 -2 -42 -23 2 -23 -17 5 -19 -12 13 0 -23 3 -5 -24 -7 -56
-10 3 -80 0 0 -26 0 0 -113 0 -30 -15 0 0 4 0 12 -116 -30 99 -80 0 29 8 2 -414 53 -7 -243 0
-1 0 -36 221 0 0 0 0 0 0 5 26 -38 0 0 36 2 23 5 -13 12 0 -15 1 1 -5 7 -56 0 -550

