Q_obj 
74 -14 -528 -51 -120 -40 -113 -101 205 -50 34 164 -16 -156
-14 245 -106 0 -52 -221 -4 7 -3 625 12 68 205 -51
-528 -106 -251 13 76 150 45 -1 396 86 -50 -207 29 -186
-51 0 13 -34 44 -9 47 58 -43 1 5 -10 1 0
-120 -52 76 44 286 -204 -269 48 -45 -28 -89 -21 -9 -12
-40 -221 150 -9 -204 -631 59 -11 96 -147 18 157 -48 -56
-113 -4 45 47 -269 59 308 51 -66 3 -94 -55 1 0
-101 7 -1 58 48 -11 51 10 -130 -3 10 30 -1 0
205 -3 396 -43 -45 96 -66 -130 152 71 -44 -121 24 127
-50 625 86 1 -28 -147 3 -3 71 237 -6 -16 330 21
34 12 -50 5 -89 18 -94 10 -44 -6 833 89 -2 0
164 68 -207 -10 -21 157 -55 30 -121 -16 89 593 -5 26
-16 205 29 1 -9 -48 1 -1 24 330 -2 -5 -665 7
-156 -51 -186 0 -12 -56 0 0 127 21 0 26 7 -485

