Q_obj 
-269 -284 40 -5 22 433 38 -203 -1 74 -4 -9 2 41 -25 -147 -2 69 61 -2 132 0
-284 -287 -53 -11 -259 -355 1 122 -3 333 -11 23 2 -31 -40 52 -12 308 5 -2 51 -1
40 -53 -509 165 0 69 -75 -448 170 23 -15 -10 4 -25 -85 -178 -196 22 -25 -11 -396 -1
-5 -11 165 360 9 2 -71 96 32 -13 -514 19 81 101 17 6 -328 -33 -16 150 68 -57
22 -259 0 9 292 27 0 1 8 77 10 -10 -9 4 227 445 14 71 7 1 -200 2
433 -355 69 2 27 -116 44 -243 10 93 -2 -28 0 49 2 -252 -16 86 -34 -6 41 0
38 1 -75 -71 0 44 -514 -33 -67 0 1 54 -1 0 40 151 78 1 6 5 386 0
-203 122 -448 96 1 -243 -33 326 69 -52 35 11 2 59 -26 47 -68 -48 -8 11 -172 4
-1 -3 170 32 8 10 -67 69 99 -13 301 -13 -91 11 8 6 -537 11 -17 -28 66 34
74 333 23 -13 77 93 0 -52 -13 -57 -22 -4 6 3 14 -7 -23 728 -1 -31 -15 20
-4 -11 -15 -514 10 -2 1 35 301 -22 87 1 1 86 -7 -14 -192 -16 0 -415 8 73
-9 23 -10 19 -10 -28 54 11 -13 -4 1 -727 13 -2 -55 56 -3 -6 -17 -30 39 1
2 2 4 81 -9 0 -1 2 -91 6 1 13 -575 1 3 -5 2 -7 1 -166 -4 2
41 -31 -25 101 4 49 0 59 11 3 86 -2 1 828 -5 -28 100 3 0 44 3 10
-25 -40 -85 17 227 2 40 -26 8 14 -7 -55 3 -5 -647 143 -33 13 -12 -10 95 0
-147 52 -178 6 445 -252 151 47 6 -7 -14 56 -5 -28 143 -315 -40 -6 56 3 227 -1
-2 -12 -196 -328 14 -16 78 -68 -537 -23 -192 -3 2 100 -33 -40 -33 -21 19 134 -57 -21
69 308 22 -33 71 86 1 -48 11 728 -16 -6 -7 3 13 -6 -21 -168 -1 13 -14 -25
61 5 -25 -16 7 -34 6 -8 -17 -1 0 -17 1 0 -12 56 19 -1 -672 0 97 1
-2 -2 -11 150 1 -6 5 11 -28 -31 -415 -30 -166 44 -10 3 134 13 0 107 0 -47
132 51 -396 68 -200 41 386 -172 66 -15 8 39 -4 3 95 227 -57 -14 97 0 157 1
0 -1 -1 -57 2 0 0 4 34 20 73 1 2 10 0 -1 -21 -25 1 -47 1 -548

