Q_obj 
-445 -286 -14 -69 49 -92 91 -457 -191 232 90 102
-286 686 78 1 -31 -322 0 33 4 47 121 -90
-14 78 -973 2 -102 -91 15 37 55 64 -24 41
-69 1 2 706 -117 59 25 -118 28 3 0 2
49 -31 -102 -117 -99 429 125 -358 25 -167 257 -190
-92 -322 -91 59 429 -361 -77 -83 160 -86 97 -69
91 0 15 25 125 -77 268 123 -3 84 0 45
-457 33 37 -118 -358 -83 123 -91 10 -208 -259 -10
-191 4 55 28 25 160 -3 10 893 282 0 152
232 47 64 3 -167 -86 84 -208 282 -244 -168 -370
90 121 -24 0 257 97 0 -259 0 -168 -391 307
102 -90 41 2 -190 -69 45 -10 152 -370 307 248

