Q_obj 
827 313 -17 -9 -72 5 -24 -6 -15 -3 -65 40 20 9 -13 14 -244 -11 257 -16 -15 -10 -8 120 -15
313 164 76 35 131 -6 45 114 37 14 114 -73 -35 -19 128 -25 446 28 -118 -32 26 20 -340 -220 29
-17 76 227 -6 62 173 102 -46 -237 274 -2 11 -74 67 -96 -1 -70 192 -28 177 129 54 102 31 -3
-9 35 -6 70 -36 -150 -29 -5 177 62 -43 3 -55 6 92 15 11 23 -8 -9 -16 -49 42 9 -1
-72 131 62 -36 366 -9 -270 2 57 -2 248 -36 -296 19 -28 -51 198 -103 106 -6 95 8 -1 -110 15
5 -6 173 -150 -9 74 40 0 -88 148 -133 0 -55 -1 -61 28 34 -32 -7 -2 192 105 -4 0 0
-24 45 102 -29 -270 40 308 -44 -73 12 122 -34 -245 24 -41 -25 203 -352 38 -52 -236 24 -2 -103 14
-6 114 -46 -5 2 0 -44 516 -32 2 -46 0 -53 15 1 10 8 15 -118 58 -9 3 -92 0 0
-15 37 -237 177 57 -88 -73 -32 172 -13 239 11 41 70 99 -48 -98 41 13 165 -236 -32 4 31 -3
-3 14 274 62 -2 148 12 2 -13 -490 -186 1 -82 2 -56 41 31 47 -4 -3 90 50 15 3 0
-65 114 -2 -43 248 -133 122 -46 239 -186 -64 18 -120 87 -35 -149 -263 -98 104 230 64 -61 -21 53 -6
40 -73 11 3 -36 0 -34 0 11 1 18 -17 -53 0 -8 -3 -128 9 -56 0 16 0 -2 -131 -89
20 -35 -74 -55 -296 -55 -245 -53 41 -82 -120 -53 271 120 10 25 363 114 -28 246 82 -3 -10 -161 21
9 -19 67 6 19 -1 24 15 70 2 87 0 120 -84 -68 -18 -13 -11 -8 -307 48 0 105 0 0
-13 128 -96 92 -28 -61 -41 1 99 -56 -35 -8 10 -68 -164 -1 23 -32 -108 -59 -56 -21 263 -24 4
14 -25 -1 15 -51 28 -25 10 -48 41 -149 -3 25 -18 -1 -740 56 21 -19 -48 -12 13 1 -11 2
-244 446 -70 11 198 34 203 8 -98 31 -263 -128 363 -13 23 56 -129 -41 356 -36 -107 -27 1 -385 50
-11 28 192 23 -103 -32 -352 15 41 47 -98 9 114 -11 -32 21 -41 -475 11 35 -166 -13 13 27 -3
257 -118 -28 -8 106 -7 38 -118 13 -4 104 -56 -28 -8 -108 -19 356 11 191 105 26 15 457 -169 22
-16 -32 177 -9 -6 -2 -52 58 165 -3 230 0 246 -307 -59 -48 -36 35 105 -466 157 0 62 0 0
-15 26 129 -16 95 192 -236 -9 -236 90 64 16 82 48 -56 -12 -107 -166 26 157 101 60 -8 47 -6
-10 20 54 -49 8 105 24 3 -32 50 -61 0 -3 0 -21 13 -27 -13 15 0 60 -204 -2 0 0
-8 -340 102 42 -1 -4 -2 -92 4 15 -21 -2 -10 105 263 1 1 13 457 62 -8 -2 -162 -6 1
120 -220 31 9 -110 0 -103 0 31 3 53 -131 -161 0 -24 -11 -385 27 -169 0 47 0 -6 -327 51
-15 29 -3 -1 15 0 14 0 -3 0 -6 -89 21 0 4 2 50 -3 22 0 -6 0 1 51 -214

