Q_obj 
19 1 -32 2 1 0 -19 3 1 -31 1 23 1
1 736 57 -40 246 20 264 -78 -8 -19 -23 270 144
-32 57 -567 255 18 -115 57 -12 57 -528 148 -63 66
2 -40 255 372 -12 259 40 -181 255 -261 -213 -44 -46
1 246 18 -12 -823 7 -5 -25 -2 -6 -7 7 285
0 20 -115 259 7 454 -102 -38 251 240 181 118 23
-19 264 57 40 -5 -102 -38 77 -33 -365 58 369 -264
3 -78 -12 -181 -25 -38 77 -545 -99 -26 -56 -87 -91
1 -8 57 255 -2 251 -33 -99 197 2 -1 38 -9
-31 -19 -528 -261 -6 240 -365 -26 2 63 -200 416 -22
1 -23 148 -213 -7 181 58 -56 -1 -200 488 -65 -27
23 270 -63 -44 7 118 369 -87 38 416 -65 -133 -189
1 144 66 -46 285 23 -264 -91 -9 -22 -27 -189 779

