Q_obj 
361 85 -284 -3 -41 63 -90 -59 -1 0 7 -35 110 -75 44 51 102
85 236 133 44 81 38 81 -184 -19 8 -364 -115 -63 -72 -217 -30 -20
-284 133 31 4 -77 110 -166 -5 -2 0 11 -28 191 -175 -36 88 -32
-3 44 4 -69 7 -1 27 -140 566 134 -1 -7 2 11 33 1 -93
-41 81 -77 7 189 -24 -16 -57 -8 0 13 -7 76 64 -79 391 -17
63 38 110 -1 -24 656 108 0 -3 0 -217 132 -281 -152 22 -32 35
-90 81 -166 27 -16 108 40 -44 -5 6 498 -99 82 395 -123 73 -78
-59 -184 -5 -140 -57 0 -44 527 106 13 41 138 -48 -181 45 -9 244
-1 -19 -2 566 -8 -3 -5 106 195 174 4 14 -2 -19 2 0 82
0 8 0 134 0 0 6 13 174 261 0 -1 0 0 -13 0 18
7 -364 11 -1 13 -217 498 41 4 0 -136 15 -373 221 13 -29 -29
-35 -115 -28 -7 -7 132 -99 138 14 -1 15 206 -51 -46 222 166 21
110 -63 191 2 76 -281 82 -48 -2 0 -373 -51 368 -205 -22 -52 24
-75 -72 -175 11 64 -152 395 -181 -19 0 221 -46 -205 -438 -126 -53 65
44 -217 -36 33 -79 22 -123 45 2 -13 13 222 -22 -126 563 -2 -196
51 -30 88 1 391 -32 73 -9 0 0 -29 166 -52 -53 -2 183 25
102 -20 -32 -93 -17 35 -78 244 82 18 -29 21 24 65 -196 25 261

