Q_obj 
-412 -5 -25 9 5 0 1 108 -523 406 4 124 4 -1 -2
-5 -12 -191 303 -106 -22 -109 -29 9 -3 -117 -33 -36 7 58
-25 -191 -181 299 384 -13 6 -77 21 3 441 -89 131 -75 -282
9 303 299 -174 151 -6 2 46 -13 6 183 53 -207 -26 -113
5 -106 384 151 233 -349 -54 23 -12 3 -297 27 52 78 -128
0 -22 -13 -6 -349 -517 -127 0 1 0 -33 0 -42 -12 -527
1 -109 6 2 -54 -127 -502 1 0 1 -9 1 -157 -89 -64
108 -29 -77 46 23 0 1 -127 -93 75 20 600 20 -6 -15
-523 9 21 -13 -12 1 0 -93 190 574 -12 -108 -6 3 9
406 -3 3 6 3 0 1 75 574 486 3 86 3 0 -1
4 -117 441 183 -297 -33 -9 20 -12 3 725 23 79 49 138
124 -33 -89 53 27 0 1 600 -108 86 23 43 23 -7 -17
4 -36 131 -207 52 -42 -157 20 -6 3 79 23 -41 -27 -71
-1 7 -75 -26 78 -12 -89 -6 3 0 49 -7 -27 382 -61
-2 58 -282 -113 -128 -527 -64 -15 9 -1 138 -17 -71 -61 116

