Q_obj 
-108 -42 -28 -69 20 58 -82 4 -160 -27 -176 38 10 106
-42 144 -16 -110 -110 108 -6 0 280 -61 447 97 260 -288
-28 -16 898 -91 -68 -45 -4 -35 72 -173 -149 -243 82 19
-69 -110 -91 -134 45 33 -11 150 111 -162 -70 234 -195 -114
20 -110 -68 45 116 6 4 6 -38 -28 -39 -255 36 -88
58 108 -45 33 6 -49 10 -96 -4 49 82 -39 -201 44
-82 -6 -4 -11 4 10 390 1 -26 -4 -28 7 2 18
4 0 -35 150 6 -96 1 -170 33 31 -6 -15 6 8
-160 280 72 111 -38 -4 -26 33 265 -41 119 -239 -4 -22
-27 -61 -173 -162 -28 49 -4 31 -41 -30 -52 -372 78 65
-176 447 -149 -70 -39 82 -28 -6 119 -52 -175 -27 112 140
38 97 -243 234 -255 -39 7 -15 -239 -372 -27 -463 144 107
10 260 82 -195 36 -201 2 6 -4 78 112 144 -68 -251
106 -288 19 -114 -88 44 18 8 -22 65 140 107 -251 10

