Q_obj 
-162 -36 35 -51 203 238 -46 0 -79 -108 -1 46 -48 -105 -2 107 133 -28 -150 7 6 -546 -114 -5 0
-36 230 15 -2 -46 61 14 -1 -37 9 270 53 60 -129 -165 -33 37 -32 -25 42 1 58 -67 -27 -45
35 15 -45 9 -89 82 -5 0 -24 31 1 -40 -16 -7 20 129 80 26 -108 93 -15 -372 -23 -75 0
-51 -2 9 -380 -41 41 9 156 33 -68 8 -149 195 4 -18 -5 38 94 -6 -83 -54 14 -47 -144 221
203 -46 -89 -41 100 -176 -36 62 -69 43 68 -30 75 -70 110 -43 -96 20 8 -173 -54 -11 223 -46 9
238 61 82 41 -176 -103 43 0 109 80 2 -39 31 80 -22 -156 70 25 -104 -64 5 -659 81 53 0
-46 14 -5 9 -36 43 -732 0 20 20 1 -14 3 -3 0 17 -18 9 -1 -42 0 0 43 35 0
0 -1 0 156 62 0 0 -233 -15 -35 47 -78 121 0 -5 5 -4 50 5 108 -68 -4 0 134 247
-79 -37 -24 33 -69 109 20 -15 -21 -35 -27 29 -32 -136 65 29 43 -18 -49 136 -97 9 -22 -9 43
-108 9 31 -68 43 80 20 -35 -35 25 -44 -187 272 -5 -32 31 70 118 -11 -71 27 17 -89 -196 -36
-1 270 1 8 68 2 1 47 -27 -44 35 53 17 1 -2 1 -20 -32 5 49 -34 -4 110 -54 79
46 53 -40 -149 -30 -39 -14 -78 29 -187 53 -304 135 -35 49 -61 63 -268 -42 -20 -1 -81 11 90 39
-48 60 -16 195 75 31 3 121 -32 272 17 135 -147 -38 20 -33 120 -83 -47 -83 0 -74 -68 -78 -66
-105 -129 -7 4 -70 80 -3 0 -136 -5 1 -35 -38 467 -454 -164 50 22 142 153 1 -35 217 -123 0
-2 -165 20 -18 110 -22 0 -5 65 -32 -2 49 20 -454 231 -33 -27 -30 -107 72 38 0 251 -57 -14
107 -33 129 -5 -43 -156 17 5 29 31 1 -61 -33 -164 -33 296 -17 39 -100 37 2 -31 140 -32 7
133 37 80 38 -96 70 -18 -4 43 70 -20 63 120 50 -27 -17 823 -39 -118 -71 1 190 142 74 4
-28 -32 26 94 20 25 9 50 -18 118 -32 -268 -83 22 -30 39 -39 -566 27 13 1 51 -6 -55 -23
-150 -25 -108 -6 8 -104 -1 5 -49 -11 5 -42 -47 142 -107 -100 -118 27 6 34 0 -152 21 -42 0
7 42 93 -83 -173 -64 -42 108 136 -71 49 -20 -83 153 72 37 -71 13 34 -120 3 -11 19 -428 -32
6 1 -15 -54 -54 5 0 -68 -97 27 -34 -1 0 1 38 2 1 1 0 3 403 1 0 -2 -193
-546 58 -372 14 -11 -659 0 -4 9 17 -4 -81 -74 -35 0 -31 190 51 -152 -11 1 -38 -11 25 1
-114 -67 -23 -47 223 81 43 0 -22 -89 110 11 -68 217 251 140 142 -6 21 19 0 -11 229 -15 -18
-5 -27 -75 -144 -46 53 35 134 -9 -196 -54 90 -78 -123 -57 -32 74 -55 -42 -428 -2 25 -15 -304 -21
0 -45 0 221 9 0 0 247 43 -36 79 39 -66 0 -14 7 4 -23 0 -32 -193 1 -18 -21 451

