Q_obj 
-135 244 -244 -91 79 -112 -389 -34 137 -4 9 -1 -256 -92 68 82 -226 -60 -142 -525
244 733 90 11 -224 -94 191 2 -43 -3 -32 -8 -2 56 168 23 -34 96 -285 191
-244 90 -473 35 72 -6 94 15 -58 -31 4 -1 -1 62 -10 -9 26 -66 11 120
-91 11 35 -424 9 224 26 144 0 1 18 151 -227 -255 132 -3 9 156 0 18
79 -224 72 9 396 -84 202 2 -34 2 -4 -6 0 45 149 58 -165 35 -126 151
-112 -94 -6 224 -84 -358 24 137 -1 27 58 46 1 -62 -577 18 -110 103 -282 44
-389 191 94 26 202 24 -138 -17 -100 6 7 204 15 215 -84 94 -280 -140 111 113
-34 2 15 144 2 137 -17 -899 0 10 -1 30 -2 -41 80 3 -5 80 0 20
137 -43 -58 0 -34 -1 -100 0 430 -1 0 0 0 -50 4 19 -52 50 -4 -124
-4 -3 -31 1 2 27 6 10 -1 706 -128 8 27 -15 -11 41 11 -21 -9 5
9 -32 4 18 -4 58 7 -1 0 -128 34 -1 -17 3 -104 64 0 -55 -51 1
-1 -8 -1 151 -6 46 204 30 0 8 -1 -214 -2 190 27 -23 70 76 0 -240
-256 -2 -1 -227 0 1 15 -2 0 27 -17 -2 173 5 -10 6 6 707 -4 -14
-92 56 62 -255 45 -62 215 -41 -50 -15 3 190 5 -463 -42 -26 75 -203 8 46
68 168 -10 132 149 -577 -84 80 4 -11 -104 27 -10 -42 287 -22 174 109 482 13
82 23 -9 -3 58 18 94 3 19 41 64 -23 6 -26 -22 232 -116 29 101 -14
-226 -34 26 9 -165 -110 -280 -5 -52 11 0 70 6 75 174 -116 556 -81 -240 43
-60 96 -66 156 35 103 -140 80 50 -21 -55 76 707 -203 109 29 -81 -55 -51 -162
-142 -285 11 0 -126 -282 111 0 -4 -9 -51 0 -4 8 482 101 -240 -51 40 18
-525 191 120 18 151 44 113 20 -124 5 1 -240 -14 46 13 -14 43 -162 18 -178

