Q_obj 
206 27 24 92 -14 -4 17 5 41 -21 1 2 -19 0 -96
27 343 -511 -29 0 22 64 -80 470 -157 -7 119 -155 10 141
24 -511 473 13 0 -29 -79 -82 414 -43 11 121 -215 4 144
92 -29 13 369 -14 51 227 7 -14 4 -19 -13 -2 9 34
-14 0 0 -14 -283 -154 57 -246 0 151 49 448 316 0 1
-4 22 -29 51 -154 92 -181 57 -1 -33 -59 -95 -65 -10 9
17 64 -79 227 57 -181 -297 -21 2 5 71 34 31 -29 9
5 -80 -82 7 -246 57 -21 230 -139 -1 -17 436 -63 0 -6
41 470 414 -14 0 -1 2 -139 -84 -439 1 207 -192 -5 221
-21 -157 -43 4 151 -33 5 -1 -439 -592 11 4 56 11 -92
1 -7 11 -19 49 -59 71 -17 1 11 -17 31 21 4 -3
2 119 121 -13 448 -95 34 436 207 4 31 -286 92 0 74
-19 -155 -215 -2 316 -65 31 -63 -192 56 21 92 -670 -4 -63
0 10 4 9 0 -10 -29 0 -5 11 4 0 -4 732 0
-96 141 144 34 1 9 9 -6 221 -92 -3 74 -63 0 476

