Q_obj 
-277 21 19 84 -45 17 -202 257 -7 83 -79 0 29 57 -1
21 287 239 8 0 14 -10 -11 -428 -140 209 -37 -5 -94 112
19 239 -30 -18 0 -68 28 -10 298 192 312 -33 -15 -57 316
84 8 -18 312 -26 -143 -113 -133 34 90 -83 -216 -186 -4 -67
-45 0 0 -26 -850 7 -17 32 0 0 -2 -34 102 0 9
17 14 -68 -143 7 85 3 63 -153 -25 -208 25 58 -7 172
-202 -10 28 -113 -17 3 402 52 -49 -131 204 319 -126 7 -45
257 -11 -10 -133 32 63 52 51 4 -45 16 1 35 -30 46
-7 -428 298 34 0 -153 -49 4 414 57 -241 13 -4 253 102
83 -140 192 90 0 -25 -131 -45 57 -771 13 -148 -2 -318 51
-79 209 312 -83 -2 -208 204 16 -241 13 -478 122 -18 -122 -131
0 -37 -33 -216 -34 25 319 1 13 -148 122 -417 4 -101 37
29 -5 -15 -186 102 58 -126 35 -4 -2 -18 4 -145 4 38
57 -94 -57 -4 0 -7 7 -30 253 -318 -122 -101 4 183 -65
-1 112 316 -67 9 172 -45 46 102 51 -131 37 38 -65 -97

