Q_obj 
170 40 11 -17 153 -40 1 0 166 84 -15 12 -2 182 56 -15 13 -1 34 -44 -59 -17
40 -509 -1 671 -45 16 0 4 -61 -47 -18 -1 14 -403 -8 4 -3 2 -6 29 -16 4
11 -1 -700 1 28 0 3 -8 12 19 4 -19 10 27 121 4 13 -1 -4 -19 6 -3
-17 671 1 702 21 -6 1 -1 28 22 9 1 -5 180 4 -1 2 0 4 -12 8 -1
153 -45 28 21 217 -214 0 3 132 7 209 88 59 238 150 -33 -16 2 47 -3 179 -17
-40 16 0 -6 -214 333 -4 17 312 19 -42 -4 -51 -21 -2 3 -21 -1 -8 25 227 17
1 0 3 1 0 -4 -557 -219 -7 18 -1 10 8 -4 14 1 12 -8 -3 57 3 1
0 4 -8 -1 3 17 -219 123 27 -58 7 -33 -26 16 -45 0 -38 28 13 -190 -9 -2
166 -61 12 28 132 312 -7 27 77 13 -232 62 -129 168 65 -12 1 -1 38 48 -163 -8
84 -47 19 22 7 19 18 -58 13 -502 3 67 -6 -95 100 6 -17 22 3 236 -19 -5
-15 -18 4 9 209 -42 -1 7 -232 3 -144 8 -51 -4 21 7 -36 0 -24 11 -38 27
12 -1 -19 1 88 -4 10 -33 62 67 8 52 19 85 -108 10 26 6 -8 -119 -1 -11
-2 14 10 -5 59 -51 8 -26 -129 -6 -51 19 142 -2 50 -29 -39 3 -2 -54 -60 -2
182 -403 27 180 238 -21 -4 16 168 -95 -4 85 -2 477 144 -14 11 4 33 67 -23 -20
56 -8 121 4 150 -2 14 -45 65 100 21 -108 50 144 -71 18 70 -7 -24 -107 31 -20
-15 4 4 -1 -33 3 1 0 -12 6 7 10 -29 -14 18 -259 -19 201 6 -23 -7 23
13 -3 13 2 -16 -21 12 -38 1 -17 -36 26 -39 11 70 -19 -272 -145 -5 -59 21 -19
-1 2 -1 0 2 -1 -8 28 -1 22 0 6 3 4 -7 201 -145 31 -1 -7 3 -254
34 -6 -4 4 47 -8 -3 13 38 3 -24 -8 -2 33 -24 6 -5 -1 -219 27 16 9
-44 29 -19 -12 -3 25 57 -190 48 236 11 -119 -54 67 -107 -23 -59 -7 27 -191 -15 24
-59 -16 6 8 179 227 3 -9 -163 -19 -38 -1 -60 -23 31 -7 21 3 16 -15 -41 -19
-17 4 -3 -1 -17 17 1 -2 -8 -5 27 -11 -2 -20 -20 23 -19 -254 9 24 -19 -244

