Q_obj 
-670 -87 364 0 -131 -62 122 0 29 76 0 15 -121 -25
-87 446 -78 221 -59 -41 -29 20 -1 482 -97 2 -1 19
364 -78 365 134 257 154 130 -43 -22 69 -44 5 127 -55
0 221 134 783 1 0 -9 1 -23 -191 49 0 104 2
-131 -59 257 1 -630 43 112 5 21 52 0 16 -89 -121
-62 -41 154 0 43 -700 -4 -8 11 37 1 -4 -42 208
122 -29 130 -9 112 -4 38 79 -29 26 9 4 30 119
0 20 -43 1 5 -8 79 -712 -1 -16 0 17 1 -360
29 -1 -22 -23 21 11 -29 -1 -531 2 0 -1 -314 8
76 482 69 -191 52 37 26 -16 2 583 85 0 1 -15
0 -97 -44 49 0 1 9 0 0 85 860 1 -1 -1
15 2 5 0 16 -4 4 17 -1 0 1 -200 6 -287
-121 -1 127 104 -89 -42 30 1 -314 1 -1 6 739 -8
-25 19 -55 2 -121 208 119 -360 8 -15 -1 -287 -8 -54

