Q_obj 
-198 0 -6 0 22 0 6 21 -49 0 0 0 0 0 -2 0 -147 -8 0 0 -99 23 0 0 9 12 0 0 21 4 0 0 18 0 0 3 0 0 0 66
0 1000 0 0 0 0 0 0 0 0 0 0 0 0 0 0 0 0 0 0 0 0 0 0 0 0 0 0 0 0 0 0 0 0 0 0 0 0 0 0
-6 0 151 16 2 0 14 -91 -17 -1 0 -13 -25 0 -8 0 7 85 0 -2 6 -10 -24 0 -114 121 -57 0 21 -30 0 0 -8 20 539 1 0 0 8 -13
0 0 16 -39 -17 -80 -85 100 -146 29 0 1 236 50 -46 61 4 341 -218 -96 0 -8 2 -46 160 38 -32 0 26 -149 0 -16 38 163 10 -12 0 0 -204 -111
22 0 2 -17 -444 -14 1 2 -1 41 0 37 -1 -14 0 43 -6 -2 -19 112 -19 -187 68 -33 0 3 -10 0 -252 -45 0 5 -157 0 8 129 0 0 42 4
0 0 0 -80 -14 150 60 -14 -7 -257 0 0 138 -340 76 0 5 -22 32 30 0 157 0 -33 0 53 -25 0 -15 84 0 113 -183 9 0 -3 0 0 -38 -5
6 0 14 -85 1 60 80 123 -13 -41 0 -4 -194 -36 3 10 0 13 2 15 -4 14 -7 1 84 -33 34 0 6 0 0 13 -22 16 72 -1 0 0 -138 -10
21 0 -91 100 2 -14 123 422 44 10 0 -4 39 9 -60 -18 15 -236 1 -4 -18 -6 -7 1 211 75 -28 0 5 11 0 -2 4 -47 195 3 0 0 6 33
-49 0 -17 -146 -1 -7 -13 44 -189 6 0 -1 20 5 33 40 203 202 -1 -2 44 -4 -2 0 108 -65 1 0 4 -26 0 -1 1 -199 -11 -5 0 0 51 387
0 0 -1 29 41 -257 -41 10 6 -143 0 1 -94 126 -51 1 -3 16 -26 130 0 -79 1 -46 1 -41 7 0 11 -57 0 -41 51 -5 -1 10 0 0 86 4
0 0 0 0 0 0 0 0 0 0 173 0 0 -133 12 0 0 -3 0 0 0 -115 0 0 0 0 0 -59 2 -10 0 0 150 0 0 0 0 -190 0 0
0 0 -13 1 37 0 -4 -4 -1 1 0 -144 -1 0 0 0 1 1 0 1 0 40 202 0 3 8 -3 0 -103 -18 0 0 31 2 -8 9 0 0 1 0
0 0 -25 236 -1 138 -194 39 20 -94 0 -1 396 -84 -234 1 -11 73 1 35 0 37 -3 1 7 -149 73 0 49 -260 0 28 -47 -22 -16 0 0 0 108 16
0 0 0 50 -14 -340 -36 9 5 126 -133 0 -84 48 -46 0 -2 14 32 -109 0 138 0 -34 0 -32 16 -34 10 -51 0 -101 -159 -5 0 -3 0 -89 24 4
-2 0 -8 -46 0 76 3 -60 33 -51 12 0 -234 -46 -198 -3 -6 154 3 20 3 20 0 1 32 -68 67 -62 -54 305 0 16 -25 -36 -19 1 0 8 -205 25
0 0 0 61 43 0 10 -18 40 1 0 0 1 0 -3 385 2 -73 1 1 1 5 0 1 -36 17 3 0 1 20 0 0 4 -43 0 -158 0 0 -25 30
-147 0 7 4 -6 5 0 15 203 -3 0 1 -11 -2 -6 2 446 6 -3 0 129 -5 2 0 6 15 -3 0 -5 -9 0 1 -6 5 7 -1 0 0 10 -275
-8 0 85 341 -2 -22 13 -236 202 16 -3 1 73 14 154 -73 6 -52 4 -4 8 -6 1 1 -77 111 -8 19 -2 11 0 -4 8 -222 6 10 0 -2 -78 153
0 0 0 -218 -19 32 2 1 -1 -26 0 0 1 32 3 1 -3 4 15 -73 0 -1 0 -44 2 -40 -85 0 0 2 0 -10 28 2 0 -4 0 0 466 -1
0 0 -2 -96 112 30 15 -4 -2 130 0 1 35 -109 20 1 0 -4 -73 167 0 -22 1 -128 2 -2 -35 0 -4 22 0 36 -114 3 -4 28 0 0 153 -1
-99 0 6 0 -19 0 -4 -18 44 0 0 0 0 0 3 1 129 8 0 0 -226 -19 0 0 -7 -10 0 0 -18 -3 0 0 -15 0 0 -2 0 0 0 -57
23 0 -10 -8 -187 157 14 -6 -4 -79 -115 40 37 138 20 5 -5 -6 -1 -22 -19 -269 73 36 2 19 -2 -29 -265 -24 0 41 -351 3 -10 -12 0 -77 -36 2
0 0 -24 2 68 0 -7 -7 -2 1 0 202 -3 0 0 0 2 1 0 1 0 73 120 0 5 15 -6 0 -192 -34 0 0 57 3 -15 17 0 0 1 -1
0 0 0 -46 -33 -33 1 1 0 -46 0 0 1 -34 1 1 0 1 -44 -128 0 36 0 449 1 -8 -17 0 0 1 0 12 -3 1 0 -8 0 0 99 0
9 0 -114 160 0 0 84 211 108 1 0 3 7 0 32 -36 6 -77 2 2 -7 2 5 1 -38 25 16 0 -12 55 0 0 2 -118 -89 5 0 0 -70 82
12 0 121 38 3 53 -33 75 -65 -41 0 8 -149 -32 -68 17 15 111 -40 -2 -10 19 15 -8 25 622 -48 0 11 -104 0 11 -14 54 78 -1 0 0 117 -15
0 0 -57 -32 -10 -25 34 -28 1 7 0 -3 73 16 67 3 -3 -8 -85 -35 0 -2 -6 -17 16 -48 562 0 -8 71 0 -5 12 -1 -37 -2 0 0 91 1
0 0 0 0 0 0 0 0 0 0 -59 0 0 -34 -62 0 0 19 0 0 0 -29 0 0 0 0 0 364 -10 60 0 0 39 0 0 0 0 -40 0 0
21 0 21 26 -252 -15 6 5 4 11 2 -103 49 10 -54 1 -5 -2 0 -4 -18 -265 -192 0 -12 11 -8 -10 -255 -5 0 -3 -195 -6 14 -30 0 2 33 8
4 0 -30 -149 -45 84 0 11 -26 -57 -10 -18 -260 -51 305 20 -9 11 2 22 -3 -24 -34 1 55 -104 71 60 -5 -225 0 17 -64 30 -19 -8 0 -7 -185 -19
0 0 0 0 0 0 0 0 0 0 0 0 0 0 0 0 0 0 0 0 0 0 0 0 0 0 0 0 0 0 596 0 0 0 0 0 0 0 0 0
0 0 0 -16 5 113 13 -2 -1 -41 0 0 28 -101 16 0 1 -4 -10 36 0 41 0 12 0 11 -5 0 -3 17 0 -530 -59 2 0 2 0 0 -7 -1
18 0 -8 38 -157 -183 -22 4 1 51 150 31 -47 -159 -25 4 -6 8 28 -114 -15 -351 57 -3 2 -14 12 39 -195 -64 0 -59 -66 -2 -8 -13 0 101 -7 5
0 0 20 163 0 9 16 -47 -199 -5 0 2 -22 -5 -36 -43 5 -222 2 3 0 3 3 1 -118 54 -1 0 -6 30 0 2 -2 40 13 6 0 0 -56 -150
0 0 539 10 8 0 72 195 -11 -1 0 -8 -16 0 -19 0 7 6 0 -4 0 -10 -15 0 -89 78 -37 0 14 -19 0 0 -8 13 -488 2 0 0 5 -8
3 0 1 -12 129 -3 -1 3 -5 10 0 9 0 -3 1 -158 -1 10 -4 28 -2 -12 17 -8 5 -1 -2 0 -30 -8 0 2 -13 6 2 -806 0 0 14 -3
0 0 0 0 0 0 0 0 0 0 0 0 0 0 0 0 0 0 0 0 0 0 0 0 0 0 0 0 0 0 0 0 0 0 0 0 5 0 0 0
0 0 0 0 0 0 0 0 0 0 -190 0 0 -89 8 0 0 -2 0 0 0 -77 0 0 0 0 0 -40 2 -7 0 0 101 0 0 0 0 328 0 0
0 0 8 -204 42 -38 -138 6 51 86 0 1 108 24 -205 -25 10 -78 466 153 0 -36 1 99 -70 117 91 0 33 -185 0 -7 -7 -56 5 14 0 0 -335 39
66 0 -13 -111 4 -5 -10 33 387 4 0 0 16 4 25 30 -275 153 -1 -1 -57 2 -1 0 82 -15 1 0 8 -19 0 -1 5 -150 -8 -3 0 0 39 -408

