Q_obj 
14 36 85 36 -85 24 123 -249 -116 6 -397 -35 201 12 0 99 240 -285 -15 14 -43 5 -35 6 -34 -4 -6 27 83 42
36 406 89 19 17 40 14 35 37 -19 0 -36 20 -80 0 0 1 -8 585 29 161 -67 -151 25 -2 4 -41 1 177 0
85 89 -2 69 59 -1 194 307 132 -211 3 23 45 -220 0 0 23 -36 -91 103 146 -169 127 -20 44 8 245 0 -48 0
36 19 69 255 -26 6 216 -63 -106 36 -1 20 -79 9 0 -56 -2 138 5 -51 -33 -57 -23 33 -127 -49 -28 1 20 -116
-85 17 59 -26 294 6 115 -76 -85 45 1 -35 30 3 0 0 0 -40 0 -104 -30 -86 -7 2 -56 -36 -13 1 26 0
24 40 -1 6 6 418 -30 41 9 -22 -152 17 25 2 0 0 -262 -1 -46 10 -18 -38 -81 14 -18 4 -9 1 -2 0
123 14 194 216 115 -30 218 64 269 -69 -12 -6 22 -14 0 45 -12 -1 58 199 -105 132 4 -44 161 114 -122 0 -99 -45
-249 35 307 -63 -76 41 64 83 -124 -104 -66 -313 -103 -282 0 0 38 32 -74 -54 -309 341 -26 5 6 -8 149 -8 184 0
-116 37 132 -106 -85 9 269 -124 26 69 -1 -110 91 21 0 0 0 -121 9 -146 -61 -275 16 -2 -86 -90 -57 0 39 42
6 -19 -211 36 45 -22 -69 -104 69 165 -77 211 66 194 0 0 45 -17 42 203 213 -213 -3 1 -108 5 -81 -13 -101 0
-397 0 3 -1 1 -152 -12 -66 -1 -77 374 7 8 -1 0 0 124 3 1 473 -2 -12 -32 6 -267 1 0 -51 1 -1
-35 -36 23 20 -35 17 -6 -313 -110 211 7 182 -117 -30 0 -34 -7 166 26 -62 -1 117 26 -40 -49 -21 86 1 21 -90
201 20 45 -79 30 25 22 -103 91 66 8 -117 564 6 0 -90 11 260 -10 50 -24 224 35 3 -220 213 -3 1 51 -25
12 -80 -220 9 3 2 -14 -282 21 194 -1 -30 6 -58 0 0 -20 2 83 2 -138 -16 -109 18 -4 5 436 1 45 0
0 0 0 0 0 0 0 0 0 0 0 0 0 0 -676 0 0 0 0 0 0 0 0 0 0 0 0 0 0 0
99 0 0 -56 0 0 45 0 0 0 0 -34 -90 0 0 101 0 190 0 0 0 -20 -15 -201 -154 -19 0 0 0 1
240 1 23 -2 0 -262 -12 38 0 45 124 -7 11 -20 0 0 515 1 0 -273 -22 -7 -52 9 140 2 0 31 6 0
-285 -8 -36 138 -40 -1 -1 32 -121 -17 3 166 260 2 0 190 1 -290 -1 -69 21 15 -84 -77 322 17 13 0 -8 51
-15 585 -91 5 0 -46 58 -74 9 42 1 26 -10 83 0 0 0 -1 143 -1 -218 29 191 -30 21 1 -9 0 -210 0
14 29 103 -51 -104 10 199 -54 -146 203 473 -62 50 2 0 0 -273 -69 -1 -11 -55 -145 -10 2 8 -61 -23 -30 43 0
-43 161 146 -33 -30 -18 -105 -309 -61 213 -2 -1 -24 -138 0 0 -22 21 -218 -55 338 92 -47 8 -22 -1 84 1 -43 0
5 -67 -169 -57 -86 -38 132 341 -275 -213 -12 117 224 -16 0 -20 -7 15 29 -145 92 21 29 -12 -282 -43 25 0 -161 -59
-35 -151 127 -23 -7 -81 4 -26 16 -3 -32 26 35 -109 0 -15 -52 -84 191 -10 -47 29 384 53 27 8 1 0 -364 30
6 25 -20 33 2 14 -44 5 -2 1 6 -40 3 18 0 -201 9 -77 -30 2 8 -12 53 590 -4 -1 0 1 59 -91
-34 -2 44 -127 -56 -18 161 6 -86 -108 -267 -49 -220 -4 0 -154 140 322 21 8 -22 -282 27 -4 38 -105 -32 17 -46 -65
-4 4 8 -49 -36 4 114 -8 -90 5 1 -21 213 5 0 -19 2 17 1 -61 -1 -43 8 -1 -105 -162 -4 0 4 -9
-6 -41 245 -28 -13 -9 -122 149 -57 -81 0 86 -3 436 0 0 0 13 -9 -23 84 25 1 0 -32 -4 255 0 -43 0
27 1 0 1 1 1 0 -8 0 -13 -51 1 1 1 0 0 31 0 0 -30 1 0 0 1 17 0 0 -594 1 0
83 177 -48 20 26 -2 -99 184 39 -101 1 21 51 45 0 0 6 -8 -210 43 -43 -161 -364 59 -46 4 -43 1 411 0
42 0 0 -116 0 0 -45 0 42 0 -1 -90 -25 0 0 1 0 51 0 0 0 -59 30 -91 -65 -9 0 0 0 178

