Q_obj 
-10 46 114 103 53 -68 179 -52 -44 35 284 156 114 61 -105 107 -116
46 104 -118 -118 -67 -225 -188 67 -47 -101 163 273 -29 233 68 -151 -12
114 -118 244 -87 58 -97 7 -57 -267 291 -323 66 -60 -237 161 109 -153
103 -118 -87 7 34 -9 100 -32 183 175 218 -233 50 59 -218 74 -424
53 -67 58 34 282 27 -22 312 14 3 -30 -29 -72 -24 -44 -83 -24
-68 -225 -97 -9 27 461 109 -25 38 -50 177 -138 -216 -76 -80 48 -31
179 -188 7 100 -22 109 -345 22 144 49 -76 -42 -259 -52 63 -104 -5
-52 67 -57 -32 312 -25 22 287 -13 -2 31 29 73 25 45 83 25
-44 -47 -267 183 14 38 144 -13 275 99 -566 87 117 185 -141 10 -26
35 -101 291 175 3 -50 49 -2 99 -83 -27 -89 16 -25 130 3 -18
284 163 -323 218 -30 177 -76 31 -566 -27 72 264 125 -268 -188 -60 -28
156 273 66 -233 -29 -138 -42 29 87 -89 264 -497 31 -333 56 -69 127
114 -29 -60 50 -72 -216 -259 73 117 16 125 31 100 116 -187 -165 -83
61 233 -237 59 -24 -76 -52 25 185 -25 -268 -333 116 22 -13 -17 111
-105 68 161 -218 -44 -80 63 45 -141 130 -188 56 -187 -13 -349 -79 227
107 -151 109 74 -83 48 -104 83 10 3 -60 -69 -165 -17 -79 -130 -54
-116 -12 -153 -424 -24 -31 -5 25 -26 -18 -28 127 -83 111 227 -54 -121

