Q_obj 
-572 157 3 0 1 -112 0 -37 -1 54 -1 -2 14 23 -80 13 0 -12 0 6 -6 -4 -1 -244 0 -20 0 25 -8 1 0 -19 -73 -20 -1 -26 -368 1 1 5 2 0 -22 119 -15
157 263 0 0 0 35 0 -287 -2 -15 0 -2 -3 0 0 3 0 0 0 -17 0 -3 -2 51 0 -31 0 0 0 0 0 0 48 -19 0 -25 107 0 0 -132 0 1 -67 -37 0
3 0 -800 0 0 0 0 0 -40 0 0 -2 0 0 0 -4 0 0 -6 24 0 -9 45 0 0 62 49 0 0 -16 0 0 -30 27 -20 24 3 0 78 -31 -23 -50 -1 0 0
0 0 0 454 0 0 0 0 0 0 0 0 0 0 0 0 0 0 0 0 0 0 0 0 0 0 0 0 0 0 0 0 0 0 0 0 0 0 0 0 0 0 0 0 0
1 0 0 0 585 1 0 0 -106 1 0 37 1 0 1 0 0 -59 0 0 -2 60 94 0 0 0 0 0 0 0 0 0 0 64 0 -60 1 0 -107 0 10 -6 1 0 42
-112 35 0 0 1 401 0 -7 1 130 0 0 -105 0 0 1 0 4 -141 0 16 1 0 -37 0 0 0 0 0 0 0 0 -17 -1 1 1 -76 1 1 -3 0 18 48 384 16
0 0 0 0 0 0 -671 0 0 0 0 0 0 0 0 0 0 0 0 0 0 0 0 0 0 0 0 0 0 0 0 0 0 0 0 0 0 0 0 0 0 0 0 0 0
-37 -287 0 0 0 -7 0 870 -1 4 0 -1 1 0 0 2 0 0 0 -14 0 -2 -2 -11 0 -25 0 0 0 0 0 0 13 -16 0 -21 -25 0 0 -109 0 1 17 9 0
-1 -2 -40 0 -106 1 0 -1 391 1 0 76 1 0 1 6 0 -124 0 -9 -5 124 235 0 0 -86 -297 0 0 0 0 0 12 138 0 -122 0 0 -178 22 -65 -16 1 0 88
54 -15 0 0 1 130 0 4 1 163 1 0 -160 0 -1 0 0 1 -69 3 1 1 1 24 0 1 0 0 1 1 0 0 11 1 0 1 37 0 1 2 0 9 -22 88 1
-1 0 0 0 0 0 0 0 0 1 153 -14 1 0 -85 0 0 0 0 126 0 -23 0 0 0 0 0 0 37 31 0 0 95 20 -5 -10 -1 41 0 0 0 3 29 0 0
-2 -2 -2 0 37 0 0 -1 76 0 -14 -107 0 0 -6 0 0 90 -9 -8 33 -94 -66 0 0 1 1 0 3 -48 0 0 28 -79 104 49 -1 6 77 23 -4 -66 1 1 -28
14 -3 0 0 1 -105 0 1 1 -160 1 0 616 0 0 0 0 1 137 1 1 -1 1 7 0 1 0 0 1 1 0 0 3 1 0 1 10 0 1 1 0 -16 -5 -93 1
23 0 0 0 0 0 0 0 0 0 0 0 0 -232 -177 230 0 0 0 -98 0 0 0 0 0 16 0 30 77 0 14 -465 -73 0 0 0 16 0 0 0 0 0 49 0 0
-80 0 0 0 1 0 0 0 1 -1 -85 -6 0 -177 -198 -88 0 -12 0 169 -3 -9 0 1 0 -5 0 -191 158 59 0 153 127 7 -39 -3 -54 30 1 0 0 2 -225 1 -12
13 3 -4 0 0 1 0 2 6 0 0 0 0 230 -88 -581 0 0 1 -40 0 1 7 1 0 -6 1 15 39 1 -39 -235 -48 -1 1 -1 9 0 0 -19 3 2 24 0 0
0 0 0 0 0 0 0 0 0 0 0 0 0 0 0 0 -101 0 0 0 0 0 0 0 0 0 0 0 0 0 0 0 0 0 0 0 0 0 0 0 0 0 0 0 0
-12 0 0 0 -59 4 0 0 -124 1 0 90 1 0 -12 0 0 -191 0 0 394 147 110 0 0 0 0 0 0 0 0 0 0 158 0 -149 -8 0 -125 0 12 -16 -38 -3 -25
0 0 -6 0 0 -141 0 0 0 -69 0 -9 137 0 0 1 0 0 72 -1 0 -21 0 0 0 -2 2 0 0 -33 0 0 2 12 -42 -9 0 0 0 2 -2 -55 1 -118 0
6 -17 24 0 0 0 0 -14 -9 3 126 -8 1 -98 169 -40 0 0 -1 -267 0 -15 -11 0 0 -137 -4 -105 -72 -90 0 85 -219 -148 55 -175 4 -43 0 164 14 -10 -57 1 0
-6 0 0 0 -2 16 0 0 -5 1 0 33 1 0 -3 0 0 394 0 0 -371 54 5 -1 0 0 0 0 0 0 0 0 0 59 0 -55 -4 0 -5 0 1 -5 -7 -18 262
-4 -3 -9 0 60 1 0 -2 124 1 -23 -94 -1 0 -9 1 0 147 -21 -15 54 -227 -109 0 0 -2 2 0 4 -109 0 0 47 -120 132 72 -3 9 125 39 -9 -144 2 4 -46
-1 -2 45 0 94 0 0 -2 235 1 0 -66 1 0 0 7 0 110 0 -11 5 -109 453 0 0 -94 261 0 0 0 0 0 16 -117 0 112 -1 0 157 26 53 11 1 1 -77
-244 51 0 0 0 -37 0 -11 0 24 0 0 7 0 1 1 0 0 0 0 -1 0 0 373 0 -1 0 0 0 0 0 0 -38 0 0 -1 -166 0 0 -5 1 1 106 38 -1
0 0 0 0 0 0 0 0 0 0 0 0 0 0 0 0 0 0 0 0 0 0 0 0 -364 0 0 0 0 0 0 0 0 0 0 0 0 0 0 0 0 0 0 0 0
-20 -31 62 0 0 0 0 -25 -86 1 0 1 1 16 -5 -6 0 0 -2 -137 0 -2 -94 -1 0 -485 -7 1 3 -6 -2 -15 173 21 -8 23 -13 0 0 299 -34 -21 11 1 0
0 0 49 0 0 0 0 0 -297 0 0 1 0 0 0 1 0 0 2 -4 0 2 261 0 0 -7 -486 0 0 3 0 0 6 -5 4 -5 0 0 527 6 44 9 1 0 0
25 0 0 0 0 0 0 0 0 0 0 0 0 30 -191 15 0 0 0 -105 0 0 0 0 0 1 0 260 83 0 0 -25 -79 0 0 0 17 0 0 0 0 0 53 0 0
-8 0 0 0 0 0 0 0 0 1 37 3 1 77 158 39 0 0 0 -72 0 4 0 0 0 3 0 83 207 -25 0 -65 -55 -3 18 2 -5 -12 0 0 0 0 -48 0 0
1 0 -16 0 0 0 0 0 0 1 31 -48 1 0 59 1 0 0 -33 -90 0 -109 0 0 0 -6 3 0 -25 544 0 0 -60 62 -213 -41 1 -10 0 5 -5 -267 -19 0 0
0 0 0 0 0 0 0 0 0 0 0 0 0 14 0 -39 0 0 0 0 0 0 0 0 0 -2 0 0 0 0 -810 -7 0 0 0 0 0 0 0 0 0 0 0 0 0
-19 0 0 0 0 0 0 0 0 0 0 0 0 -465 153 -235 0 0 0 85 0 0 0 0 0 -15 0 -25 -65 0 -7 -397 64 0 0 0 -13 0 0 0 0 0 -41 0 0
-73 48 -30 0 0 -17 0 13 12 11 95 28 3 -73 127 -48 0 0 2 -219 0 47 16 -38 0 173 6 -79 -55 -60 0 64 -154 171 51 241 -50 -33 0 -215 -17 11 -10 19 0
-20 -19 27 0 64 -1 0 -16 138 1 20 -79 1 0 7 -1 0 158 12 -148 59 -120 -117 0 0 21 -5 0 -3 62 0 0 171 -316 -149 -12 -13 -7 135 188 24 105 3 3 -50
-1 0 -20 0 0 1 0 0 0 0 -5 104 0 0 -39 1 0 0 -42 55 0 132 0 0 0 -8 4 0 18 -213 0 0 51 -149 230 71 -1 2 0 6 -6 -361 14 1 0
-26 -25 24 0 -60 1 0 -21 -122 1 -10 49 1 0 -3 -1 0 -149 -9 -175 -55 72 112 -1 0 23 -5 0 2 -41 0 0 241 -12 71 -377 -17 4 -127 247 56 -82 17 0 48
-368 107 3 0 1 -76 0 -25 0 37 -1 -1 10 16 -54 9 0 -8 0 4 -4 -3 -1 -166 0 -13 0 17 -5 1 0 -13 -50 -13 -1 -17 -281 1 1 3 2 0 -15 81 -10
1 0 0 0 0 1 0 0 0 0 41 6 0 0 30 0 0 0 0 -43 0 9 0 0 0 0 0 0 -12 -10 0 0 -33 -7 2 4 1 255 0 0 0 0 -10 1 0
1 0 78 0 -107 1 0 0 -178 1 0 77 1 0 1 0 0 -125 0 0 -5 125 157 0 0 0 527 0 0 0 0 0 0 135 0 -127 1 0 329 0 43 -13 1 0 89
5 -132 -31 0 0 -3 0 -109 22 2 0 23 1 0 0 -19 0 0 2 164 0 39 26 -5 0 299 6 0 0 5 0 0 -215 188 6 247 3 0 0 395 -10 11 -1 4 0
2 0 -23 0 10 0 0 0 -65 0 0 -4 0 0 0 3 0 12 -2 14 1 -9 53 1 0 -34 44 0 0 -5 0 0 -17 24 -6 56 2 0 43 -10 -718 -15 0 1 -8
0 1 -50 0 -6 18 0 1 -16 9 3 -66 -16 0 2 2 0 -16 -55 -10 -5 -144 11 1 0 -21 9 0 0 -267 0 0 11 105 -361 -82 0 0 -13 11 -15 -363 1 15 6
-22 -67 -1 0 1 48 0 17 1 -22 29 1 -5 49 -225 24 0 -38 1 -57 -7 2 1 106 0 11 1 53 -48 -19 0 -41 -10 3 14 17 -15 -10 1 -1 0 1 -906 -49 -34
119 -37 0 0 0 384 0 9 0 88 0 1 -93 0 1 0 0 -3 -118 1 -18 4 1 38 0 1 0 0 0 0 0 0 19 3 1 0 81 1 0 4 1 15 -49 271 -19
-15 0 0 0 42 16 0 0 88 1 0 -28 1 0 -12 0 0 -25 0 0 262 -46 -77 -1 0 0 0 0 0 0 0 0 0 -50 0 48 -10 0 89 0 -8 6 -34 -19 -513

