Q_obj 
321 0 13 -30 -5 -27 -4 -88 -68 30 223 -73 -49 119 5 67 -82 10 214 41 344 -11 -11 -19 27
0 756 0 31 -106 -75 1 -2 2 1 -47 144 42 0 75 26 -30 -35 39 1 2 -12 -1 4 309
13 0 394 -43 -8 -49 -24 -32 -161 29 24 -80 -88 170 6 187 -90 19 -98 96 380 -21 -17 -27 30
-30 31 -43 -244 26 40 16 6 51 12 13 -59 5 0 -15 55 85 -104 -4 -38 -42 137 -65 240 34
-5 -106 -8 26 -207 -112 5 -8 17 4 -1 46 71 0 242 1 153 127 -6 -7 51 182 -21 81 -49
-27 -75 -49 40 -112 -149 5 -73 -3 21 -15 -23 243 56 -85 2 -42 -61 -27 13 -123 -46 -212 -49 -15
-4 1 -24 16 5 5 571 11 -148 -324 -19 8 6 95 -3 -59 10 -5 19 4 -39 8 24 15 -2
-88 -2 -32 6 -8 -73 11 -114 -3 126 -31 24 -114 332 7 20 24 -2 -49 256 -98 -1 63 19 -8
-68 2 -161 51 17 -3 -148 -3 -556 80 -23 -8 -18 97 -11 -191 -5 -18 102 18 34 26 23 34 4
30 1 29 12 4 21 -324 126 80 -354 -30 -1 34 173 -2 -118 -1 -7 45 -111 8 10 -8 4 1
223 -47 24 13 -1 -15 -19 -31 -23 -30 28 65 -24 -65 -3 -159 34 -15 -134 49 -168 12 -15 7 53
-73 144 -80 -59 46 -23 8 24 -8 -1 65 -303 68 0 173 18 159 62 3 -81 44 151 -27 101 282
-49 42 -88 5 71 243 6 -114 -18 34 -24 68 153 99 47 23 73 32 -36 23 -176 33 -379 -95 -11
119 0 170 0 0 56 95 332 97 173 -65 0 99 -153 0 -196 -1 -8 57 -199 0 11 -35 -9 0
5 75 6 -15 242 -85 -3 7 -11 -2 -3 173 47 0 -36 3 132 282 10 6 72 183 17 -60 -36
67 26 187 55 1 2 -59 20 -191 -118 -159 18 23 -196 3 -167 25 6 82 -46 -118 -8 -40 3 -49
-82 -30 -90 85 153 -42 10 24 -5 -1 34 159 73 -1 132 25 -381 156 33 -93 58 39 32 -92 -58
10 -35 19 -104 127 -61 -5 -2 -18 -7 -15 62 32 -8 282 6 156 -269 8 7 61 203 -12 40 -31
214 39 -98 -4 -6 -27 19 -49 102 45 -134 3 -36 57 10 82 33 8 26 88 -115 -7 13 -4 -66
41 1 96 -38 -7 13 4 256 18 -111 49 -81 23 -199 6 -46 -93 7 88 385 385 -8 -196 -73 30
344 2 380 -42 51 -123 -39 -98 34 8 -168 44 -176 0 72 -118 58 61 -115 385 -413 42 6 -20 -15
-11 -12 -21 137 182 -46 8 -1 26 10 12 151 33 11 183 -8 39 203 -7 -8 42 -329 13 -37 -57
-11 -1 -17 -65 -21 -212 24 63 23 -8 -15 -27 -379 -35 17 -40 32 -12 13 -196 6 13 307 231 11
-19 4 -27 240 81 -49 15 19 34 4 7 101 -95 -9 -60 3 -92 40 -4 -73 -20 -37 231 -478 -40
27 309 30 34 -49 -15 -2 -8 4 1 53 282 -11 0 -36 -49 -58 -31 -66 30 -15 -57 11 -40 368

