Q_obj 
-353 0 0 -5 17 0 0 0 1 0 0 0 0 0 0 0 0 0 0 -13 0 0 0 0 5 0 0 0 0 0 0 0 -19 0 -5 0 0 0 0 0 0 0 0 0 0 0 0 0 0 0 9 22
0 -319 0 -40 -30 0 0 -161 0 0 -60 0 13 319 4 -46 -570 0 84 13 1 5 0 -243 118 -18 0 0 -24 0 0 26 0 0 1 1 -17 0 0 0 0 5 14 2 0 0 2 0 0 5 1 -1
0 0 -741 0 0 0 0 0 0 0 0 0 0 0 0 0 0 0 0 0 0 0 0 0 0 0 0 0 0 0 0 0 0 0 0 0 0 0 0 0 0 0 0 0 0 0 0 0 0 0 0 0
-5 -40 0 -765 16 0 0 60 0 0 28 0 -5 -117 -89 7 -16 0 -196 284 17 48 0 10 67 43 -1 1 1 0 -78 0 -92 0 6 -16 4 0 -18 0 0 8 4 0 0 0 -88 -9 -20 0 47 125
17 -30 0 16 489 0 0 -8 -2 0 -4 0 1 18 45 -2 -19 0 0 87 -143 2 0 -1 120 15 -8 0 -176 0 -10 -168 165 0 30 13 0 0 0 0 0 -11 -20 1 0 0 66 0 0 1 376 -205
0 0 0 0 0 -266 0 0 0 0 0 0 0 0 0 0 0 0 0 0 0 0 0 0 0 0 0 0 0 0 0 0 0 0 0 0 0 0 0 0 0 0 0 0 0 0 0 0 0 0 0 0
0 0 0 0 0 0 -828 0 0 0 0 0 0 0 0 0 0 0 0 0 0 0 0 0 0 0 0 0 0 0 0 0 0 0 0 0 0 0 0 0 0 0 0 0 0 0 0 0 0 0 0 0
0 -161 0 60 -8 0 0 -143 0 0 144 0 -29 -362 2 64 -143 0 30 -23 1 2 0 -47 35 -6 0 1 -6 0 0 7 0 0 1 1 94 0 0 0 0 1 0 -9 0 0 1 0 0 -23 1 0
1 0 0 0 -2 0 0 0 549 0 0 0 1 1 6 0 0 0 1 -1 -1 1 0 1 0 3 -1 0 0 0 -1 1 10 1 83 3 0 0 2 0 0 0 1 1 0 0 11 1 3 1 -4 -6
0 0 0 0 0 0 0 0 0 292 0 0 0 0 0 0 0 0 0 0 0 0 0 0 0 0 0 0 0 0 0 0 0 0 0 0 0 0 0 0 0 0 0 0 0 0 0 0 0 0 0 0
0 -60 0 28 -4 0 0 144 0 0 379 0 92 -283 2 45 -93 0 8 -11 1 1 0 -23 17 0 0 1 -4 0 0 5 0 0 1 0 16 0 0 0 0 1 0 -1 0 0 -1 0 0 -3 1 0
0 0 0 0 0 0 0 0 0 0 0 19 0 0 0 0 0 0 0 0 0 0 0 0 0 0 0 0 0 0 0 0 0 0 0 0 0 0 0 0 0 0 0 0 0 0 0 0 0 0 0 0
0 13 0 -5 1 0 0 -29 1 0 92 0 809 58 0 -8 19 0 -1 3 0 0 0 5 -3 1 1 0 1 0 1 0 0 0 0 1 -3 0 0 0 0 0 1 1 0 0 1 0 0 1 0 1
0 319 0 -117 18 0 0 -362 1 0 -283 0 58 399 -2 -126 284 0 -58 47 0 -2 0 95 -68 13 1 0 13 0 1 -12 0 0 0 0 -40 0 0 0 0 0 1 5 0 0 -1 0 0 11 0 2
0 4 0 -89 45 0 0 2 6 0 2 0 0 -2 148 1 20 0 -1 -237 -62 -169 0 -64 12 64 -91 1 -19 0 -185 21 0 0 -55 55 1 0 0 0 0 -23 8 0 0 0 289 0 0 0 -91 -182
0 -46 0 7 -2 0 0 64 0 0 45 0 -8 -126 1 -399 -41 0 6 -2 1 1 0 -13 11 0 0 1 -1 0 0 2 0 0 1 0 8 0 0 0 0 1 0 0 0 0 0 0 0 -1 1 0
0 -570 0 -16 -19 0 0 -143 0 0 -93 0 19 284 20 -41 281 0 -36 -8 3 3 -10 -153 69 -13 -3 4 -14 0 -4 15 0 0 3 -1 -15 0 0 0 0 4 9 2 0 0 -8 0 0 4 4 -8
0 0 0 0 0 0 0 0 0 0 0 0 0 0 0 0 0 -766 0 0 0 0 0 0 0 0 0 0 0 0 0 0 0 0 0 0 0 0 0 0 0 0 0 0 0 0 0 0 0 0 0 0
0 84 0 -196 0 0 0 30 1 0 8 0 -1 -58 -1 6 -36 0 -142 76 0 1 0 12 4 20 1 1 -1 0 1 2 0 0 0 0 3 0 0 0 0 0 1 0 0 0 -3 0 0 0 0 1
-13 13 0 284 87 0 0 -23 -1 0 -11 0 3 47 -237 -2 -8 0 76 -121 44 126 0 52 -1 -66 -3 0 3 0 -207 -3 -243 0 16 -36 -1 0 -48 0 0 16 -6 1 0 0 -193 -25 -54 1 123 330
0 1 0 17 -143 0 0 1 -1 0 1 0 0 0 -62 1 3 0 0 44 -599 -2 0 -8 -36 -19 12 1 1 0 14 0 0 0 18 -17 1 0 0 0 0 8 -2 0 0 0 -90 0 0 0 295 35
0 5 0 48 2 0 0 2 1 0 1 0 0 -2 -169 1 3 0 1 126 -2 432 -20 -1 0 3 32 8 -12 0 38 14 0 0 -1 2 1 0 0 0 0 0 1 1 0 0 11 0 0 0 -3 89
0 0 0 0 0 0 0 0 0 0 0 0 0 0 0 0 -10 0 0 0 0 -20 -81 0 0 0 0 77 118 0 -8 -122 0 0 0 0 0 0 0 0 137 0 0 3 0 0 0 0 0 0 0 0
0 -243 0 10 -1 0 0 -47 1 0 -23 0 5 95 -64 -13 -153 0 12 52 -8 -1 0 566 32 4 13 0 -6 0 15 7 0 0 -7 8 -5 0 0 0 0 -1 5 1 0 0 39 0 0 2 -11 33
5 118 0 67 120 0 0 35 0 0 17 0 -3 -68 12 11 69 0 4 -1 -36 0 0 32 52 4 -2 1 -41 0 -2 -46 42 0 8 4 4 0 0 0 0 25 87 0 0 0 17 0 0 0 96 -52
0 -18 0 43 15 0 0 -6 3 0 0 0 1 13 64 0 -13 0 20 -66 -19 3 0 4 4 594 -12 0 0 0 -14 1 0 0 -24 -10 0 0 0 0 0 -10 4 1 0 0 -57 0 0 1 -29 -36
0 0 0 -1 -8 0 0 0 -1 0 0 0 1 1 -91 0 -3 0 1 -3 12 32 0 13 -2 -12 -119 0 7 0 121 -6 0 0 11 -10 0 0 0 0 0 5 -1 1 0 0 -54 0 0 1 18 1
0 0 0 1 0 0 0 1 0 0 1 0 0 0 1 1 4 0 1 0 1 8 77 0 1 0 0 104 -42 0 4 44 0 0 1 1 -3 0 0 0 380 1 0 -15 0 0 1 0 0 5 1 0
0 -24 0 1 -176 0 0 -6 0 0 -4 0 1 13 -19 -1 -14 0 -1 3 1 -12 118 -6 -41 0 7 -42 -173 0 6 -748 0 0 1 0 0 0 0 0 0 1 1 -1 0 0 -1 0 0 1 -90 3
0 0 0 0 0 0 0 0 0 0 0 0 0 0 0 0 0 0 0 0 0 0 0 0 0 0 0 0 0 920 0 0 0 0 0 0 0 0 0 0 0 0 0 0 0 0 0 0 0 0 0 0
0 0 0 -78 -10 0 0 0 -1 0 0 0 1 1 -185 0 -4 0 1 -207 14 38 -8 15 -2 -14 121 4 6 0 671 -5 0 0 13 -12 0 0 0 0 0 6 -1 1 0 0 -64 0 0 1 21 -144
0 26 0 0 -168 0 0 7 1 0 5 0 0 -12 21 2 15 0 2 -3 0 14 -122 7 -46 1 -6 44 -748 0 -5 -119 0 0 0 1 1 0 0 0 0 0 0 2 0 0 2 0 0 0 -88 -1
-19 0 0 -92 165 0 0 0 10 0 0 0 0 0 0 0 0 0 0 -243 0 0 0 0 42 0 0 0 0 0 0 0 -252 2 -91 0 0 0 128 0 0 0 0 0 0 0 0 67 145 0 86 391
0 0 0 0 0 0 0 0 1 0 0 0 0 0 0 0 0 0 0 0 0 0 0 0 0 0 0 0 0 0 0 0 2 -524 0 0 0 0 3 0 0 0 0 0 0 0 0 2 4 0 0 1
-5 1 0 6 30 0 0 1 83 0 1 0 0 0 -55 1 3 0 0 16 18 -1 0 -7 8 -24 11 1 1 0 13 0 -91 0 -284 -21 1 0 -18 0 0 10 -2 0 0 0 -111 -9 -20 0 48 69
0 1 0 -16 13 0 0 1 3 0 0 0 1 0 55 0 -1 0 0 -36 -17 2 0 8 4 -10 -10 1 0 0 -12 1 0 0 -21 293 1 0 0 0 0 -9 3 0 0 0 8 0 0 0 -25 -31
0 -17 0 4 0 0 0 94 0 0 16 0 -3 -40 1 8 -15 0 3 -1 1 1 0 -5 4 0 0 -3 0 0 0 1 0 0 1 1 -880 0 0 0 0 1 0 127 0 0 1 0 0 315 1 0
0 0 0 0 0 0 0 0 0 0 0 0 0 0 0 0 0 0 0 0 0 0 0 0 0 0 0 0 0 0 0 0 0 0 0 0 0 222 0 0 0 0 0 0 0 0 0 0 0 0 0 0
0 0 0 -18 0 0 0 0 2 0 0 0 0 0 0 0 0 0 0 -48 0 0 0 0 0 0 0 0 0 0 0 0 128 3 -18 0 0 0 -487 0 0 0 0 0 0 0 0 249 538 0 0 78
0 0 0 0 0 0 0 0 0 0 0 0 0 0 0 0 0 0 0 0 0 0 0 0 0 0 0 0 0 0 0 0 0 0 0 0 0 0 0 -743 0 0 0 0 0 0 0 0 0 0 0 0
0 0 0 0 0 0 0 0 0 0 0 0 0 0 0 0 0 0 0 0 0 0 137 0 0 0 0 380 0 0 0 0 0 0 0 0 0 0 0 0 112 0 0 11 0 0 0 0 0 0 0 0
0 5 0 8 -11 0 0 1 0 0 1 0 0 0 -23 1 4 0 0 16 8 0 0 -1 25 -10 5 1 1 0 6 0 0 0 10 -9 1 0 0 0 0 -336 -73 0 0 0 -47 0 0 0 11 14
0 14 0 4 -20 0 0 0 1 0 0 0 1 1 8 0 9 0 1 -6 -2 1 0 5 87 4 -1 0 1 0 -1 0 0 0 -2 3 0 0 0 0 0 -73 -558 1 0 0 15 0 0 1 -3 -4
0 2 0 0 1 0 0 -9 1 0 -1 0 1 5 0 0 2 0 0 1 0 1 3 1 0 1 1 -15 -1 0 1 2 0 0 0 0 127 0 0 0 11 0 1 708 0 0 0 0 0 -160 0 1
0 0 0 0 0 0 0 0 0 0 0 0 0 0 0 0 0 0 0 0 0 0 0 0 0 0 0 0 0 0 0 0 0 0 0 0 0 0 0 0 0 0 0 0 -313 0 0 0 0 0 0 0
0 0 0 0 0 0 0 0 0 0 0 0 0 0 0 0 0 0 0 0 0 0 0 0 0 0 0 0 0 0 0 0 0 0 0 0 0 0 0 0 0 0 0 0 0 229 0 0 0 0 0 0
0 2 0 -88 66 0 0 1 11 0 -1 0 1 -1 289 0 -8 0 -3 -193 -90 11 0 39 17 -57 -54 1 -1 0 -64 2 0 0 -111 8 1 0 0 0 0 -47 15 0 0 0 334 0 0 0 -133 -167
0 0 0 -9 0 0 0 0 1 0 0 0 0 0 0 0 0 0 0 -25 0 0 0 0 0 0 0 0 0 0 0 0 67 2 -9 0 0 0 249 0 0 0 0 0 0 0 0 751 -448 0 0 41
0 0 0 -20 0 0 0 0 3 0 0 0 0 0 0 0 0 0 0 -54 0 0 0 0 0 0 0 0 0 0 0 0 145 4 -20 0 0 0 538 0 0 0 0 0 0 0 0 -448 -13 0 0 89
0 5 0 0 1 0 0 -23 1 0 -3 0 1 11 0 -1 4 0 0 1 0 0 0 2 0 1 1 5 1 0 1 0 0 0 0 0 315 0 0 0 0 0 1 -160 0 0 0 0 0 373 0 1
9 1 0 47 376 0 0 1 -4 0 1 0 0 0 -91 1 4 0 0 123 295 -3 0 -11 96 -29 18 1 -90 0 21 -88 86 0 48 -25 1 0 0 0 0 11 -3 0 0 0 -133 0 0 0 -56 -41
22 -1 0 125 -205 0 0 0 -6 0 0 0 1 2 -182 0 -8 0 1 330 35 89 0 33 -52 -36 1 0 3 0 -144 -1 391 1 69 -31 0 0 78 0 0 14 -4 1 0 0 -167 41 89 1 -41 -285

