Q_obj 
367 -207 0 1 -232 -12 12 -62 395 -206 75 40 304 -41 0 -372 0
-207 10 140 -10 108 123 38 116 -63 -172 26 -95 154 -74 -1 -273 113
0 140 -49 -205 -48 -44 -78 -94 -21 50 -11 -26 15 79 -9 -85 152
1 -10 -205 616 -48 28 -47 -9 76 38 6 -1 -30 23 0 69 109
-232 108 -48 -48 128 171 -53 -80 -4 -148 27 -231 194 34 2 -295 -142
-12 123 -44 28 171 351 -41 131 351 109 -83 -257 141 42 0 216 58
12 38 -78 -47 -53 -41 230 -189 -71 -103 -332 52 51 -246 12 115 18
-62 116 -94 -9 -80 131 -189 117 20 -1 -186 -78 107 -87 7 -30 -282
395 -63 -21 76 -4 351 -71 20 -446 112 117 -65 60 -57 0 200 6
-206 -172 50 38 -148 109 -103 -1 112 -122 -35 11 -93 79 -6 -48 109
75 26 -11 6 27 -83 -332 -186 117 -35 278 -149 -271 -641 0 -62 9
40 -95 -26 -1 -231 -257 52 -78 -65 11 -149 397 -319 112 0 -37 -87
304 154 15 -30 194 141 51 107 60 -93 -271 -319 -607 144 1 -159 10
-41 -74 79 23 34 42 -246 -87 -57 79 -641 112 144 -256 -8 0 76
0 -1 -9 0 2 0 12 7 0 -6 0 0 1 -8 274 4 -10
-372 -273 -85 69 -295 216 115 -30 200 -48 -62 -37 -159 0 4 -159 11
0 113 152 109 -142 58 18 -282 6 109 9 -87 10 76 -10 11 -25

