Q_obj 
489 0 -159 75 59 0 -9 17 51 -35 46 -35 218 -9 37 -3 -12 -22 105 -3 1 -189 -6 -24 -408
0 -131 0 -14 1 0 -44 -20 0 0 -11 -51 0 7 13 4 -45 555 -23 -1 38 -64 1 -108 4
-159 0 569 -21 42 0 -136 -4 39 12 -33 -3 163 6 38 1 1 -26 -29 -4 0 -225 -2 66 -276
75 -14 -21 63 -100 42 37 -79 -102 204 -287 85 -96 103 -15 16 -13 18 -374 2 2 80 1 21 -145
59 1 42 -100 -281 -36 -15 -30 108 -21 25 -27 -45 208 -28 -204 34 11 169 2 33 79 17 -14 -5
0 0 0 42 -36 -166 0 214 -37 0 205 -75 0 57 0 -41 32 0 -205 0 -3 0 0 0 -18
-9 -44 -136 37 -15 0 504 -30 -19 -85 66 -12 -28 -22 6 7 -17 16 34 -1 2 -64 1 -353 87
17 -20 -4 -79 -30 214 -30 247 52 118 -35 11 -20 15 -3 -94 39 14 -75 1 -1 16 -59 -89 -22
51 0 39 -102 108 -37 -19 52 -275 -6 42 -1 -97 -263 6 196 -16 4 45 1 -33 39 -15 1 -5
-35 0 12 204 -21 0 -85 118 -6 633 67 -92 54 -107 9 -22 281 -5 281 0 -26 -44 10 -170 66
46 -11 -33 -287 25 205 66 -35 42 67 -52 -268 -49 73 -10 25 35 -48 -322 1 -5 50 -15 85 -91
-35 -51 -3 85 -27 -75 -12 11 -1 -92 -268 -696 65 -22 4 52 -160 -163 82 0 10 -29 -64 -22 83
218 0 163 -96 -45 0 -28 -20 -97 54 -49 65 -87 23 -7 4 -5 -31 -130 -5 0 -280 -30 56 537
-9 7 6 103 208 57 -22 15 -263 -107 73 -22 23 250 23 -2 80 -8 126 -1 -19 -56 -294 -20 37
37 13 38 -15 -28 0 6 -3 6 9 -10 4 -7 23 125 1 -2 10 -16 0 3 -16 21 7 89
-3 4 1 16 -204 -41 7 -94 196 -22 25 52 4 -2 1 -218 8 5 15 0 11 -3 -316 18 1
-12 -45 1 -13 34 32 -17 39 -16 281 35 -160 -5 80 -2 8 -257 -16 63 1 111 8 -48 -42 8
-22 555 -26 18 11 0 16 14 4 -5 -48 -163 -31 -8 10 5 -16 622 25 -1 65 -91 -12 55 -41
105 -23 -29 -374 169 -205 34 -75 45 281 -322 82 -130 126 -16 15 63 25 -199 2 -9 98 -79 -10 -126
-3 -1 -4 2 2 0 -1 1 1 0 1 0 -5 -1 0 0 1 -1 2 187 0 -6 0 0 -8
1 38 0 2 33 -3 2 -1 -33 -26 -5 10 0 -19 3 11 111 65 -9 0 896 -9 7 5 0
-189 -64 -225 80 79 0 -64 16 39 -44 50 -29 -280 -56 -16 -3 8 -91 98 -6 -9 -155 -25 -18 -438
-6 1 -2 1 17 0 1 -59 -15 10 -15 -64 -30 -294 21 -316 -48 -12 -79 0 7 -25 -394 10 6
-24 -108 66 21 -14 0 -353 -89 1 -170 85 -22 56 -20 7 18 -42 55 -10 0 5 -18 10 -175 13
-408 4 -276 -145 -5 -18 87 -22 -5 66 -91 83 537 37 89 1 8 -41 -126 -8 0 -438 6 13 -103

