Q_obj 
-529 3 66 -7 42 20 -7 0 0 20 -38 -49 6 27 6 -2 2 7 -21 -119
3 -559 11 -57 6 117 -4 14 -3 9 -29 -7 -87 -29 24 84 13 2 5 -20
66 11 -433 5 117 19 87 -14 22 8 -160 -157 -63 95 -11 1 37 8 90 -447
-7 -57 5 89 -10 53 136 0 -63 0 18 17 -34 -11 1 25 -448 -23 -13 63
42 6 117 -10 -498 -80 -20 0 2 1 -94 -97 -157 61 10 -2 11 -166 47 -248
20 117 19 53 -80 -168 33 0 -26 1 -8 -8 -574 6 1 -49 -170 35 -4 -25
-7 -4 87 136 -20 33 -200 0 19 -1 2 -3 -15 2 7 0 140 128 -7 40
0 14 -14 0 0 0 0 -271 -148 0 -30 0 1 -48 185 33 21 0 0 0
0 -3 22 -63 2 -26 19 -148 -227 13 5 -1 19 10 -143 -10 52 -2 1 2
20 9 8 0 1 1 -1 0 13 -649 -11 0 2 -17 1 20 -1 1 -12 4
-38 -29 -160 18 -94 -8 2 -30 5 -11 -53 -302 48 -202 -29 -47 -9 -17 -64 304
-49 -7 -157 17 -97 -8 -3 0 -1 0 -302 -32 49 194 -12 3 -9 -16 -80 384
6 -87 -63 -34 -157 -574 -15 1 19 2 48 49 -507 -30 -4 38 121 48 -39 127
27 -29 95 -11 61 6 2 -48 10 -17 -202 194 -30 -241 -19 -82 5 11 42 -197
6 24 -11 1 10 1 7 185 -143 1 -29 -12 -4 -19 -281 53 24 1 7 -35
-2 84 1 25 -2 -49 0 33 -10 20 -47 3 38 -82 53 -398 -3 0 -1 14
2 13 37 -448 11 -170 140 21 52 -1 -9 -9 121 5 24 -3 119 -20 3 -11
7 2 8 -23 -166 35 128 0 -2 1 -17 -16 48 11 1 0 -20 583 11 -50
-21 5 90 -13 47 -4 -7 0 1 -12 -64 -80 -39 42 7 -1 3 11 -549 -203
-119 -20 -447 63 -248 -25 40 0 2 4 304 384 127 -197 -35 14 -11 -50 -203 337

