Q_obj 
347 -15 50 -153 56 -195 -70 -203 10 -181 -168 36 45 -90 -84 0 -40 224 -37 -116 -42 -28
-15 240 -10 112 114 122 -34 -3 -45 66 121 -35 -8 44 -74 0 -55 -258 -4 -144 -112 -76
50 -10 -301 -3 40 13 -15 11 71 173 -148 12 85 16 6 0 5 -1 2 -25 8 -1
-153 112 -3 914 2 -121 -31 -103 -3 -122 -99 27 15 -45 8 0 5 208 -18 -20 12 6
56 114 40 2 536 66 29 -35 -66 -106 2 -52 107 21 -9 0 -68 -57 -15 -86 -104 15
-195 122 13 -121 66 -288 212 256 51 -96 -136 -6 103 68 73 39 -237 -20 11 -91 -135 -100
-70 -34 -15 -31 29 212 -208 -104 35 3 -24 7 -3 25 172 -56 -313 159 -60 439 -266 -10
-203 -3 11 -103 -35 256 -104 -412 42 -66 -110 -13 100 21 152 -56 279 -15 120 180 133 146
10 -45 71 -3 -66 51 35 42 -379 -220 -89 79 -94 3 -11 0 -9 -121 8 58 -18 0
-181 66 173 -122 -106 -96 3 -66 -220 396 -134 120 -152 -63 -35 0 5 215 -10 37 -13 2
-168 121 -148 -99 2 -136 -24 -110 -89 -134 401 -204 -99 -51 5 0 7 229 -19 -41 15 6
36 -35 12 27 -52 -6 7 -13 79 120 -204 -112 -392 42 -65 0 -10 -49 -3 31 -35 0
45 -8 85 15 107 103 -3 100 -94 -152 -99 -392 489 -49 130 0 19 -53 19 -42 65 -2
-90 44 16 -45 21 68 25 21 3 -63 -51 42 -49 694 186 2 71 157 4 -127 4 -7
-84 -74 6 8 -9 73 172 152 -11 -35 5 -65 130 186 -78 19 90 117 41 12 40 4
0 0 0 0 0 39 -56 -56 0 0 0 0 0 2 19 -771 -16 0 55 37 0 11
-40 -55 5 5 -68 -237 -313 279 -9 5 7 -10 19 71 90 -16 -523 -22 54 51 243 -32
224 -258 -1 208 -57 -20 159 -15 -121 215 229 -49 -53 157 117 0 -22 49 -1 185 -59 -8
-37 -4 2 -18 -15 11 -60 120 8 -10 -19 -3 19 4 41 55 54 -1 -852 66 54 -76
-116 -144 -25 -20 -86 -91 439 180 58 37 -41 31 -42 -127 12 37 51 185 66 172 -33 -73
-42 -112 8 12 -104 -135 -266 133 -18 -13 15 -35 65 4 40 0 243 -59 54 -33 171 -95
-28 -76 -1 6 15 -100 -10 146 0 2 6 0 -2 -7 4 11 -32 -8 -76 -73 -95 706

