Q_obj 
493 280 84 87 236 41 14 -13 29 -63 -12 22 -4 16 17 54 -118 3 -137 65 -22 253 0 11 9 192
280 -496 249 1 307 -190 0 1 -1 0 6 0 -1 0 1 -1 0 2 -4 -3 -2 1 0 40 0 1
84 249 507 -160 -29 -299 -23 15 -18 110 46 -24 3 -17 36 -97 202 3 145 -193 -14 -453 0 44 -14 29
87 1 -160 -161 -43 -156 13 -35 64 61 117 60 8 43 -129 10 -390 103 -1 -15 27 -250 5 1 -4 -25
236 307 -29 -43 445 -240 9 9 -23 -8 7 -14 -3 -10 -14 38 65 4 -49 79 39 42 0 135 2 -143
41 -190 -299 -156 -240 66 3 13 -11 38 7 -21 3 -15 41 22 194 -1 -50 4 32 -158 0 -83 -3 83
14 0 -23 13 9 3 -600 -1 2 -2 0 3 79 2 -2 -105 -16 0 35 -3 -53 11 0 1 7 1
-13 1 15 -35 9 13 -1 255 87 -5 53 298 5 19 5 4 27 58 -16 -15 -13 29 3 -3 1 34
29 -1 -18 64 -23 -11 2 87 -153 20 -222 -144 -18 -102 460 -16 -149 -245 -28 -18 -6 -62 -9 -6 0 65
-63 0 110 61 -8 38 -2 -5 20 -928 -52 9 -5 7 21 -20 -80 14 27 -16 -18 -183 1 0 1 -13
-12 6 46 117 7 7 0 53 -222 -52 574 -87 -337 -62 187 -313 -27 408 -82 65 40 48 1 2 1 4
22 0 -24 60 -14 -21 3 298 -144 9 -87 167 -7 -355 -8 -6 -44 -96 26 26 23 -47 -3 6 0 -57
-4 -1 3 8 -3 3 79 5 -18 -5 -337 -7 199 -5 20 -397 0 34 -128 100 65 -29 19 0 0 -2
16 0 -17 43 -10 -15 2 19 -102 7 -62 -355 -5 248 -5 -4 -31 -69 20 19 17 -33 -2 5 0 -40
17 1 36 -129 -14 41 -2 5 460 21 187 -8 20 -5 -85 19 -20 204 4 -2 -7 66 9 -2 1 43
54 -1 -97 10 38 22 -105 4 -16 -20 -313 -6 -397 -4 19 172 -2 31 62 -89 36 37 17 0 -11 3
-118 0 202 -390 65 194 -16 27 -149 -80 -27 -44 0 -31 -20 -2 69 0 5 19 -35 331 0 1 7 23
3 2 3 103 4 -1 0 58 -245 14 408 -96 34 -69 204 31 0 -547 9 -6 -4 36 18 1 0 3
-137 -4 145 -1 -49 -50 35 -16 -28 27 -82 26 -128 20 4 62 5 9 237 259 -2 -148 5 154 22 327
65 -3 -193 -15 79 4 -3 -15 -18 -16 65 26 100 19 -2 -89 19 -6 259 162 44 58 -3 141 74 314
-22 -2 -14 27 39 32 -53 -13 -6 -18 40 23 65 17 -7 36 -35 -4 -2 44 410 68 -2 92 -149 205
253 1 -453 -250 42 -158 11 29 -62 -183 48 -47 -29 -33 66 37 331 36 -148 58 68 -221 0 -4 -3 45
0 0 0 5 0 0 0 3 -9 1 1 -3 19 -2 9 17 0 18 5 -3 -2 0 -734 0 0 0
11 40 44 1 135 -83 1 -3 -6 0 2 6 0 5 -2 0 1 1 154 141 92 -4 0 -949 0 61
9 0 -14 -4 2 -3 7 1 0 1 1 0 0 0 1 -11 7 0 22 74 -149 -3 0 0 -762 0
192 1 29 -25 -143 83 1 34 65 -13 4 -57 -2 -40 43 3 23 3 327 314 205 45 0 61 0 -748

