Q_obj 
-588 -12 10 313 -15 3 -8 316 -22 -6 -7 -612 -5 26
-12 -389 -96 -60 211 -29 111 199 309 -61 104 41 77 43
10 -96 -466 26 -164 44 -105 -153 -239 12 -80 -44 -46 -93
313 -60 26 -56 -123 -40 -84 -91 57 -104 19 -277 -12 2
-15 211 -164 -123 341 13 147 323 -96 10 -32 115 85 71
3 -29 44 -40 13 -112 -79 55 -94 317 -31 4 -47 -20
-8 111 -105 -84 147 -79 -75 209 23 -196 8 75 96 46
316 199 -153 -91 323 55 209 401 -104 92 -34 -42 131 74
-22 309 -239 57 -96 -94 23 -104 14 -91 255 -21 13 113
-6 -61 12 -104 10 317 -196 92 -91 -262 -30 7 -111 -5
-7 104 -80 19 -32 -31 8 -34 255 -30 -663 -7 5 38
-612 41 -44 -277 115 4 75 -42 -21 7 -7 232 68 -23
-5 77 -46 -12 85 -47 96 131 13 -111 5 68 -205 19
26 43 -93 2 71 -20 46 74 113 -5 38 -23 19 -627

