Q_obj 
257 1 149 -5 70 143 65 0 -420 -161 -119 107 1 55
1 -99 2 -49 2 3 2 2 0 2 -1 3 1 21
149 2 435 -12 174 -579 -94 -1 -174 201 34 -155 20 46
-5 -49 -12 452 -18 -33 -18 -18 2 -19 23 -30 0 -233
70 2 174 -18 -12 -422 191 5 33 -136 3 313 -46 34
143 3 -579 -33 -422 -233 -162 1 -79 -341 -21 -266 -18 159
65 2 -94 -18 191 -162 639 5 121 -261 1 -229 18 35
0 2 -1 -18 5 1 5 940 9 3 -5 8 0 35
-420 0 -174 2 33 -79 121 9 429 294 -81 199 -6 14
-161 2 201 -19 -136 -341 -261 3 294 -63 -60 -429 9 145
-119 -1 34 23 3 -21 1 -5 -81 -60 360 1 1 -55
107 3 -155 -30 313 -266 -229 8 199 -429 1 401 29 58
1 1 20 0 -46 -18 18 0 -6 9 1 29 454 0
55 21 46 -233 34 159 35 35 14 145 -55 58 0 748

