Q_obj 
-646 67 -12 60 -38 11 -14 33 -77 -133 374 -157 9 84 0
67 -226 -5 1 -15 176 240 -134 -145 314 14 -257 22 -285 -21
-12 -5 154 15 -256 -38 -126 11 -65 93 -13 7 -4 34 1
60 1 15 -1 46 -176 33 -70 211 149 347 628 20 -180 68
-38 -15 -256 46 -552 -119 -387 32 -202 284 -41 22 -12 103 1
11 176 -38 -176 -119 -543 327 -81 38 -11 -37 -232 4 -111 -21
-14 240 -126 33 -387 327 67 6 345 137 -26 4 -4 -44 0
33 -134 11 -70 32 -81 6 863 1 101 38 -15 11 -332 0
-77 -145 -65 211 -202 38 345 1 -400 -113 76 309 -25 114 30
-133 314 93 149 284 -11 137 101 -113 698 -158 67 -44 248 0
374 14 -13 347 -41 -37 -26 38 76 -158 -386 205 124 91 -19
-157 -257 7 628 22 -232 4 -15 309 67 205 13 -51 -38 -45
9 22 -4 20 -12 4 -4 11 -25 -44 124 -51 -670 28 0
84 -285 34 -180 103 -111 -44 -332 114 248 91 -38 28 184 0
0 -21 1 68 1 -21 0 0 30 0 -19 -45 0 0 624

