Q_obj 
-512 -72 -328 -5 -9 18 263 -28 53 -34 -5 25 8 -341
-72 -99 -276 22 6 16 -362 72 -37 -23 21 -135 -110 349
-328 -276 291 62 -20 7 -231 -116 -67 1 60 147 100 -228
-5 22 62 -219 0 0 -106 24 600 27 651 -65 -52 -60
-9 6 -20 0 -359 0 -4 -329 0 60 0 -212 109 19
18 16 7 0 0 -624 1 -1 -1 2 0 2 2 -2
263 -362 -231 -106 -4 1 510 -1 205 12 -103 24 20 -158
-28 72 -116 24 -329 -1 -1 -348 63 347 23 60 -72 116
53 -37 -67 600 0 -1 205 63 -428 40 578 -144 -117 -42
-34 -23 1 27 60 2 12 347 40 -41 26 43 227 -31
-5 21 60 651 0 0 -103 23 578 26 -266 -62 -51 -58
25 -135 147 -65 -212 2 24 60 -144 43 -62 -156 16 -149
8 -110 100 -52 109 2 20 -72 -117 227 -51 16 -162 -106
-341 349 -228 -60 19 -2 -158 116 -42 -31 -58 -149 -106 227

