Q_obj 
927 0 0 1 1 1 0 14 2 0 0 0 -1 0 0 -2 0 1 0 -2 1 1 0 0 -3 0 0 67 1 0 -2 0 0 -63 0
0 269 0 0 10 -3 4 0 1 -7 -47 -1 44 0 -8 -30 21 -24 3 -33 -4 -4 -1 -27 94 -1 -7 1 6 -3 -41 -9 152 0 -7
0 0 71 0 0 0 0 0 0 0 0 0 0 0 0 0 0 0 0 0 0 0 0 0 0 0 0 0 0 0 0 0 0 0 0
1 0 0 -676 -28 0 0 4 16 -154 0 0 1 0 0 122 1 0 0 -102 0 0 0 0 1 0 1 -6 -8 0 15 0 0 4 0
1 10 0 -28 537 -1 0 1 5 -107 0 0 -2 -4 12 4 -4 -9 0 -153 2 1 0 33 -5 0 9 0 -39 2 115 0 2 1 1
1 -3 0 0 -1 826 -163 1 1 7 -8 -2 99 29 -32 1 33 -90 4 -10 -9 -7 -3 28 -52 25 10 0 23 0 5 35 0 1 0
0 4 0 0 0 -163 762 0 13 0 38 0 120 0 3 -2 44 22 0 -1 -39 -9 1 1 -48 36 19 0 1 -15 -1 45 -6 0 -10
14 0 0 4 1 1 0 -879 12 -5 0 0 -10 0 -6 -18 -1 5 0 -23 6 1 0 -8 -26 0 0 -208 9 0 -25 0 0 107 0
2 1 0 16 5 1 13 12 186 40 -18 0 -55 5 -123 -90 63 -78 -66 -44 -231 -14 57 -71 -113 61 10 -20 8 -11 -75 -43 -47 11 -10
0 -7 0 -154 -107 7 0 -5 40 -29 0 0 15 0 -75 482 25 58 0 -340 -6 -5 0 -194 36 0 -53 11 -160 -9 35 0 5 -5 -1
0 -47 0 0 0 -8 38 0 -18 0 33 0 -59 1 2 56 48 2 0 76 55 -10 0 1 -167 2 20 0 -40 299 73 -52 134 0 213
0 -1 0 0 0 -2 0 0 0 0 0 -714 0 0 -16 0 0 -21 0 0 0 0 64 311 0 0 0 0 -427 0 -237 0 0 0 0
-1 44 0 1 -2 99 120 -10 -55 15 -59 0 645 27 102 57 121 55 36 47 -260 -27 -29 46 -166 -53 13 19 -13 -37 64 -18 -157 -9 -35
0 0 0 0 -4 29 0 0 5 0 1 0 27 889 1 0 5 -3 0 2 -12 -1 0 0 -13 0 2 0 1 0 0 0 0 0 0
0 -8 0 0 12 -32 3 -6 -123 -75 2 -16 102 1 187 -1 -40 -300 23 97 99 10 -22 -353 73 -21 27 11 -192 6 -51 13 -7 -5 1
-2 -30 0 122 4 1 -2 -18 -90 482 56 0 57 0 -1 105 2 1 0 201 -32 0 0 -64 142 0 -12 33 -136 26 161 13 139 -16 29
0 21 0 1 -4 33 44 -1 63 25 48 0 121 5 -40 2 237 -37 -149 -25 56 -64 129 -1 57 143 114 4 21 -47 1 -33 -85 -1 10
1 -24 0 0 -9 -90 22 5 -78 58 2 -21 55 -3 -300 1 -37 31 30 -105 164 9 -29 241 -68 -31 -49 -7 204 -4 30 13 -2 5 0
0 3 0 0 0 4 0 0 -66 0 0 0 36 0 23 0 -149 30 302 -12 -7 34 -28 3 -7 346 -62 0 4 0 -13 -191 1 0 0
-2 -33 0 -102 -153 -10 -1 -23 -44 -340 76 0 47 2 97 201 -25 -105 -12 141 -78 6 11 209 121 12 71 41 29 49 227 10 179 -20 42
1 -4 0 0 2 -9 -39 6 -231 -6 55 0 -260 -12 99 -32 56 164 -7 -78 220 -12 8 -15 71 18 42 -8 28 -17 -89 38 65 5 21
1 -4 0 0 1 -7 -9 1 -14 -5 -10 0 -27 -1 10 0 -64 9 34 6 -12 -35 -28 1 -12 -32 -25 0 -4 11 0 8 20 1 -2
0 -1 0 0 0 -3 1 0 57 0 0 64 -29 0 -22 0 129 -29 -28 11 8 -28 299 27 7 -298 54 0 -42 0 -10 166 0 0 0
0 -27 0 0 33 28 1 -8 -71 -194 1 311 46 0 -353 -64 -1 241 3 209 -15 1 27 18 102 17 0 15 -454 0 -158 -9 -6 -7 0
-3 94 0 1 -5 -52 -48 -26 -113 36 -167 0 -166 -13 73 142 57 -68 -7 121 71 -12 7 102 455 18 -70 46 -20 -94 173 -30 -396 -23 -88
0 -1 0 0 0 25 36 0 61 0 2 0 -53 0 -21 0 143 -31 346 12 18 -32 -298 17 18 142 60 0 -29 0 -1 188 0 0 0
0 -7 0 1 9 10 19 0 10 -53 20 0 13 2 27 -12 114 -49 -62 71 42 -25 54 0 -70 60 -4 2 -11 -134 37 -14 44 0 -17
67 1 0 -6 0 0 0 -208 -20 11 0 0 19 0 11 33 4 -7 0 41 -8 0 0 15 46 0 2 -283 -14 0 45 0 1 506 0
1 6 0 -8 -39 23 1 9 8 -160 -40 -427 -13 1 -192 -136 21 204 4 29 28 -4 -42 -454 -20 -29 -11 -14 370 -22 114 8 -101 8 -21
0 -3 0 0 2 0 -15 0 -11 -9 299 0 -37 0 6 26 -47 -4 0 49 -17 11 0 0 -94 0 -134 0 -22 531 41 79 83 0 295
-2 -41 0 15 115 5 -1 -25 -75 35 73 -237 64 0 -51 161 1 30 -13 227 -89 0 -10 -158 173 -1 37 45 114 41 360 17 174 -22 39
0 -9 0 0 0 35 45 0 -43 0 -52 0 -18 0 13 13 -33 13 -191 10 38 8 166 -9 -30 188 -14 0 8 79 17 324 31 0 -8
0 152 0 0 2 0 -6 0 -47 5 134 0 -157 0 -7 139 -85 -2 1 179 65 20 0 -6 -396 0 44 1 -101 83 174 31 -285 0 76
-63 0 0 4 1 1 0 107 11 -5 0 0 -9 0 -5 -16 -1 5 0 -20 5 1 0 -7 -23 0 0 506 8 0 -22 0 0 457 0
0 -7 0 0 1 0 -10 0 -10 -1 213 0 -35 0 1 29 10 0 0 42 21 -2 0 0 -88 0 -17 0 -21 295 39 -8 76 0 -189

