Q_obj 
-427 -97 -19 -243 5 -85 5 355 67 66 -25 -8 -1 -477 8 -128 -10
-97 -16 4 40 0 33 1 -74 -8 23 51 37 0 78 358 22 -3
-19 4 99 8 -141 -31 -389 -4 28 -11 359 -510 97 14 2 22 0
-243 40 8 -307 1 165 2 -188 -16 -2 -209 -98 264 374 2 47 -38
5 0 -141 1 486 20 -164 -2 -5 2 36 -37 8 1 0 -11 0
-85 33 -31 165 20 -277 36 -113 175 -83 -141 -75 -245 116 20 -132 2
5 1 -389 2 -164 36 -29 -5 4 0 -212 313 -58 4 -1 -20 0
355 -74 -4 -188 -2 -113 -5 -680 0 81 -26 -31 2 -369 0 104 17
67 -8 28 -16 -5 175 4 0 358 34 44 38 0 -31 -8 -108 0
66 23 -11 -2 2 -83 0 81 34 358 -24 -17 0 -4 -16 39 1
-25 51 359 -209 36 -141 -212 -26 44 -24 -41 143 543 148 92 -22 55
-8 37 -510 -98 -37 -75 313 -31 38 -17 143 136 447 89 45 -57 59
-1 0 97 264 8 -245 -58 2 0 0 543 447 206 -135 -99 6 101
-477 78 14 374 1 116 4 -369 -31 -4 148 89 -135 237 -85 92 13
8 358 2 2 0 20 -1 0 -8 -16 92 45 -99 -85 854 -7 -10
-128 22 22 47 -11 -132 -20 104 -108 39 -22 -57 6 92 -7 -606 42
-10 -3 0 -38 0 2 0 17 0 1 55 59 101 13 -10 42 -350

