Q_obj 
-475 -122 -35 -225 -1 -8 -119 469 6 0 134 17 17 -4 6
-122 -57 24 -50 30 345 -36 58 -95 237 30 -18 -343 126 -163
-35 24 -230 13 115 -24 39 38 109 -25 -96 -151 -6 6 -7
-225 -50 13 54 1 5 143 190 1 1 -462 -85 0 7 -8
-1 30 115 1 -319 30 -40 6 26 0 0 -51 -55 -13 18
-8 345 -24 5 30 -36 10 73 -98 -239 -2 19 -353 -129 168
-119 -36 39 143 -40 10 9 98 -38 7 -101 -61 3 2 -1
469 58 38 190 6 73 98 -326 -16 58 -111 -18 -63 35 -44
6 -95 109 1 26 -98 -38 -16 -729 0 0 -48 183 -12 17
0 237 -25 1 0 -239 7 58 0 -170 -6 0 0 -87 113
134 30 -96 -462 0 -2 -101 -111 0 -6 -473 -135 1 -3 5
17 -18 -151 -85 -51 19 -61 -18 -48 0 -135 -465 4 1 0
17 -343 -6 0 -55 -353 3 -63 183 0 1 4 590 1 -1
-4 126 6 7 -13 -129 2 35 -12 -87 -3 1 1 141 216
6 -163 -7 -8 18 168 -1 -44 17 113 5 0 -1 216 29

