Q_obj 
-168 -66 2 -1 -29 1 -53 -99 -9 4 -1 0 0 0 -37 16 -3 1 -1 -123 0 -135 139 -5 -2 59 14 -6 0 17 -36 -14 -22 207 0 -30 -85 -6 -29 -18 24 7 1 34 -18
-66 -124 0 0 -27 2 76 36 0 -8 3 0 0 0 -44 -14 4 0 12 3 0 37 -235 21 4 50 -107 -57 0 -28 22 -2 -42 13 0 -262 0 11 58 0 280 -30 0 0 3
2 0 848 0 -18 0 0 0 0 0 0 0 0 0 0 -12 3 0 0 10 0 0 0 0 0 0 0 0 0 1 49 1 0 2 0 0 -9 0 1 0 -6 0 78 0 1
-1 0 0 -84 0 8 0 33 -171 83 -27 0 0 0 0 0 2 0 -2 0 0 1 -35 0 0 2 2 1 0 -9 0 30 0 10 0 1 0 30 -163 0 0 0 0 0 -13
-29 -27 -18 0 -149 6 -282 16 0 -38 -101 0 0 0 -92 171 -36 -9 -137 37 -2 -25 -169 -151 -24 -126 -98 -35 0 26 -49 2 -5 7 0 116 -39 5 41 -13 -229 -19 -1 142 4
1 2 0 8 6 -83 5 0 0 0 0 0 0 0 -3 -27 -27 0 -45 2 0 2 3 47 0 4 -1 1 0 13 -4 1 -2 1 0 1 -1 0 3 0 2 -1 0 0 1
-53 76 0 0 -282 5 -318 18 0 30 105 0 0 0 155 136 -28 0 -170 -19 1 29 -162 -187 -31 56 -116 0 0 32 -84 -1 2 16 0 0 -12 6 40 14 -95 17 0 -141 2
-99 36 0 33 16 0 18 71 -60 -148 50 0 0 0 14 -2 1 0 -101 38 1 -55 -75 -2 0 -2 -62 0 0 -372 17 -36 -6 122 0 0 27 135 -72 0 6 4 0 14 45
-9 0 0 -171 0 0 0 -60 -786 -217 73 0 0 0 0 0 0 0 14 0 0 0 109 0 0 0 0 0 0 52 0 -33 0 -30 0 0 0 0 458 0 0 0 0 0 88
4 -8 0 83 -38 0 30 -148 -217 -35 57 0 0 0 -61 0 0 0 12 0 0 0 -31 0 0 -45 14 0 45 44 -16 168 0 -55 0 0 0 -143 -224 46 -12 0 0 66 -129
-1 3 0 -27 -101 0 105 50 73 57 116 0 0 0 -169 0 0 0 -3 0 0 0 11 0 0 -153 -4 0 -15 -14 -44 -55 0 19 0 0 0 48 75 136 -34 0 0 197 44
0 0 0 0 0 0 0 0 0 0 0 -13 0 0 0 0 0 0 0 0 0 0 0 0 0 0 0 0 0 0 0 0 0 0 262 0 0 0 0 0 0 0 0 0 0
0 0 0 0 0 0 0 0 0 0 0 0 -661 0 0 0 0 0 0 0 0 0 0 0 0 0 0 0 0 0 0 0 0 0 0 0 0 0 0 0 0 0 0 0 0
0 0 0 0 0 0 0 0 0 0 0 0 0 -253 0 0 0 0 0 0 0 0 0 0 0 0 0 0 0 0 0 0 0 0 0 0 0 0 0 0 0 0 0 0 0
-37 -44 0 0 -92 -3 155 14 0 -61 -169 0 0 0 -52 -7 2 1 6 3 -1 -99 -63 11 2 -119 -77 -3 0 -13 -37 -2 -116 20 0 -16 -7 6 16 -18 -13 54 0 225 1
16 -14 -12 0 171 -27 136 -2 0 0 0 0 0 0 -7 -703 178 0 110 39 0 0 31 -14 0 8 23 0 0 -29 -121 2 0 6 0 0 -34 0 -6 0 58 0 -1 0 2
-3 4 3 2 -36 -27 -28 1 0 0 0 0 0 0 2 178 85 0 293 -8 0 1 -6 -298 0 -1 -5 1 0 -78 26 0 0 -1 0 1 8 0 2 1 -12 0 1 0 0
1 0 0 0 -9 0 0 0 0 0 0 0 0 0 1 0 0 845 0 0 222 0 0 0 0 1 0 -73 0 0 1 1 0 1 0 49 0 0 1 1 30 0 0 0 1
-1 12 0 -2 -137 -45 -170 -101 14 12 -3 0 0 0 6 110 293 0 220 21 0 0 -25 -76 77 -6 -18 0 0 -69 -40 5 0 -30 0 0 0 66 14 0 -46 0 0 0 -1
-123 3 10 0 37 2 -19 38 0 0 0 0 0 0 3 39 -8 0 21 -272 0 0 29 23 9 1 -3 0 0 -5 -133 -30 0 -104 0 0 0 0 -6 7 13 0 1 0 -35
0 0 0 0 -2 0 1 1 0 0 0 0 0 0 -1 0 0 222 0 0 -317 0 1 0 0 -1 0 -13 0 0 0 0 0 0 0 9 0 0 0 -5 6 0 0 0 0
-135 37 0 1 -25 2 29 -55 0 0 0 0 0 0 -99 0 1 0 0 0 0 -92 53 0 0 16 -37 3 0 0 -12 0 -33 156 0 10 0 0 -12 38 -18 199 0 -135 0
139 -235 0 -35 -169 3 -162 -75 109 -31 11 0 0 0 -63 31 -6 0 -25 29 1 53 307 -45 -7 68 120 -23 0 68 -41 -8 -12 -90 0 -106 23 -40 -6 5 61 -14 0 -9 9
-5 21 0 0 -151 47 -187 -2 0 0 0 0 0 0 11 -14 -298 0 -76 23 0 0 -45 225 87 -11 -31 0 0 21 -44 2 0 6 0 0 0 0 11 0 -50 0 0 0 2
-2 4 0 0 -24 0 -31 0 0 0 0 0 0 0 2 0 0 0 77 9 0 0 -7 87 459 -1 -5 0 0 -20 -10 0 0 0 0 0 0 0 2 0 -8 0 0 0 0
59 50 0 2 -126 4 56 -2 0 -45 -153 0 0 0 -119 8 -1 1 -6 1 -1 16 68 -11 -1 -5 81 4 0 16 -53 1 126 -54 0 19 -6 -5 -16 -23 -62 -116 0 225 -2
14 -107 0 2 -98 -1 -116 -62 0 14 -4 0 0 0 -77 23 -5 0 -18 -3 0 -37 120 -31 -5 81 271 -2 0 44 -35 5 -82 2 0 -11 0 -15 -31 3 -20 59 0 -9 -3
-6 -57 0 1 -35 1 0 0 0 0 0 0 0 0 -3 0 1 -73 0 0 -13 3 -23 0 0 4 -2 -42 0 0 0 0 -2 0 0 312 0 0 6 0 105 -1 0 0 0
0 0 0 0 0 0 0 0 0 45 -15 0 0 0 0 0 0 0 0 0 0 0 0 0 0 0 0 0 -304 0 0 -99 0 0 0 0 0 0 0 0 0 0 0 0 86
17 -28 1 -9 26 13 32 -372 52 44 -14 0 0 0 -13 -29 -78 0 -69 -5 0 0 68 21 -20 16 44 0 0 -21 7 11 0 -134 0 0 0 244 12 1 9 0 1 0 -13
-36 22 49 0 -49 -4 -84 17 0 -16 -44 0 0 0 -37 -121 26 1 -40 -133 0 -12 -41 -44 -10 -53 -35 0 0 7 -44 -7 0 -23 0 0 139 2 11 -4 -16 -7 4 62 -7
-14 -2 1 30 2 1 -1 -36 -33 168 -55 0 0 0 -2 2 0 1 5 -30 0 0 -8 2 0 1 5 0 -99 11 -7 -290 0 -28 0 0 -21 -41 -80 -2 1 0 1 0 348
-22 -42 0 0 -5 -2 2 -6 0 0 0 0 0 0 -116 0 0 0 0 0 0 -33 -12 0 0 126 -82 -2 0 0 0 0 447 20 0 -10 0 0 3 3 10 54 0 -8 0
207 13 2 10 7 1 16 122 -30 -55 19 0 0 0 20 6 -1 1 -30 -104 0 156 -90 6 0 -54 2 0 0 -134 -23 -28 20 -226 0 0 -72 49 -6 3 3 -10 1 -37 0
0 0 0 0 0 0 0 0 0 0 0 262 0 0 0 0 0 0 0 0 0 0 0 0 0 0 0 0 0 0 0 0 0 0 -88 0 0 0 0 0 0 0 0 0 0
-30 -262 0 1 116 1 0 0 0 0 0 0 0 0 -16 0 1 49 0 0 9 10 -106 0 0 19 -11 312 0 0 0 0 -10 0 0 412 0 0 25 0 -344 -7 0 0 0
-85 0 -9 0 -39 -1 -12 27 0 0 0 0 0 0 -7 -34 8 0 0 0 0 0 23 0 0 -6 0 0 0 0 139 -21 0 -72 0 0 -550 0 -5 5 -13 0 0 0 -24
-6 11 0 30 5 0 6 135 0 -143 48 0 0 0 6 0 0 0 66 0 0 0 -40 0 0 -5 -15 0 0 244 2 -41 0 49 0 0 0 148 -73 0 2 0 0 0 36
-29 58 1 -163 41 3 40 -72 458 -224 75 0 0 0 16 -6 2 1 14 -6 0 -12 -6 11 2 -16 -31 6 0 12 11 -80 3 -6 0 25 -5 -73 314 -1 -13 4 1 3 38
-18 0 0 0 -13 0 14 0 0 46 136 0 0 0 -18 0 1 1 0 7 -5 38 5 0 0 -23 3 0 0 1 -4 -2 3 3 0 0 5 0 -1 -361 -4 22 0 -186 -2
24 280 -6 0 -229 2 -95 6 0 -12 -34 0 0 0 -13 58 -12 30 -46 13 6 -18 61 -50 -8 -62 -20 105 0 9 -16 1 10 3 0 -344 -13 2 -13 -4 456 2 0 48 2
7 -30 0 0 -19 -1 17 4 0 0 0 0 0 0 54 0 0 0 0 0 0 199 -14 0 0 -116 59 -1 0 0 -7 0 54 -10 0 -7 0 0 4 22 2 -281 0 -78 0
1 0 78 0 -1 0 0 0 0 0 0 0 0 0 0 -1 1 0 0 1 0 0 0 0 0 0 0 0 0 1 4 1 0 1 0 0 0 0 1 0 0 0 -104 0 1
34 0 0 0 142 0 -141 14 0 66 197 0 0 0 225 0 0 0 0 0 0 -135 -9 0 0 225 -9 0 0 0 62 0 -8 -37 0 0 0 0 3 -186 48 -78 0 105 0
-18 3 1 -13 4 1 2 45 88 -129 44 0 0 0 1 2 0 1 -1 -35 0 0 9 2 0 -2 -3 0 86 -13 -7 348 0 0 0 0 -24 36 38 -2 2 0 1 0 -195

