Q_obj 
-145 287 -73 138 -75 225 -18 -6 42 -196 -360 18
287 266 230 -58 107 324 70 5 6 172 137 36
-73 230 11 116 -45 -254 -199 84 -30 397 -34 -64
138 -58 116 324 125 245 77 -191 200 -42 66 62
-75 107 -45 125 435 -210 -29 171 -96 130 -35 -42
225 324 -254 245 -210 -116 -425 172 113 212 107 -55
-18 70 -199 77 -29 -425 -60 -213 -126 101 -8 -80
-6 5 84 -191 171 172 -213 141 66 43 -2 21
42 6 -30 200 -96 113 -126 66 618 -12 20 27
-196 172 397 -42 130 212 101 43 -12 623 -93 21
-360 137 -34 66 -35 107 -8 -2 20 -93 442 9
18 36 -64 62 -42 -55 -80 21 27 21 9 44

