Q_obj 
-786 13 204 -19 -5 73 19 -116 120 -13 164 -11 87 20 -120
13 -405 171 -56 -1 0 47 -36 32 -15 -347 52 -47 17 -153
204 171 518 88 11 0 -8 -53 -68 -98 48 10 -8 -108 146
-19 -56 88 103 67 21 60 153 -392 -31 14 34 -29 56 -139
-5 -1 11 67 514 95 -124 22 19 0 21 5 -144 36 -43
73 0 0 21 95 -60 -19 15 0 0 -129 23 974 0 -15
19 47 -8 60 -124 -19 190 151 -284 -15 55 20 37 62 -62
-116 -36 -53 153 22 15 151 260 91 11 -21 25 -17 -288 -141
120 32 -68 -392 19 0 -284 91 -224 19 73 -55 2 -115 30
-13 -15 -98 -31 0 0 -15 11 19 -414 0 -4 2 5 -12
164 -347 48 14 21 -129 55 -21 73 0 -551 19 -96 8 -98
-11 52 10 34 5 23 20 25 -55 -4 19 -208 5 21 -53
87 -47 -8 -29 -144 974 37 -17 2 2 -96 5 58 0 21
20 17 -108 56 36 0 62 -288 -115 5 8 21 0 -192 -53
-120 -153 146 -139 -43 -15 -62 -141 30 -12 -98 -53 21 -53 39

