Q_obj 
-327 -261 -268 46 -24 -366 95 7 -200 75 12 557 -32 50 2
-261 -122 -120 100 -22 419 140 6 152 71 -24 -209 13 227 -227
-268 -120 508 51 -21 -46 61 6 -191 54 3 135 13 40 -42
46 100 51 413 -299 150 -2 76 -194 25 16 61 30 28 -197
-24 -22 -21 -299 -176 -45 -5 -122 59 18 10 -35 -152 -14 83
-366 419 -46 150 -45 -13 -184 12 179 -141 16 46 17 168 -293
95 140 61 -2 -5 -184 155 2 -27 -16 50 43 3 -94 4
7 6 6 76 -122 12 2 -627 -14 -4 -2 9 39 4 -20
-200 152 -191 -194 59 179 -27 -14 267 -71 -6 318 -1 310 536
75 71 54 25 18 -141 -16 -4 -71 -74 -124 50 -68 -85 -3
12 -24 3 16 10 16 50 -2 -6 -124 119 1 -36 1 0
557 -209 135 61 -35 46 43 9 318 50 1 127 -35 -29 103
-32 13 13 30 -152 17 3 39 -1 -68 -36 -35 -13 4 -142
50 227 40 28 -14 168 -94 4 310 -85 1 -29 4 166 30
2 -227 -42 -197 83 -293 4 -20 536 -3 0 103 -142 30 -431

