Q_obj 
-270 -27 0 13 375 1 0 -2 0 -41 -88 1 0 34 1 -27 3 2 152 -136 17 67 126 0 1 -30 1 36 -25 0 308 47 5 -43 -81 -44 0 0 20 34 -105 0 0 0 -133
-27 -234 -9 -11 -85 46 0 33 0 -39 -3 -8 0 12 -1 13 43 0 92 15 -33 -18 -37 0 233 -96 6 -191 14 0 -65 34 -25 35 -3 102 -23 -4 0 84 -188 0 0 0 -43
0 -9 -426 1 0 11 261 1 0 59 0 1 0 1 1 -1 2 0 1 -6 1 -94 49 0 7 -10 -7 -5 0 0 0 0 0 4 0 -40 3 33 0 43 19 0 0 0 0
13 -11 1 -120 -26 -2 0 -130 0 17 -14 0 0 0 0 -4 -7 0 -5 12 23 0 0 0 -2 26 0 64 0 0 1 66 0 7 0 12 2 1 0 29 -64 0 0 0 0
375 -85 0 -26 312 1 0 118 0 120 23 3 0 38 0 -11 1 0 -294 123 -164 165 323 0 1 146 2 156 11 0 103 32 -5 52 53 134 0 0 0 71 -138 0 0 0 -143
1 46 11 -2 1 -417 0 -4 0 226 1 0 0 0 6 -33 -5 0 0 -89 0 33 -16 0 -29 -263 -11 25 2 0 1 1 0 144 0 109 347 8 0 0 1 0 0 0 0
0 0 261 0 0 0 465 0 0 -18 0 0 0 0 0 0 0 0 0 1 0 0 0 0 0 0 37 0 0 0 0 0 0 1 0 17 0 0 0 -11 -5 0 0 0 0
-2 33 1 -130 118 -4 0 -279 0 -13 8 1 0 5 0 4 -14 0 -14 -32 -26 20 38 0 -4 -14 0 21 0 0 14 2 8 -23 -20 -28 3 1 0 -2 -2 0 0 0 -16
0 0 0 0 0 0 0 0 -872 0 0 0 0 0 0 0 0 0 0 0 0 0 0 0 0 0 0 0 0 0 0 0 0 0 0 0 0 0 0 0 0 0 0 0 0
-41 -39 59 17 120 226 -18 -13 0 310 11 0 0 3 -33 58 4 0 -5 -33 -22 -1 52 -3 21 -198 32 -3 61 0 21 26 6 -14 -21 -169 -121 -14 1 5 -25 0 0 0 -7
-88 -3 0 -14 23 1 0 8 0 11 -382 -2 0 -4 6 -4 1 -7 -210 23 -377 4 8 0 1 6 3 6 -1 0 209 20 -38 -2 -2 12 0 0 5 48 -108 0 0 0 244
1 -8 1 0 3 0 0 1 0 0 -2 999 0 0 0 1 0 0 1 -2 4 1 1 0 0 0 0 17 0 0 0 0 -6 -1 0 0 0 0 0 -6 15 0 0 0 0
0 0 0 0 0 0 0 0 0 0 0 0 441 0 0 0 0 0 0 0 0 0 0 0 0 0 0 0 0 0 0 0 0 0 0 0 0 0 0 0 0 0 0 0 0
34 12 1 0 38 0 0 5 0 3 -4 0 0 -116 0 0 0 -85 28 2 91 8 16 0 0 3 0 -20 0 0 -42 0 0 1 0 3 0 0 51 3 -6 0 0 0 92
1 -1 1 0 0 6 0 0 0 -33 6 0 0 0 662 422 0 0 1 -185 -8 0 0 0 0 129 0 4 289 0 -21 0 7 298 0 -37 -3 0 -1 0 0 0 0 0 0
-27 13 -1 -4 -11 -33 0 4 0 58 -4 1 0 0 422 -224 1 0 -2 136 9 1 -11 -35 6 -30 -2 -43 -27 0 7 192 -10 -215 5 93 19 2 0 -17 42 0 0 0 2
3 43 2 -7 1 -5 0 -14 0 4 1 0 0 0 0 1 -355 0 -1 3 0 0 0 0 -5 9 0 22 0 0 1 1 0 -4 0 -12 3 1 0 0 2 0 0 0 0
2 0 0 0 0 0 0 0 0 0 -7 0 0 -85 0 0 0 -83 4 0 -4 0 0 0 0 0 0 0 0 0 4 0 0 0 0 0 0 0 -54 0 0 0 0 0 -17
152 92 1 -5 -294 0 0 -14 0 -5 -210 1 0 28 1 -2 -1 4 157 64 218 -52 -111 0 0 -28 0 -161 -2 0 533 -21 -63 0 34 -7 0 -1 44 -21 61 0 0 0 -119
-136 15 -6 12 123 -89 1 -32 0 -33 23 -2 0 2 -185 136 3 0 64 -232 -38 19 5 0 15 9 -7 -79 95 0 2 134 21 -132 -352 35 49 5 1 31 -42 0 0 0 -4
17 -33 1 23 -164 0 0 -26 0 -22 -377 4 0 91 -8 9 0 -4 218 -38 -369 -33 -65 0 0 -17 -2 66 3 0 -187 -29 60 2 4 -25 1 1 3 -84 191 0 0 0 -204
67 -18 -94 0 165 33 0 20 0 -1 4 1 0 8 0 1 0 0 -52 19 -33 -2 -134 0 0 66 667 36 0 0 19 0 3 -16 0 -1 116 -430 0 16 -34 0 0 0 -30
126 -37 49 0 323 -16 0 38 0 52 8 1 0 16 0 -11 0 0 -111 5 -65 -134 -196 0 0 35 -340 69 0 0 46 0 5 18 0 58 -59 221 0 30 -66 0 0 0 -58
0 0 0 0 0 0 0 0 0 -3 0 0 0 0 0 -35 0 0 0 0 0 0 0 -77 0 0 0 0 51 0 0 0 0 0 0 -3 0 0 0 0 0 0 0 0 0
1 233 7 -2 1 -29 0 -4 0 21 1 0 0 0 0 6 -5 0 0 15 0 0 0 0 -401 45 -3 125 0 0 1 1 0 -23 0 -70 16 4 0 0 1 0 0 0 0
-30 -96 -10 26 146 -263 0 -14 0 -198 6 0 0 3 129 -30 9 0 -28 9 -17 66 35 0 45 -117 -20 11 -35 0 33 -168 5 -91 -28 -2 144 13 0 27 -70 0 0 0 -10
1 6 -7 0 2 -11 37 0 0 32 3 0 0 0 0 -2 0 0 0 -7 -2 667 -340 0 -3 -20 -364 5 1 0 1 1 1 12 1 -3 -52 -236 0 7 3 0 0 0 2
36 -191 -5 64 156 25 0 21 0 -3 6 17 0 -20 4 -43 22 0 -161 -79 66 36 69 0 125 11 5 27 -24 0 121 -64 48 24 7 74 -12 -2 0 -151 342 0 0 0 81
-25 14 0 0 11 2 0 0 0 61 -1 0 0 0 289 -27 0 0 -2 95 3 0 0 51 0 -35 1 -24 -178 0 8 138 -6 -161 0 68 0 1 0 -11 26 0 0 0 0
0 0 0 0 0 0 0 0 0 0 0 0 0 0 0 0 0 0 0 0 0 0 0 0 0 0 0 0 0 -566 0 0 0 0 0 0 0 0 0 0 0 0 0 0 0
308 -65 0 1 103 1 0 14 0 21 209 0 0 -42 -21 7 1 4 533 2 -187 19 46 0 1 33 1 121 8 0 308 0 51 13 4 24 1 2 53 6 -10 0 0 0 149
47 34 0 66 32 1 0 2 0 26 20 0 0 0 0 192 1 0 -21 134 -29 0 0 0 1 -168 1 -64 138 0 0 428 0 -242 0 29 0 0 0 -33 76 0 0 0 0
5 -25 0 0 -5 0 0 8 0 6 -38 -6 0 0 7 -10 0 0 -63 21 60 3 5 0 0 5 1 48 -6 0 51 0 -447 4 18 7 0 0 0 -29 72 0 0 0 0
-43 35 4 7 52 144 1 -23 0 -14 -2 -1 0 1 298 -215 -4 0 0 -132 2 -16 18 0 -23 -91 12 24 -161 0 13 -242 4 -81 -220 -133 -78 -6 0 46 -86 0 0 0 -2
-81 -3 0 0 53 0 0 -20 0 -21 -2 0 0 0 0 5 0 0 34 -352 4 0 0 0 0 -28 1 7 0 0 4 0 18 -220 275 -23 0 0 0 5 -93 0 0 0 0
-44 102 -40 12 134 109 17 -28 0 -169 12 0 0 3 -37 93 -12 0 -7 35 -25 -1 58 -3 -70 -2 -3 74 68 0 24 29 7 -133 -23 19 -59 -1 1 11 -24 0 0 0 -8
0 -23 3 2 0 347 0 3 0 -121 0 0 0 0 -3 19 3 0 0 49 1 116 -59 0 16 144 -52 -12 0 0 1 0 0 -78 0 -59 4 34 1 1 0 0 0 0 0
0 -4 33 1 0 8 0 1 0 -14 0 0 0 0 0 2 1 0 -1 5 1 -430 221 0 4 13 -236 -2 1 0 2 0 0 -6 0 -1 34 -584 0 1 0 0 0 0 0
20 0 0 0 0 0 0 0 0 1 5 0 0 51 -1 0 0 -54 44 1 3 0 0 0 0 0 0 0 0 0 53 0 0 0 0 1 1 0 121 0 0 0 0 0 11
34 84 43 29 71 0 -11 -2 0 5 48 -6 0 3 0 -17 0 0 -21 31 -84 16 30 0 0 27 7 -151 -11 0 6 -33 -29 46 5 11 1 1 0 -388 -207 0 0 0 -11
-105 -188 19 -64 -138 1 -5 -2 0 -25 -108 15 0 -6 0 42 2 0 61 -42 191 -34 -66 0 1 -70 3 342 26 0 -10 76 72 -86 -93 -24 0 0 0 -207 -14 0 0 0 26
0 0 0 0 0 0 0 0 0 0 0 0 0 0 0 0 0 0 0 0 0 0 0 0 0 0 0 0 0 0 0 0 0 0 0 0 0 0 0 0 0 999 0 0 0
0 0 0 0 0 0 0 0 0 0 0 0 0 0 0 0 0 0 0 0 0 0 0 0 0 0 0 0 0 0 0 0 0 0 0 0 0 0 0 0 0 0 888 0 0
0 0 0 0 0 0 0 0 0 0 0 0 0 0 0 0 0 0 0 0 0 0 0 0 0 0 0 0 0 0 0 0 0 0 0 0 0 0 0 0 0 0 0 771 0
-133 -43 0 0 -143 0 0 -16 0 -7 244 0 0 92 0 2 0 -17 -119 -4 -204 -30 -58 0 0 -10 2 81 0 0 149 0 0 -2 0 -8 0 0 11 -11 26 0 0 0 -578

