Q_obj 
34 -3 1 -179 13 -14 -55 -185 19 9 -17 0 60 -65 223 17 -20 269 24 57
-3 -69 -39 -28 7 -1 1 -2 -82 -290 71 258 8 143 -1 3 -46 -8 383 67
1 -39 -54 2 6 11 1 6 -9 -14 4 45 0 25 7 -12 -3 1 68 3
-179 -28 2 -19 147 11 -101 13 380 -14 -156 76 168 21 -49 -11 7 -182 -19 83
13 7 6 147 647 -6 25 -2 -79 3 32 -15 -37 -4 28 8 1 48 4 -19
-14 -1 11 11 -6 348 70 -57 -3 7 23 -37 -17 15 -116 544 -25 55 18 8
-55 1 1 -101 25 70 505 -127 7 -3 -41 -24 55 13 -157 -81 22 -79 13 39
-185 -2 6 13 -2 -57 -127 267 41 -15 -64 -159 47 42 -265 68 41 -9 88 47
19 -82 -9 380 -79 -3 7 41 556 -28 -21 -21 -63 22 35 5 13 111 105 -95
9 -290 -14 -14 3 7 -3 -15 -28 175 39 -148 -77 -88 -5 -7 71 5 -246 33
-17 71 4 -156 32 23 -41 -64 -21 39 311 27 -286 23 -31 -26 100 -30 60 45
0 258 45 76 -15 -37 -24 -159 -21 -148 27 623 -8 143 -65 44 -13 17 -447 -130
60 8 0 168 -37 -17 55 47 -63 -77 -286 -8 222 -4 27 21 109 70 5 -47
-65 143 25 21 -4 15 13 42 22 -88 23 143 -4 -908 -93 -17 -16 3 223 12
223 -1 7 -49 28 -116 -157 -265 35 -5 -31 -65 27 -93 338 136 62 -207 80 43
17 3 -12 -11 8 544 -81 68 5 -7 -26 44 21 -17 136 182 30 -63 -20 -8
-20 -46 -3 7 1 -25 22 41 13 71 100 -13 109 -16 62 30 -912 -20 -42 -14
269 -8 1 -182 48 55 -79 -9 111 5 -30 17 70 3 -207 -63 -20 523 -1 52
24 383 68 -19 4 18 13 88 105 -246 60 -447 5 223 80 -20 -42 -1 133 140
57 67 3 83 -19 8 39 47 -95 33 45 -130 -47 12 43 -8 -14 52 140 324

