Q_obj 
302 -394 17 0 0 3 0 0 1 0 0 47 2 1 6 0 411 0 104 64 60 151 -402 21 -1 99 -49 0 1 4
-394 -307 -48 4 1 -16 0 1 1 57 -59 14 3 0 8 0 2 3 328 17 188 502 400 65 3 32 6 5 5 0
17 -48 775 2 1 -3 0 1 -4 29 -29 -50 -50 -1 14 0 -36 2 -6 -77 -3 4 19 1 -7 -115 -108 3 4 18
0 4 2 -122 -10 -3 0 -4 148 55 9 327 0 -146 -196 8 0 6 -38 140 -2 5 0 172 -305 -220 10 13 19 5
0 1 1 -10 247 13 0 293 -3 3 1 13 0 75 3 335 0 -44 -27 -1 -8 15 0 57 5 -3 1 -231 -58 0
3 -16 -3 -3 13 693 0 58 -1 -11 65 -8 0 -21 -496 -21 -4 -36 5 -47 0 0 3 -21 306 -29 -12 59 106 -45
0 0 0 0 0 0 546 0 0 0 0 0 0 0 0 0 0 0 0 0 0 0 0 0 0 0 0 0 0 0
0 1 1 -4 293 58 0 -326 -1 2 1 6 0 16 2 141 0 -18 -8 0 -3 6 0 10 2 -1 1 307 -268 0
1 1 -4 148 -3 -1 0 -1 330 2 1 133 80 310 -71 3 1 2 67 -101 1 1 0 -332 -111 3 5 4 5 105
0 57 29 55 3 -11 0 2 2 -50 129 68 0 -4 49 -2 0 17 -78 51 -43 74 0 -17 76 158 2 34 54 1
0 -59 -29 9 1 65 0 1 1 129 -73 -66 0 -1 -15 0 0 5 -23 -92 -13 23 0 -5 26 -140 -1 11 31 1
47 14 -50 327 13 -8 0 6 133 68 -66 137 -37 -100 -88 -8 1 -2 -71 73 -29 -47 -47 83 -176 -202 33 -6 -11 73
2 3 -50 0 0 0 0 0 80 0 0 -37 834 28 47 0 2 0 8 176 1 3 -3 -29 74 -80 3 0 0 -140
1 0 -1 -146 75 -21 0 16 310 -4 -1 -100 28 80 20 -47 1 24 -17 -88 6 -9 0 141 31 99 -2 48 103 51
6 8 14 -196 3 -496 0 2 -71 49 -15 -88 47 20 -632 -1 -10 0 1 47 -2 5 5 -25 -25 42 -33 0 -107 -183
0 0 0 8 335 -21 0 141 3 -2 0 -8 0 -47 -1 714 0 31 18 1 6 -9 0 -35 -3 3 0 61 100 1
411 2 -36 0 0 -4 0 0 1 0 0 1 2 1 -10 0 -557 0 1 -1 1 1 405 0 5 7 106 0 0 -9
0 3 2 6 -44 -36 0 -18 2 17 5 -2 0 24 0 31 0 -737 -4 4 0 0 0 25 0 8 0 111 172 1
104 328 -6 -38 -27 5 0 -8 67 -78 -23 -71 8 -17 1 18 1 -4 -77 -84 79 470 -104 -17 1 -94 -1 -8 -19 11
64 17 -77 140 -1 -47 0 0 -101 51 -92 73 176 -88 47 1 -1 4 -84 -279 -37 -65 -63 85 174 5 -2 8 2 -299
60 188 -3 -2 -8 0 0 -3 1 -43 -13 -29 1 6 -2 6 1 0 79 -37 -171 266 -60 21 -3 -65 0 1 0 0
151 502 4 5 15 0 0 6 1 74 23 -47 3 -9 5 -9 1 0 470 -65 266 209 -152 85 7 -102 -1 0 0 0
-402 400 19 0 0 3 0 0 0 0 0 -47 -3 0 5 0 405 0 -104 -63 -60 -152 316 -20 -2 -106 -51 0 1 5
21 65 1 172 57 -21 0 10 -332 -17 -5 83 -29 141 -25 -35 0 25 -17 85 21 85 -20 57 -39 -126 3 49 101 -54
-1 3 -7 -305 5 306 0 2 -111 76 26 -176 74 31 -25 -3 5 0 1 174 -3 7 -2 -39 -586 -16 8 -1 65 -64
99 32 -115 -220 -3 -29 0 -1 3 158 -140 -202 -80 99 42 3 7 8 -94 5 -65 -102 -106 -126 -16 -109 14 17 21 148
-49 6 -108 10 1 -12 0 1 5 2 -1 33 3 -2 -33 0 106 0 -1 -2 0 -1 -51 3 8 14 -693 0 -2 -24
0 5 3 13 -231 59 0 307 4 34 11 -6 0 48 0 61 0 111 -8 8 1 0 0 49 -1 17 0 495 -273 1
1 5 4 19 -58 106 0 -268 5 54 31 -11 0 103 -107 100 0 172 -19 2 0 0 1 101 65 21 -2 -273 222 -9
4 0 18 5 0 -45 0 0 105 1 1 73 -140 51 -183 1 -9 1 11 -299 0 0 5 -54 -64 148 -24 1 -9 -545

