Q_obj 
234 -105 -29 -20 3 -8 0 -213 160 -1 -39 -5 43 -102 -100 88 10 5 177 -86 0 136 17 1 -180 129 24 -123 129 -58
-105 -175 47 54 0 -36 0 -17 171 -48 104 -7 102 0 -58 -99 27 4 -112 50 0 39 247 -29 17 109 -228 8 5 -30
-29 47 652 -22 0 17 1 -1 134 21 58 4 -43 0 -18 -31 12 -1 -36 21 0 13 220 -5 -2 164 -183 3 -2 -7
-20 54 -22 269 0 84 71 13 -15 385 -40 18 -234 0 -17 33 -31 -336 -10 -2 0 51 -1 65 44 26 -63 -141 -11 8
3 0 0 0 -813 0 0 0 3 0 45 5 0 0 2 1 109 0 0 0 0 1 -5 126 -4 -1 11 15 0 0
-8 -36 17 84 0 592 -1 -5 -5 -76 124 294 161 0 9 0 15 6 0 -9 0 0 -35 16 1 -10 33 5 25 -2
0 0 1 71 0 -1 331 0 0 97 1 0 5 0 0 0 0 301 1 0 0 0 0 1 1 0 1 0 1 0
-213 -17 -1 13 0 -5 0 -174 -255 -11 3 -1 24 0 -123 -24 20 1 24 -12 0 -38 185 -16 83 183 240 23 1 -21
160 171 134 -15 3 -5 0 -255 -583 15 -4 -4 36 -200 174 -3 44 -1 -28 16 0 52 303 -28 143 -45 180 -43 155 159
-1 -48 21 385 0 -76 97 -11 15 291 38 -15 214 0 5 38 29 -396 10 3 0 59 2 -58 -39 -23 58 129 11 -6
-39 104 58 -40 45 124 1 3 -4 38 602 -45 -91 11 24 42 -139 -2 1 5 0 -31 -239 -246 -59 74 124 -25 89 2
-5 -7 4 18 5 294 0 -1 -4 -15 -45 -756 34 0 0 0 -171 2 0 -1 0 0 2 -199 7 1 -9 -22 6 0
43 102 -43 -234 0 161 5 24 36 214 -91 34 -324 0 14 5 56 -14 -3 30 0 7 75 -29 -45 9 -16 137 -21 14
-102 0 0 0 0 0 0 0 -200 0 11 0 0 -311 -83 -13 209 0 0 0 0 -20 -171 -168 -418 124 -189 -104 -45 0
-100 -58 -18 -17 2 9 0 -123 174 5 24 0 14 -83 453 57 -86 3 103 -49 0 88 70 57 63 27 97 -29 -20 -33
88 -99 -31 33 1 0 0 -24 -3 38 42 0 5 -13 57 -45 -3 -19 21 -9 0 -488 150 3 -20 -29 -104 -12 11 -6
10 27 12 -31 109 15 0 20 44 29 -139 -171 56 209 -86 -3 183 -2 -24 16 0 -5 -6 -410 206 -98 -74 -151 -175 -162
5 4 -1 -336 0 6 301 1 -1 -396 -2 2 -14 0 3 -19 -2 -455 0 0 0 -30 0 5 3 2 -4 -9 0 1
177 -112 -36 -10 0 0 1 24 -28 10 1 0 -3 0 103 21 -24 0 -622 199 0 32 19 18 -9 278 25 6 1 -171
-86 50 21 -2 0 -9 0 -12 16 3 5 -1 30 0 -49 -9 16 0 199 -321 0 -15 -8 -16 0 -140 -4 15 2 85
0 0 0 0 0 0 0 0 0 0 0 0 0 0 0 0 0 0 0 0 -955 0 0 0 0 0 0 0 0 0
136 39 13 51 1 0 0 -38 52 59 -31 0 7 -20 88 -488 -5 -30 32 -15 0 -483 -86 5 -14 47 83 -18 16 -10
17 247 220 -1 -5 -35 0 185 303 2 -239 2 75 -171 70 150 -6 0 19 -8 0 -86 -193 75 -106 63 367 -130 115 97
1 -29 -5 65 126 16 1 -16 -28 -58 -246 -199 -29 -168 57 3 -410 5 18 -16 0 5 75 43 -129 72 14 94 108 129
-180 17 -2 44 -4 1 1 83 143 -39 -59 7 -45 -418 63 -20 206 3 -9 0 0 -14 -106 -129 427 -170 -232 107 321 -287
129 109 164 26 -1 -10 0 183 -45 -23 74 1 9 124 27 -29 -98 2 278 -140 0 47 63 72 -170 -242 -205 10 -92 -36
24 -228 -183 -63 11 33 1 240 180 58 124 -9 -16 -189 97 -104 -74 -4 25 -4 0 83 367 14 -232 -205 -2 -187 157 150
-123 8 3 -141 15 5 0 23 -43 129 -25 -22 137 -104 -29 -12 -151 -9 6 15 0 -18 -130 94 107 10 -187 157 80 -69
129 5 -2 -11 0 25 1 1 155 11 89 6 -21 -45 -20 11 -175 0 1 2 0 16 115 108 321 -92 157 80 340 1
-58 -30 -7 8 0 -2 0 -21 159 -6 2 0 14 0 -33 -6 -162 1 -171 85 0 -10 97 129 -287 -36 150 -69 1 -441

