Q_obj 
-146 39 95 -158 121 33 -73 113 -77 361 304 245 12 107
39 -577 -111 0 -32 6 -782 6 5 -36 0 -132 2 -34
95 -111 -182 -43 -105 62 211 70 -120 -91 -1 -117 19 -187
-158 0 -43 311 -50 9 2 155 32 53 7 23 162 -39
121 -32 -105 -50 -519 -71 62 95 201 -109 1 -187 4 319
33 6 62 9 -71 200 -9 -113 -12 -88 -27 0 167 197
-73 -782 211 2 62 -9 465 -10 -10 71 1 241 -2 67
113 6 70 155 95 -113 -10 297 -51 -51 -32 0 -32 52
-77 5 -120 32 201 -12 -10 -51 -308 76 2 118 -13 1
361 -36 -91 53 -109 -88 71 -51 76 -112 325 -232 -22 -110
304 0 -1 7 1 -27 1 -32 2 325 177 0 75 -5
245 -132 -117 23 -187 0 241 0 118 -232 0 69 0 -153
12 2 19 162 4 167 -2 -32 -13 -22 75 0 409 41
107 -34 -187 -39 319 197 67 52 1 -110 -5 -153 41 -619

