Q_obj 
-350 53 -197 171 22 11 55 -24 -14 32 -13 108 -75 0 -48 14 -143 6 -31
53 12 35 220 -34 12 -100 28 6 51 -27 35 92 1 94 -83 128 -2 -213
-197 35 574 135 16 9 39 -18 -11 24 -12 82 -29 0 -354 9 -97 5 -22
171 220 135 163 1 -12 -49 41 -4 -58 -287 -316 -255 2 307 0 -348 11 -140
22 -34 16 1 399 101 -132 162 -187 250 -70 36 11 1 40 -146 0 89 -96
11 12 9 -12 101 -674 -22 -70 59 186 41 13 -11 -13 19 115 -7 110 24
55 -100 39 -49 -132 -22 -129 75 -73 -159 503 235 41 3 98 -54 -256 50 75
-24 28 -18 41 162 -70 75 620 175 -208 21 23 -5 15 -44 174 25 8 67
-14 6 -11 -4 -187 59 -73 175 -195 216 -11 1 20 -44 -25 -199 -67 345 49
32 51 24 -58 250 186 -159 -208 216 225 151 51 -31 -6 56 298 -82 -184 130
-13 -27 -12 -287 -70 41 503 21 -11 151 160 201 82 0 -23 64 110 6 100
108 35 82 -316 36 13 235 23 1 51 201 64 -77 1 194 -33 -283 0 16
-75 92 -29 -255 11 -11 41 -5 20 -31 82 -77 41 0 -134 53 -206 -9 -17
0 1 0 2 1 -13 3 15 -44 -6 0 1 0 748 0 2 0 -91 1
-48 94 -354 307 40 19 98 -44 -25 56 -23 194 -134 0 -410 25 -257 10 -57
14 -83 9 0 -146 115 -54 174 -199 298 64 -33 53 2 25 377 0 94 -62
-143 128 -97 -348 0 -7 -256 25 -67 -82 110 -283 -206 0 -257 0 -426 32 -75
6 -2 5 11 89 110 50 8 345 -184 6 0 -9 -91 10 94 32 311 -22
-31 -213 -22 -140 -96 24 75 67 49 130 100 16 -17 1 -57 -62 -75 -22 -347

