Q_obj 
-627 36 1 -241 8 0 20 6 -1 0 37 1 57 13 61 -13 49
36 -283 287 -195 -8 -37 -43 -37 102 254 -132 168 -205 94 269 -60 -279
1 287 667 0 -42 -11 0 50 67 -222 33 95 51 -34 -50 -29 -216
-241 -195 0 579 4 0 0 -29 0 0 -180 0 -279 -67 -295 0 -279
8 -8 -42 4 -780 5 -242 11 11 -28 -6 -20 -10 5 -74 181 107
0 -37 -11 0 5 213 -47 259 21 -15 -22 26 -35 -100 49 -66 22
20 -43 0 0 -242 -47 -267 282 38 -18 -39 33 -60 -152 48 247 54
6 -37 50 -29 11 259 282 43 -17 2 -33 102 -51 37 -15 439 31
-1 102 67 0 11 21 38 -17 -102 10 148 -111 229 -40 -175 25 -196
0 254 -222 0 -28 -15 -18 2 10 663 -7 446 -11 4 17 -25 -180
37 -132 33 -180 -6 -22 -39 -33 148 -7 33 127 -54 -75 -327 -29 59
1 168 95 0 -20 26 33 102 -111 446 127 -102 197 -118 -269 41 -92
57 -205 51 -279 -10 -35 -60 -51 229 -11 -54 197 -16 -116 -507 -45 91
13 94 -34 -67 5 -100 -152 37 -40 4 -75 -118 -116 109 -35 -140 -55
61 269 -50 -295 -74 49 48 -15 -175 17 -327 -269 -507 -35 -18 88 -153
-13 -60 -29 0 181 -66 247 439 25 -25 -29 41 -45 -140 88 -82 16
49 -279 -216 -279 107 22 54 31 -196 -180 59 -92 91 -55 -153 16 -425

