Q_obj 
-385 6 -238 21 430 -84 -334 3 179 -4 -1 65 0
6 -457 107 122 7 290 -42 -157 -61 77 43 374 206
-238 107 -317 -112 315 296 172 -146 -38 27 10 34 0
21 122 -112 -178 278 -262 15 -142 9 96 33 396 -11
430 7 315 278 341 -51 160 -248 -15 124 71 -115 -18
-84 290 296 -262 -51 599 -324 -240 93 7 -41 -36 -61
-334 -42 172 15 160 -324 -215 109 140 -22 -8 116 0
3 -157 -146 -142 -248 -240 109 -30 406 262 89 -206 -34
179 -61 -38 9 -15 93 140 406 447 -288 -163 186 42
-4 77 27 96 124 7 -22 262 -288 517 53 -102 0
-1 43 10 33 71 -41 -8 89 -163 53 592 -99 -6
65 374 34 396 -115 -36 116 -206 186 -102 -99 346 -87
0 206 0 -11 -18 -61 0 -34 42 0 -6 -87 -19

