Q_obj 
-498 -12 49 -27 114 137 40 0 116 -8 36 -169 -528 43
-12 -513 -15 82 -7 -46 -46 381 -2 -5 86 -18 23 -122
49 -15 155 -33 18 -349 45 -1 34 -9 -183 244 -86 51
-27 82 -33 401 -17 -101 -103 -57 -5 -17 190 -40 50 214
114 -7 18 -17 -899 31 24 0 -6 -5 -123 0 70 27
137 -46 -349 -101 31 -128 136 -3 92 -29 -324 208 -240 155
40 -46 45 -103 24 136 70 -3 -6 -29 -251 54 -70 158
0 381 -1 -57 0 -3 -3 361 0 6 7 -1 2 87
116 -2 34 -5 -6 92 -6 0 -57 -1 66 -153 -203 9
-8 -5 -9 -17 -5 -29 -29 6 -1 466 55 -11 15 27
36 86 -183 190 -123 -324 -251 7 66 55 407 4 -37 -286
-169 -18 244 -40 0 208 54 -1 -153 -11 4 405 300 62
-528 23 -86 50 70 -240 -70 2 -203 15 -37 300 135 -74
43 -122 51 214 27 155 158 87 9 27 -286 62 -74 219

