Q_obj 
-435 121 -243 -26 -80 82 -308 -141 -32 -206 19 5 109 0 2 0 17 -217 220 -33
121 839 -1 136 -10 12 383 6 -16 95 -20 9 15 31 -24 -5 -3 -27 -48 32
-243 -1 46 -121 63 -59 2 -360 -109 99 -16 -4 -110 1 -1 0 7 172 5 30
-26 136 -121 -29 -31 38 -350 -77 1 377 -62 -16 -300 -1 1 0 1 -100 272 -10
-80 -10 63 -31 -504 -87 36 55 117 70 65 18 -29 233 99 -77 3 88 -59 -91
82 12 -59 38 -87 43 -24 -42 9 -56 83 22 0 9 -18 0 -2 -198 77 -40
-308 383 2 -350 36 -24 -8 -16 40 -248 40 17 -35 5 -13 1 9 67 129 29
-141 6 -360 -77 55 -42 -16 310 271 64 14 4 -40 1 0 0 4 94 4 26
-32 -16 -109 1 117 9 40 271 -271 -2 -22 -5 -79 0 1 1 1 37 11 54
-206 95 99 377 70 -56 -248 64 -2 -88 -15 -4 -99 1 -1 1 6 184 -306 36
19 -20 -16 -62 65 83 40 14 -22 -15 -178 -313 16 4 -8 0 0 -24 35 30
5 9 -4 -16 18 22 17 4 -5 -4 -313 894 5 -16 38 0 0 -6 10 9
109 15 -110 -300 -29 0 -35 -40 -79 -99 16 5 -312 0 0 0 -2 0 -214 -12
0 31 1 -1 233 9 5 1 0 1 4 -16 0 221 -288 425 1 2 0 -496
2 -24 -1 1 99 -18 -13 0 1 -1 -8 38 0 -288 765 184 0 -4 2 -216
0 -5 0 0 -77 0 1 0 1 1 0 0 0 425 184 -214 1 0 1 166
17 -3 7 1 3 -2 9 4 1 6 0 0 -2 1 0 1 167 6 -5 1
-217 -27 172 -100 88 -198 67 94 37 184 -24 -6 0 2 -4 0 6 603 -204 40
220 -48 5 272 -59 77 129 4 11 -306 35 10 -214 0 2 1 -5 -204 -280 -30
-33 32 30 -10 -91 -40 29 26 54 36 30 9 -12 -496 -216 166 1 40 -30 -351

