Q_obj 
-685 0 0 0 32 0 19 0 5 -71 2 15 0 1 0 16 -122 -417 -4 0 29 7 1 3 2 -1 17 156 0 0
0 531 0 -71 0 0 -32 0 0 -126 0 0 0 0 0 0 410 0 -143 57 0 0 106 -10 0 0 0 265 0 230
0 0 -636 -7 7 0 13 0 -84 0 288 10 52 0 0 11 0 0 -2 1 -33 7 -4 12 0 18 12 0 -25 0
0 -71 -7 121 8 -137 12 0 9 2 -27 17 43 89 5 12 -90 0 -87 -79 -50 -27 278 -14 -25 98 29 -71 -6 42
32 0 7 8 -131 2 21 36 6 15 20 42 -60 0 1 18 19 16 -9 -10 75 29 40 372 10 -7 45 -22 32 2
0 0 0 -137 2 206 46 0 3 -27 -8 -1 0 69 4 -24 20 0 54 -203 0 -49 327 -30 -41 169 15 3 -25 -155
19 -32 13 12 21 46 361 -101 5 37 39 35 -120 -11 -4 312 -26 -24 -47 2 153 54 7 37 22 -8 32 -52 65 115
0 0 0 0 36 0 -101 705 1 0 0 57 0 0 -4 -84 0 0 20 -7 0 12 7 60 0 -3 66 0 0 0
5 0 -84 9 6 3 5 1 -53 -176 -56 5 -43 -41 22 4 -96 -6 -1 4 52 6 2 7 2 2 5 65 23 2
-71 -126 0 2 15 -27 37 0 -176 116 -53 15 0 -122 86 14 -55 97 77 -13 30 16 14 14 4 15 16 173 -3 -126
2 0 288 -27 20 -8 39 0 -56 -53 123 31 145 -9 7 34 -27 -1 -5 -4 -86 2 1 34 -1 -11 37 20 -72 -6
15 0 10 17 42 -1 35 57 5 15 31 175 -95 1 1 29 17 -19 -13 -18 122 89 22 71 15 -20 313 -18 47 -1
0 0 52 43 -60 0 -120 0 -43 0 145 -95 87 0 0 -100 0 0 24 -9 327 -17 19 -104 0 14 -111 0 139 0
1 0 0 89 0 69 -11 0 -41 -122 -9 1 0 598 21 5 -21 0 -43 -1 1 15 -173 18 13 -50 -3 -43 9 101
0 0 0 5 1 4 -4 -4 22 86 7 1 0 21 771 -3 7 1 0 2 -1 1 -9 2 1 -2 1 30 1 5
16 0 11 12 18 -24 312 -84 4 14 34 29 -100 5 -3 237 19 -20 -88 0 128 28 27 29 14 -30 28 -19 49 -21
-122 410 0 -90 19 20 -26 0 -96 -55 -27 17 0 -21 7 19 -88 165 -235 23 33 -29 129 1 -14 -5 26 17 2 325
-417 0 0 0 16 0 -24 0 -6 97 -1 -19 0 0 1 -20 165 -438 6 1 -38 -8 -3 -37 -2 3 -22 -209 0 0
-4 -143 -2 -87 -9 54 -47 20 -1 77 -5 -13 24 -43 0 -88 -235 6 48 -119 -45 30 83 -24 20 -45 -24 -139 -3 448
0 57 1 -79 -10 -203 2 -7 4 -13 -4 -18 -9 -1 2 0 23 1 -119 -267 -28 144 197 -37 54 101 -43 12 -11 -122
29 0 -33 -50 75 0 153 0 52 30 -86 122 327 1 -1 128 33 -38 -45 -28 563 85 -20 133 29 -28 131 -36 -162 0
7 0 7 -27 29 -49 54 12 6 16 2 89 -17 15 1 28 -29 -8 30 144 85 -291 62 43 -103 219 152 -32 7 55
1 106 -4 278 40 327 7 7 2 14 1 22 19 -173 -9 27 129 -3 83 197 -20 62 -347 68 53 -235 4 106 53 27
3 -10 12 -14 372 -30 37 60 7 14 34 71 -104 18 2 29 1 -37 -24 -37 133 43 68 273 11 12 78 -25 48 0
2 0 0 -25 10 -41 22 0 2 4 -1 15 0 13 1 14 -14 -2 20 54 29 -103 53 11 -190 55 39 -13 -2 14
-1 0 18 98 -7 169 -8 -3 2 15 -11 -20 14 -50 -2 -30 -5 3 -45 101 -28 219 -235 12 55 254 -47 7 11 94
17 0 12 29 45 15 32 66 5 16 37 313 -111 -3 1 28 26 -22 -24 -43 131 152 4 78 39 -47 251 -16 56 -6
156 265 0 -71 -22 3 -52 0 65 173 20 -18 0 -43 30 -19 17 -209 -139 12 -36 -32 106 -25 -13 7 -16 -2 0 197
0 0 -25 -6 32 -25 65 0 23 -3 -72 47 139 9 1 49 2 0 -3 -11 -162 7 53 48 -2 11 56 0 278 -18
0 230 0 42 2 -155 115 0 2 -126 -6 -1 0 101 5 -21 325 0 448 -122 0 55 27 0 14 94 -6 197 -18 -290

