Q_obj 
570 4 2 0 0 3 0 -2 -20 1 15 0 1 -30 -7 0 3 -8 29 10 12 2
4 34 -450 345 -12 -48 -178 42 -73 -50 -110 -68 -576 3 35 -29 110 36 -94 29 -39 -15
2 -450 125 -191 86 35 13 290 102 37 -55 5 -106 0 -117 18 -91 -10 83 -18 12 106
0 345 -191 -314 -40 -82 -43 77 17 -85 -95 -16 -239 -9 -79 -47 -129 -41 91 31 59 -157
0 -12 86 -40 542 -74 27 -22 187 8 301 10 27 1 -24 24 -2 23 -4 41 -19 17
3 -48 35 -82 -74 -126 8 -14 -51 20 -1 3 21 30 -31 23 -8 229 -123 362 -190 87
0 -178 13 -43 27 8 490 -68 -18 8 -2 -182 -107 -16 -91 -55 8 -14 39 11 -5 17
-2 42 290 77 -22 -14 -68 103 -114 -15 40 -26 -106 -29 -69 -112 88 -17 2 34 -20 -55
-20 -73 102 17 187 -51 -18 -114 -367 -9 195 -6 -17 -242 -111 20 195 -43 223 -14 107 -86
1 -50 37 -85 8 20 8 -15 -9 -802 18 3 29 3 22 8 39 10 -32 -5 -14 67
15 -110 -55 -95 301 -1 -2 40 195 18 -197 0 48 160 78 31 -137 29 -139 16 -67 51
0 -68 5 -16 10 3 -182 -26 -6 3 0 897 -41 -6 -35 -21 3 -5 15 5 -2 7
1 -576 -106 -239 27 21 -107 -106 -17 29 48 -41 -157 -45 41 120 7 -30 64 -19 44 -62
-30 3 0 -9 1 30 -16 -29 -242 3 160 -6 -45 215 -79 1 27 -94 330 114 139 12
-7 35 -117 -79 -24 -31 -91 -69 -111 22 78 -35 41 -79 -115 61 17 -48 192 87 -45 113
0 -29 18 -47 24 23 -55 -112 20 8 31 -21 120 1 61 583 -14 -6 15 -12 7 14
3 110 -91 -129 -2 -8 8 88 195 39 -137 3 7 27 17 -14 133 17 142 -15 4 236
-8 36 -10 -41 23 229 -14 -17 -43 10 29 -5 -30 -94 -48 -6 17 204 -50 -7 -1 43
29 -94 83 91 -4 -123 39 2 223 -32 -139 15 64 330 192 15 142 -50 -325 48 -16 -226
10 29 -18 31 41 362 11 34 -14 -5 16 5 -19 114 87 -12 -15 -7 48 305 -8 -15
12 -39 12 59 -19 -190 -5 -20 107 -14 -67 -2 44 139 -45 7 4 -1 -16 -8 224 -66
2 -15 106 -157 17 87 17 -55 -86 67 51 7 -62 12 113 14 236 43 -226 -15 -66 -307

