Q_obj 
-1000 0 0 0 0 0 0 0 0 0 0 0 0 0 0 0 0 0 0 0 0 0 0 0 0 0 0 0 0 0 0 0 0 0 0 0 0 0 0 0 0 0 0 0 0
0 402 0 114 -26 194 26 1 51 161 40 -2 22 92 0 1 104 9 -36 1 140 -7 -10 0 0 5 97 -7 -252 -31 33 -52 -7 276 -136 0 -8 74 8 -128 2 42 -174 0 -1
0 0 -996 0 0 0 0 0 0 0 0 0 0 0 0 0 0 0 0 0 0 0 0 0 0 0 0 0 0 0 0 0 0 0 0 0 0 0 0 0 0 0 0 0 0
0 114 0 553 14 -469 -12 -3 67 129 14 -37 -9 -44 0 -67 -51 -1 -42 -37 0 49 0 2 0 0 13 -31 5 18 0 -24 30 -142 -115 0 52 -36 0 -71 -5 -21 85 0 0
0 -26 0 14 -5 23 24 0 0 18 13 -7 4 10 0 0 21 -25 1 0 0 0 0 1 0 -65 -18 -12 21 -9 0 -23 4 32 14 0 -2 -69 7 -1 0 9 -18 0 0
0 194 0 -469 23 25 -23 -5 112 216 24 -63 -12 -74 0 -113 -87 -2 -71 -63 0 86 0 4 -1 0 17 -54 9 30 -10 -42 50 -240 -196 0 -56 -61 -3 -112 -10 -37 143 0 0
0 26 0 -12 24 -23 -38 0 -9 28 45 0 -3 -17 0 3 0 -71 7 2 0 146 0 0 2 8 76 -43 17 -6 -51 -80 0 0 -36 0 -17 115 26 145 0 2 35 0 0
0 1 0 -3 0 -5 0 819 -99 -4 0 -30 1 2 0 0 2 1 -140 0 0 0 0 -106 0 0 0 0 3 0 0 1 0 4 -2 0 1 2 0 -1 353 1 -3 0 0
0 51 0 67 0 112 -9 -99 -231 -13 -57 -2 -13 -26 0 85 -26 26 305 48 0 -61 0 5 3 20 -122 53 -2 12 0 105 15 -71 -48 0 -14 1 -55 -62 242 -6 51 0 0
0 161 0 129 18 216 28 -4 -13 -399 -3 -48 -12 -57 0 148 -67 -2 14 83 0 -106 0 3 0 0 -27 69 14 23 0 6 38 -185 -168 0 -23 -47 0 -21 -7 -27 111 0 0
0 40 0 14 13 24 45 0 -57 -3 -407 -3 14 6 0 18 -5 -43 41 11 -24 -12 -316 1 -4 -31 172 -13 19 -2 0 -174 4 -14 -31 0 2 -35 92 105 0 -8 0 0 -13
0 -2 0 -37 -7 -63 0 -30 -2 -48 -3 -205 7 28 0 0 36 2 36 0 0 0 0 17 0 0 0 0 53 -12 0 8 -33 60 -31 0 7 22 0 -13 -55 15 -53 0 0
0 22 0 -9 4 -12 -3 1 -13 -12 14 7 -485 -13 0 0 -5 2 10 0 1 6 0 0 158 0 -7 -2 -14 -11 0 -23 -2 -41 -11 0 43 -10 -125 9 1 474 27 0 0
0 92 0 -44 10 -74 -17 2 -26 -57 6 28 -13 267 0 0 -71 -35 17 0 -1 0 -5 0 0 -34 0 10 -71 21 0 0 -13 -109 -42 0 9 -3 4 -22 3 -28 117 0 63
0 0 0 0 0 0 0 0 0 0 0 0 0 0 -756 0 0 0 0 0 0 0 0 0 0 0 0 0 0 0 0 0 0 0 0 0 0 0 0 0 0 0 0 0 0
0 1 0 -67 0 -113 3 0 85 148 18 0 0 0 0 -555 0 0 -58 74 0 -9 0 0 0 0 -2 6 1 0 0 -32 0 0 0 0 13 0 0 4 0 0 0 0 0
0 104 0 -51 21 -87 0 2 -26 -67 -5 36 -5 -71 0 0 500 6 17 0 1 0 0 0 0 0 0 0 -82 -60 0 10 -15 -217 -46 0 10 -56 0 -20 4 -10 137 0 0
0 9 0 -1 -25 -2 -71 1 26 -2 -43 2 2 -35 0 0 6 148 -17 0 0 0 0 0 0 247 67 38 1 -14 0 79 0 -7 -9 0 1 185 -23 24 1 3 68 0 0
0 -36 0 -42 1 -71 7 -140 305 14 41 36 10 17 0 -58 17 -17 -6 -32 0 43 0 5 -1 -13 85 -36 -1 -7 0 -72 -9 47 37 0 10 -1 39 45 356 4 -31 0 0
0 1 0 -37 0 -63 2 0 48 83 11 0 0 0 0 74 0 0 -32 -646 0 -5 0 0 0 0 -1 4 1 0 0 -18 0 0 0 0 7 0 0 3 0 0 0 0 0
0 140 0 0 0 0 0 0 0 0 -24 0 1 -1 0 0 1 0 0 0 -208 0 32 0 0 0 0 0 92 3 0 -13 0 0 141 0 0 0 0 0 0 1 0 0 5
0 -7 0 49 0 86 146 0 -61 -106 -12 0 6 0 0 -9 0 0 43 -5 0 -340 0 0 -1 0 26 261 -4 0 80 23 0 0 11 0 21 0 -4 -42 0 -2 0 0 0
0 -10 0 0 0 0 0 0 0 0 -316 0 0 -5 0 0 0 0 0 0 32 0 -431 0 0 0 0 0 -6 0 0 -175 0 0 -10 0 0 0 0 0 0 0 -2 0 17
0 0 0 2 1 4 0 -106 5 3 1 17 0 0 0 0 0 0 5 0 0 0 0 -723 0 0 0 0 -1 1 0 0 0 -1 2 0 0 0 0 1 -13 0 2 0 0
0 0 0 0 0 -1 2 0 3 0 -4 0 158 0 0 0 0 0 -1 0 0 -1 0 0 -162 0 3 1 0 0 0 9 0 0 1 0 -13 0 41 -3 0 -73 0 0 0
0 5 0 0 -65 0 8 0 20 0 -31 0 0 -34 0 0 0 247 -13 0 0 0 0 0 0 -83 31 -3 3 24 0 58 0 0 -5 0 0 182 -17 18 0 0 67 0 0
0 97 0 13 -18 17 76 0 -122 -27 172 0 -7 0 0 -2 0 67 85 -1 0 26 0 0 3 31 317 -59 64 7 -112 -310 0 0 -137 0 -44 -1 102 555 0 4 2 0 0
0 -7 0 -31 -12 -54 -43 0 53 69 -13 0 -2 10 0 6 0 38 -36 4 0 261 0 0 1 -3 -59 -86 -5 4 -34 25 0 0 12 0 -7 -60 -10 -43 0 2 -18 0 0
0 -252 0 5 21 9 17 3 -2 14 19 53 -14 -71 0 1 -82 1 -1 1 92 -4 -6 -1 0 3 64 -5 723 31 22 -20 -26 -223 -155 0 8 -56 6 -112 6 -34 139 0 0
0 -31 0 18 -9 30 -6 0 12 23 -2 -12 -11 21 0 0 -60 -14 -7 0 3 0 0 1 0 24 7 4 31 300 0 5 6 74 19 0 -3 38 -2 10 -1 -24 -40 0 0
0 33 0 0 0 -10 -51 0 0 0 0 0 0 0 0 0 0 0 0 0 0 80 0 0 0 0 -112 -34 22 0 -140 0 0 0 -45 0 -97 0 0 186 0 0 0 0 0
0 -52 0 -24 -23 -42 -80 1 105 6 -174 8 -23 0 0 -32 10 79 -72 -18 -13 23 -175 0 9 58 -310 25 -20 5 0 -188 -5 27 77 0 -2 65 -164 -189 2 17 7 0 -7
0 -7 0 30 4 50 0 0 15 38 4 -33 -2 -13 0 0 -15 0 -9 0 0 0 0 0 0 0 0 0 -26 6 0 -5 -80 -43 25 0 -5 -10 0 11 0 -6 27 0 0
0 276 0 -142 32 -240 0 4 -71 -185 -14 60 -41 -109 0 0 -217 -7 47 0 0 0 0 -1 0 0 0 0 -223 74 0 27 -43 -108 -127 0 27 -88 0 -54 6 -88 211 0 0
0 -136 0 -115 14 -196 -36 -2 -48 -168 -31 -31 -11 -42 0 0 -46 -9 37 0 141 11 -10 2 1 -5 -137 12 -155 19 -45 77 25 -127 335 0 4 -36 -11 201 -5 -17 84 0 -1
0 0 0 0 0 0 0 0 0 0 0 0 0 0 0 0 0 0 0 0 0 0 0 0 0 0 0 0 0 0 0 0 0 0 0 -660 0 0 0 0 0 0 0 0 0
0 -8 0 52 -2 -56 -17 1 -14 -23 2 7 43 9 0 13 10 1 10 7 0 21 0 0 -13 0 -44 -7 8 -3 -97 -2 -5 27 4 0 -488 7 -34 84 2 -15 -15 0 0
0 74 0 -36 -69 -61 115 2 1 -47 -35 22 -10 -3 0 0 -56 185 -1 0 0 0 0 0 0 182 -1 -60 -56 38 0 65 -10 -88 -36 0 7 28 -17 5 3 -23 7 0 0
0 8 0 0 7 -3 26 0 -55 0 92 0 -125 4 0 0 0 -23 39 0 0 -4 0 0 41 -17 102 -10 6 -2 0 -164 0 0 -11 0 -34 -17 -795 47 0 60 -6 0 0
0 -128 0 -71 -1 -112 145 -1 -62 -21 105 -13 9 -22 0 4 -20 24 45 3 0 -42 0 1 -3 18 555 -43 -112 10 186 -189 11 -54 201 0 84 5 47 -223 -2 -13 43 0 0
0 2 0 -5 0 -10 0 353 242 -7 0 -55 1 3 0 0 4 1 356 0 0 0 0 -13 0 0 0 0 6 -1 0 2 0 6 -5 0 2 3 0 -2 -461 2 -5 0 0
0 42 0 -21 9 -37 2 1 -6 -27 -8 15 474 -28 0 0 -10 3 4 0 1 -2 0 0 -73 0 4 2 -34 -24 0 17 -6 -88 -17 0 -15 -23 60 -13 2 298 56 0 0
0 -174 0 85 -18 143 35 -3 51 111 0 -53 27 117 0 0 137 68 -31 0 0 0 -2 2 0 67 2 -18 139 -40 0 7 27 211 84 0 -15 7 -6 43 -5 56 103 0 33
0 0 0 0 0 0 0 0 0 0 0 0 0 0 0 0 0 0 0 0 0 0 0 0 0 0 0 0 0 0 0 0 0 0 0 0 0 0 0 0 0 0 0 -508 0
0 -1 0 0 0 0 0 0 0 0 -13 0 0 63 0 0 0 0 0 0 5 0 17 0 0 0 0 0 0 0 0 -7 0 0 -1 0 0 0 0 0 0 0 33 0 169

