Q_obj 
-997 0 0 0 1 1 -1 0 4 0 0 0 0 0 0 -13 1 0 1 0 -5 1 42 0 0 0 0 -2 1 0 0 0 1 -7 1 -2 1 0 0 0
0 538 0 266 0 1 0 304 -33 1 6 137 -8 1 0 -3 0 1 0 2 -1 0 15 0 0 0 1 32 -16 -274 5 0 0 5 81 0 0 1 1 0
0 0 675 0 -10 0 11 0 0 0 0 0 5 6 0 0 0 -23 2 0 0 -2 0 -96 -108 0 0 0 0 0 5 0 -3 0 0 3 -1 7 3 -15
0 266 0 511 0 0 0 -335 0 0 -9 -235 -62 14 0 0 0 0 0 -2 0 -5 0 0 0 0 0 0 38 0 12 0 -8 0 215 0 -4 16 6 0
1 0 -10 0 275 1 96 0 1 0 0 0 -37 -54 0 2 -8 163 -8 0 0 19 4 -14 -11 0 0 0 8 0 -43 -52 31 0 1 -15 -79 -54 -90 -147
1 1 0 0 1 327 29 0 -1 0 0 0 0 0 -3 -39 1 2 0 0 70 1 -12 0 0 0 0 1 1 0 0 0 1 3 0 10 1 0 0 19
-1 0 11 0 96 29 443 0 2 0 0 0 38 54 -55 -14 9 -130 8 0 -156 -18 13 14 12 0 0 0 -7 0 43 52 -29 -2 1 320 78 54 89 251
0 304 0 -335 0 0 0 618 0 0 -7 -171 0 0 0 0 0 0 0 -2 0 0 0 0 0 0 0 0 0 0 0 0 0 0 246 0 0 0 0 0
4 -33 0 0 1 -1 2 0 -30 1 1 0 0 0 0 17 1 0 1 0 7 1 -78 0 0 0 0 -166 1 0 1 0 1 -348 42 4 1 0 0 2
0 1 0 0 0 0 0 0 1 709 -3 1 1 0 0 0 1 0 0 -2 0 1 0 0 0 0 0 0 1 0 1 0 1 0 1 0 1 0 0 0
0 6 0 -9 0 0 0 -7 1 -3 -403 56 7 -1 0 0 1 0 0 -347 0 5 0 0 0 0 -1 0 -1 0 8 0 7 0 5 0 4 -1 -4 0
0 137 0 -235 0 0 0 -171 0 1 56 846 121 -27 0 0 1 0 0 16 0 10 0 0 0 0 0 0 -73 0 -22 0 16 0 111 0 8 -30 -10 0
0 -8 5 -62 -37 0 38 0 0 1 7 121 -88 -20 0 0 -10 -66 4 -2 1 28 -1 6 5 0 -13 1 334 -56 -36 -70 45 3 11 7 -104 -13 -123 -57
0 1 6 14 -54 0 54 0 0 0 -1 -27 -20 -315 0 -1 -7 -89 5 0 1 27 -1 8 7 0 0 1 -7 0 -61 -62 43 1 0 9 -165 77 -167 -83
0 0 0 0 0 -3 -55 0 0 0 0 0 0 0 -136 -34 0 17 0 0 18 0 0 0 0 0 0 0 0 0 0 0 0 0 0 174 0 0 0 -35
-13 -3 0 0 2 -39 -14 0 17 0 0 0 0 -1 -34 317 1 7 0 0 216 1 176 0 0 0 0 -9 1 0 0 0 1 -32 4 96 1 -1 0 -5
1 0 0 0 -8 1 9 0 1 1 1 1 -10 -7 0 1 -435 2 0 0 0 2 1 0 0 0 -1 0 5 0 -6 138 24 0 1 0 -46 -24 -52 -12
0 1 -23 0 163 2 -130 0 0 0 0 0 -66 -89 17 7 2 47 -29 0 -7 33 -8 -31 -26 0 0 1 14 0 -75 0 53 2 0 -20 26 -100 -34 266
1 0 2 0 -8 0 8 0 1 0 0 0 4 5 0 0 0 -29 -492 0 1 -1 1 2 2 0 0 0 0 0 5 0 -2 0 1 2 -1 6 2 -14
0 2 0 -2 0 0 0 -2 0 -2 -347 16 -2 0 0 0 0 0 0 726 0 -13 1 0 0 0 6 1 -7 0 -28 0 -21 2 2 0 -10 0 14 0
-5 -1 0 0 0 70 -156 0 7 0 0 0 1 1 18 216 0 -7 1 0 -42 0 69 0 0 0 0 -3 0 0 1 0 0 -12 2 -53 0 1 1 -101
1 0 -2 -5 19 1 -18 0 1 1 5 10 28 27 0 1 2 33 -1 -13 0 -104 1 -2 -2 0 -49 0 44 0 195 35 379 0 1 -3 -22 26 161 29
42 15 0 0 4 -12 13 0 -78 0 0 0 -1 -1 0 176 1 -8 1 1 69 1 -23 0 0 0 1 46 1 0 -1 0 1 153 -18 36 1 -2 0 16
0 0 -96 0 -14 0 14 0 0 0 0 0 6 8 0 0 0 -31 2 0 0 -2 0 600 -131 0 0 0 -1 0 7 0 -4 0 0 3 -2 9 4 -21
0 0 -108 0 -11 0 12 0 0 0 0 0 5 7 0 0 0 -26 2 0 0 -2 0 -131 669 0 0 0 0 0 6 0 -3 0 0 3 -1 8 3 -18
0 0 0 0 0 0 0 0 0 0 0 0 0 0 0 0 0 0 0 0 0 0 0 0 0 -225 0 0 0 0 0 0 0 0 0 0 0 0 0 0
0 1 0 0 0 0 0 0 0 0 -1 0 -13 0 0 0 -1 0 0 6 0 -49 1 0 0 0 -565 1 -24 0 -108 0 -81 1 0 0 -39 0 54 0
-2 32 0 0 0 1 0 0 -166 0 0 0 1 1 0 -9 0 1 0 1 -3 0 46 0 0 0 1 -627 0 0 0 0 0 325 -38 -1 0 1 1 0
1 -16 0 38 8 1 -7 0 1 1 -1 -73 334 -7 0 1 5 14 0 -7 0 44 1 -1 0 0 -24 0 343 -102 -49 15 71 4 20 -1 61 -10 -26 12
0 -274 0 0 0 0 0 0 0 0 0 0 -56 0 0 0 0 0 0 0 0 0 0 0 0 0 0 0 -102 26 31 0 0 68 340 0 0 0 0 0
0 5 5 12 -43 0 43 0 1 1 8 -22 -36 -61 0 0 -6 -75 5 -28 1 195 -1 7 6 0 -108 0 -49 31 308 -80 317 -1 -5 8 11 -58 -316 -66
0 0 0 0 -52 0 52 0 0 0 0 0 -70 -62 0 0 138 0 0 0 0 35 0 0 0 0 0 0 15 0 -80 129 57 0 0 0 -216 -135 -213 -79
1 0 -3 -8 31 1 -29 0 1 1 7 16 45 43 0 1 24 53 -2 -21 0 379 1 -4 -3 0 -81 0 71 0 317 57 -326 0 1 -4 403 42 -329 47
-7 5 0 0 0 3 -2 0 -348 0 0 0 3 1 0 -32 0 2 0 2 -12 0 153 0 0 0 1 325 4 68 -1 0 0 486 -5 -6 0 1 1 -2
1 81 0 215 1 0 1 246 42 1 5 111 11 0 0 4 1 0 1 2 2 1 -18 0 0 0 0 -38 20 340 -5 0 1 -5 503 1 1 0 0 1
-2 0 3 0 -15 10 320 0 4 0 0 0 7 9 174 96 0 -20 2 0 -53 -3 36 3 3 0 0 -1 -1 0 8 0 -4 -6 1 -155 -2 10 4 174
1 0 -1 -4 -79 1 78 0 1 1 4 8 -104 -165 0 1 -46 26 -1 -10 0 -22 1 -2 -1 0 -39 0 61 0 11 -216 403 0 1 -2 -89 -158 -31 -120
0 1 7 16 -54 0 54 0 0 0 -1 -30 -13 77 0 -1 -24 -100 6 0 1 26 -2 9 8 0 0 1 -10 0 -58 -135 42 1 0 10 -158 -273 -161 -83
0 1 3 6 -90 0 89 0 0 0 -4 -10 -123 -167 0 0 -52 -34 2 14 1 161 0 4 3 0 54 1 -26 0 -316 -213 -329 1 0 4 -31 -161 -290 -137
0 0 -15 0 -147 19 251 0 2 0 0 0 -57 -83 -35 -5 -12 266 -14 0 -101 29 16 -21 -18 0 0 0 12 0 -66 -79 47 -2 1 174 -120 -83 -137 215

