Q_obj 
413 -125 -24 1 99 -18 -16 -75 -41 -81 2 -4 68 32 430
-125 -494 -425 28 52 252 63 -124 -377 503 45 9 -27 116 -1
-24 -425 771 -14 15 71 -34 -36 -70 95 -23 -1 -7 34 0
1 28 -14 -510 -195 34 -71 -72 -14 18 372 11 191 -38 1
99 52 15 -195 309 73 304 121 12 2 -317 46 134 -11 -23
-18 252 71 34 73 -197 -91 -388 77 -81 55 -41 -3 319 -3
-16 63 -34 -71 304 -91 26 110 -28 41 -115 28 -296 63 1
-75 -124 -36 -72 121 -388 110 -335 -7 47 -117 -17 -46 247 -45
-41 -377 -70 -14 12 77 -28 -7 427 -196 -23 0 2 25 -130
-81 503 95 18 2 -81 41 47 -196 502 29 2 32 -38 -3
2 45 -23 372 -317 55 -115 -117 -23 29 -134 17 310 -62 1
-4 9 -1 11 46 -41 28 -17 0 2 17 52 -41 38 1
68 -27 -7 191 134 -3 -296 -46 2 32 310 -41 332 -7 -52
32 116 34 -38 -11 319 63 247 25 -38 -62 38 -7 -265 -1
430 -1 0 1 -23 -3 1 -45 -130 -3 1 1 -52 -1 198

