Q_obj 
328 153 -276 -64 266 8 -18 299 -144 80 124 70 53 -19 -28
153 24 -54 288 85 -30 140 -157 -28 33 -75 6 228 41 -10
-276 -54 182 59 230 -39 60 274 -227 40 148 4 73 -123 -1
-64 288 59 328 -13 -267 55 -20 31 218 73 -9 83 131 2
266 85 230 -13 -516 46 -94 -74 121 -16 6 19 -132 -261 -8
8 -30 -39 -267 46 -5 3 -59 -20 -11 -138 -129 47 -125 21
-18 140 60 55 -94 3 368 71 31 -1 86 1 423 108 -16
299 -157 274 -20 -74 -59 71 -564 144 83 180 26 102 109 -8
-144 -28 -227 31 121 -20 31 144 495 21 78 2 39 -64 0
80 33 40 218 -16 -11 -1 83 21 24 190 -119 -26 99 21
124 -75 148 73 6 -138 86 180 78 190 337 74 19 130 -27
70 6 4 -9 19 -129 1 26 2 -119 74 20 14 -15 27
53 228 73 83 -132 47 423 102 39 -26 19 14 196 -116 -13
-19 41 -123 131 -261 -125 108 109 -64 99 130 -15 -116 391 10
-28 -10 -1 2 -8 21 -16 -8 0 21 -27 27 -13 10 -124

