Q_obj 
-126 19 -238 -23 153 29 66 113 -291 124 215 -116 262 -323 -404 -127 -43 -6 -136
19 -75 -45 -6 10 333 18 -5 -56 49 -22 -7 12 23 3 -4 90 31 9
-238 -45 -212 41 -143 20 -111 -47 50 -23 -151 110 78 18 -40 -19 27 -81 117
-23 -6 41 636 -41 -5 69 -61 -22 -90 -31 -92 -12 -22 47 44 43 0 -47
153 10 -143 -41 91 13 -73 202 -32 -102 93 -63 124 117 -96 -102 -3 283 107
29 333 20 -5 13 147 15 32 -70 83 10 -9 16 37 -11 -15 120 43 -3
66 18 -111 69 -73 15 474 168 61 247 85 11 36 62 -125 -117 -115 1 129
113 -5 -47 -61 202 32 168 66 -115 55 -217 -153 162 -59 81 -65 -74 132 -35
-291 -56 50 -22 -32 -70 61 -115 -28 -41 3 25 -178 103 59 59 -83 13 -54
124 49 -23 -90 -102 83 247 55 -41 20 -34 79 108 -48 -23 -24 84 -138 42
215 -22 -151 -31 93 10 85 -217 3 -34 245 -70 -202 -7 121 131 31 3 -140
-116 -7 110 -92 -63 -9 11 -153 25 79 -70 57 -94 -88 74 79 3 -216 -81
262 12 78 -12 124 16 36 162 -178 108 -202 -94 -442 -227 199 -254 -63 -61 234
-323 23 18 -22 117 37 62 -59 103 -48 -7 -88 -227 212 12 59 37 333 -77
-404 3 -40 47 -96 -11 -125 81 59 -23 121 74 199 12 -54 -111 47 -102 145
-127 -4 -19 44 -102 -15 -117 -65 59 -24 131 79 -254 59 -111 -193 27 -6 216
-43 90 27 43 -3 120 -115 -74 -83 84 31 3 -63 37 47 27 94 -37 -24
-6 31 -81 0 283 43 1 132 13 -138 3 -216 -61 333 -102 -6 -37 397 -26
-136 9 117 -47 107 -3 129 -35 -54 42 -140 -81 234 -77 145 216 -24 -26 -588

