Q_obj 
-201 -2 246 240 -64 -16 8 157 61 170 40 -20 -103 40 56 -95 9 -292 -97 191
-2 223 27 -3 14 -6 75 -38 9 29 -180 4 7 1 22 23 -178 1 11 21
246 27 131 -44 273 49 -162 -133 115 115 -31 -220 40 -5 -39 -125 -2 -56 -17 -236
240 -3 -44 314 -72 -15 73 -66 -5 -172 -8 2 5 -39 18 62 -1 149 -43 -9
-64 14 273 -72 320 0 248 116 52 -494 48 -36 -73 24 99 -275 11 133 91 176
-16 -6 49 -15 0 677 83 4 -598 36 0 189 -8 -172 15 96 0 -17 8 12
8 75 -162 73 248 83 178 -20 -106 -63 -39 -7 59 -44 -85 -648 -7 -114 -79 -120
157 -38 -133 -66 116 4 -20 409 32 -108 54 61 42 -67 263 120 11 -181 86 -133
61 9 115 -5 52 -598 -106 32 -570 8 -7 419 190 160 -2 -28 -1 -4 -1 62
170 29 115 -172 -494 36 -63 -108 8 3 -12 -27 -16 -15 -74 -244 -2 -149 -6 204
40 -180 -31 -8 48 0 -39 54 -7 -12 584 -2 -5 5 -67 -7 188 -26 -32 -42
-20 4 -220 2 -36 189 -7 61 419 -27 -2 740 166 37 -15 -99 0 -31 -9 -19
-103 7 40 5 -73 -8 59 42 190 -16 -5 166 290 -210 -72 -34 -1 151 -7 88
40 1 -5 -39 24 -172 -44 -67 160 -15 5 37 -210 67 14 -27 1 -61 9 6
56 22 -39 18 99 15 -85 263 -2 -74 -67 -15 -72 14 613 88 -13 -49 174 93
-95 23 -125 62 -275 96 -648 120 -28 -244 -7 -99 -34 -27 88 -163 -14 109 38 -86
9 -178 -2 -1 11 0 -7 11 -1 -2 188 0 -1 1 -13 -14 -608 -5 -6 -8
-292 1 -56 149 133 -17 -114 -181 -4 -149 -26 -31 151 -61 -49 109 -5 56 62 -31
-97 11 -17 -43 91 8 -79 86 -1 -6 -32 -9 -7 9 174 38 -6 62 158 25
191 21 -236 -9 176 12 -120 -133 62 204 -42 -19 88 6 93 -86 -8 -31 25 488

