Q_obj 
-24 1 14 -355 -10 -2 52 -5 -134 7 0 -2 -18 -99 223 -98 71 130 -4 -22 -147 0 2 1 -44 -670 1 1 1 -29
1 -170 3 -4 -3 38 -5 5 -1 -39 0 250 1 1 -1 -1 -126 4 1 -9 13 0 0 -62 1 -20 -214 5 -508 158
14 3 167 15 118 184 251 0 16 -38 0 113 105 0 9 17 169 352 -50 235 -199 0 -115 1 -24 64 35 273 2 -39
-355 -4 15 154 -70 18 -135 1 378 56 0 3 -14 -45 189 -30 -85 5 15 -182 334 0 0 0 -32 -255 0 77 -2 -99
-10 -3 118 -70 53 -167 26 0 -37 -5 0 -3 1 4 -64 -26 -44 1 -8 -220 -52 0 -1 43 5 -33 -32 66 -7 -46
-2 38 184 18 -167 -623 97 0 -59 9 0 -74 126 0 -9 -1 36 -64 -295 91 26 0 -2 -9 15 -10 -83 75 9 -56
52 -5 251 -135 26 97 -416 1 -41 -15 0 6 -46 6 -21 -30 26 22 -192 61 49 0 -2 0 47 44 12 16 -2 27
-5 5 0 1 0 0 1 999 1 1 0 -2 0 2 -1 1 0 0 0 0 0 0 0 1 0 8 5 0 2 -1
-134 -1 16 378 -37 -59 -41 1 -818 20 0 1 5 -17 80 -12 -28 4 -26 -53 119 0 0 0 -9 -95 -11 38 0 -34
7 -39 -38 56 -5 9 -15 1 20 -593 0 -43 12 -2 41 20 57 -27 -12 -13 38 0 0 428 33 22 -35 14 -75 2
0 0 0 0 0 0 0 0 0 0 468 -101 0 0 0 0 -77 0 0 0 0 0 -250 0 0 -12 0 0 0 97
-2 250 113 3 -3 -74 6 -2 1 -43 -101 -35 20 0 -1 1 -18 -114 37 -7 -8 0 65 49 53 -4 440 13 -169 24
-18 1 105 -14 1 126 -46 0 5 12 0 20 -346 2 -54 -8 -47 -16 -294 -10 -8 0 -18 -4 239 -32 22 -2 1 -71
-99 1 0 -45 4 0 6 2 -17 -2 0 0 2 67 63 -11 -1 2 0 9 -14 0 0 1 5 45 1 -3 1 5
223 -1 9 189 -64 -9 -21 -1 80 41 0 -1 -54 63 -689 35 -106 143 -6 -158 26 0 3 0 -140 -81 -3 -10 0 -91
-98 -1 17 -30 -26 -1 -30 1 -12 20 0 1 -8 -11 35 328 -74 8 6 -63 77 0 0 0 -22 -81 -1 27 0 -69
71 -126 169 -85 -44 36 26 0 -28 57 -77 -18 -47 -1 -106 -74 -151 -89 55 -108 -57 0 50 -24 -128 -135 -223 89 86 -101
130 4 352 5 1 -64 22 0 4 -27 0 -114 -16 2 143 8 -89 46 131 -14 -237 0 115 -5 -39 72 -7 -454 3 116
-4 1 -50 15 -8 -295 -192 0 -26 -12 0 37 -294 0 -6 6 55 131 307 139 -177 0 -37 1 155 16 -50 194 1 -12
-22 -9 235 -182 -220 91 61 0 -53 -13 0 -7 -10 9 -158 -63 -108 -14 139 -428 -127 0 -3 103 -17 -79 7 72 -17 -113
-147 13 -199 334 -52 26 49 0 119 38 0 -8 -8 -14 26 77 -57 -237 -177 -127 -527 0 0 1 49 -119 17 30 7 -70
0 0 0 0 0 0 0 0 0 0 0 0 0 0 0 0 0 0 0 0 0 949 0 0 0 0 0 0 0 0
2 0 -115 0 -1 -2 -2 0 0 0 -250 65 -18 0 3 0 50 115 -37 -3 0 0 22 0 -51 9 0 -9 0 -61
1 -62 1 0 43 -9 0 1 0 428 0 49 -4 1 0 0 -24 -5 1 103 1 0 0 -188 -12 -3 53 -36 -75 31
-44 1 -24 -32 5 15 47 0 -9 33 0 53 239 5 -140 -22 -128 -39 155 -17 49 0 -51 -12 225 -85 4 23 2 -193
-670 -20 64 -255 -33 -10 44 8 -95 22 -12 -4 -32 45 -81 -81 -135 72 16 -79 -119 0 9 -3 -85 359 -38 -39 15 -54
1 -214 35 0 -32 -83 12 5 -11 -35 0 440 22 1 -3 -1 -223 -7 -50 7 17 0 0 53 4 -38 -152 17 -46 276
1 5 273 77 66 75 16 0 38 14 0 13 -2 -3 -10 27 89 -454 194 72 30 0 -9 -36 23 -39 17 -103 7 56
1 -508 2 -2 -7 9 -2 2 0 -75 0 -169 1 1 0 0 86 3 1 -17 7 0 0 -75 2 15 -46 7 -159 -107
-29 158 -39 -99 -46 -56 27 -1 -34 2 97 24 -71 5 -91 -69 -101 116 -12 -113 -70 0 -61 31 -193 -54 276 56 -107 -136

