Q_obj 
67 440 -113 302 -1 488 -22 -174 25 -146 35 -191 -13 -164 255
440 -308 -199 -57 2 40 -97 -57 -15 64 189 -564 16 160 324
-113 -199 -307 17 6 18 223 12 -57 -12 262 164 -94 -45 178
302 -57 17 9 0 385 109 619 -7 304 -27 235 -41 234 -148
-1 2 6 0 982 1 -1 0 38 1 16 0 0 3 -2
488 40 18 385 1 -408 -20 -151 -5 -193 40 373 -13 203 -16
-22 -97 223 109 -1 -20 -604 133 17 82 -122 -18 -72 19 234
-174 -57 12 619 0 -151 133 -77 -6 551 -47 -189 -28 45 -128
25 -15 -57 -7 38 -5 17 -6 -43 -12 -167 0 1 -47 32
-146 64 -12 304 1 -193 82 551 -12 -510 32 -281 -11 7 -65
35 189 262 -27 16 40 -122 -47 -167 32 116 -70 12 -21 -177
-191 -564 164 235 0 373 -18 -189 0 -281 -70 63 -7 -69 -330
-13 16 -94 -41 0 -13 -72 -28 1 -11 12 -7 -976 -9 -62
-164 160 -45 234 3 203 19 45 -47 7 -21 -69 -9 570 79
255 324 178 -148 -2 -16 234 -128 32 -65 -177 -330 -62 79 -460

