Q_obj 
-101 40 26 -49 85 33 -2 3 -8 25 -22 0 18 -2 30 12 -32 47 8 -13 -1 -104 16 -390 188 -31
40 250 -2 -67 143 422 -61 54 275 -72 209 -2 -110 -172 -177 -10 9 2 70 113 -8 180 265 -9 80 5
26 -2 39 -82 -43 -20 0 1 58 51 -1 0 56 -14 -24 8 0 1 -4 -12 8 1 -29 0 66 -152
-49 -67 -82 -85 245 128 -7 7 55 -60 9 -45 -130 54 -72 15 -23 -1 115 -32 -44 53 -169 7 -105 -52
85 143 -43 245 183 -103 -25 22 -44 292 62 -14 8 216 99 -45 -11 0 58 62 -58 145 223 3 218 4
33 422 -20 128 -103 368 60 -51 -60 -51 177 56 -38 -193 155 -76 31 0 -90 115 -32 47 -214 4 93 2
-2 -61 0 -7 -25 60 -617 -61 11 -29 -14 4 2 11 15 -12 2 0 -172 35 2 -7 -19 1 -5 -1
3 54 1 7 22 -51 -61 -635 -9 26 13 -2 -1 -8 -12 12 -1 1 150 -30 -1 7 17 0 5 1
-8 275 58 55 -44 -60 11 -9 283 78 24 -18 305 -131 171 -147 42 -1 -74 173 70 51 -71 13 2 -9
25 -72 51 -60 292 -51 -29 26 78 8 172 -35 -88 183 -226 52 7 0 152 -104 74 305 -230 4 71 24
-22 209 -1 9 62 177 -14 13 24 172 74 -59 -9 231 -31 -30 -43 2 60 53 99 -122 -46 -9 -86 -24
0 -2 0 -45 -14 56 4 -2 -18 -35 -59 -249 58 33 -4 -39 712 1 6 45 5 -51 3 14 -41 0
18 -110 56 -130 8 -38 2 -1 305 -88 -9 58 10 41 -112 140 -38 0 -4 -171 50 81 17 2 60 -27
-2 -172 -14 54 216 -193 11 -8 -131 183 231 33 41 -221 205 -26 -45 1 -10 5 38 -118 61 -4 -11 2
30 -177 -24 -72 99 155 15 -12 171 -226 -31 -4 -112 205 466 -22 29 -1 67 45 54 -98 186 8 94 54
12 -10 8 15 -45 -76 -12 12 -147 52 -30 -39 140 -26 -22 -23 35 1 -7 16 -26 -48 0 1 22 -3
-32 9 0 -23 -11 31 2 -1 42 7 -43 712 -38 -45 29 35 -267 0 -20 -47 -2 -82 -1 -13 -40 2
47 2 1 -1 0 0 0 1 -1 0 2 1 0 1 -1 1 0 -361 0 0 3 0 2 -53 -18 0
8 70 -4 115 58 -90 -172 150 -74 152 60 6 -4 -10 67 -7 -20 0 -20 -16 -4 17 -103 3 29 3
-13 113 -12 -32 62 115 35 -30 173 -104 53 45 -171 5 45 16 -47 0 -16 2 26 71 -24 -1 -28 6
-1 -8 8 -44 -58 -32 2 -1 70 74 99 5 50 38 54 -26 -2 3 -4 26 340 -28 -42 -14 -40 -104
-104 180 1 53 145 47 -7 7 51 305 -122 -51 81 -118 -98 -48 -82 0 17 71 -28 -25 -24 6 -249 93
16 265 -29 -169 223 -214 -19 17 -71 -230 -46 3 17 61 186 0 -1 2 -103 -24 -42 -24 100 -12 8 43
-390 -9 0 7 3 4 1 0 13 4 -9 14 2 -4 8 1 -13 -53 3 -1 -14 6 -12 -119 159 5
188 80 66 -105 218 93 -5 5 2 71 -86 -41 60 -11 94 22 -40 -18 29 -28 -40 -249 8 159 313 -67
-31 5 -152 -52 4 2 -1 1 -9 24 -24 0 -27 2 54 -3 2 0 3 6 -104 93 43 5 -67 42

