Q_obj 
-183 -50 -185 0 31 -44 -6 2 9 93 0 172 0 -41 -6 0 0 0 140 -26 289 33 -3 -72 -43 1 -18 5 -2 0 -4 -24 83 207 -44 88 0 -13 -9 32 -46 11 0 -11 -1
-50 -93 -1 4 3 48 4 0 -143 -96 0 32 0 35 0 0 0 0 229 527 56 -11 8 0 0 -10 -60 -1 0 0 0 0 0 -67 0 -96 0 88 -8 0 3 0 0 0 0
-185 -1 275 -10 -14 0 11 0 -2 38 0 117 0 0 -20 0 0 0 -40 2 1 -8 -10 -82 -51 -44 0 -67 3 0 6 -18 -1 1 262 1 0 -20 -7 -56 161 -19 0 -8 1
0 4 -10 -492 14 2 0 0 2 3 0 1 0 -2 17 0 0 0 -4 -4 1 -16 46 0 0 148 1 -19 1 0 2 0 0 0 0 -2 0 68 -9 0 19 0 0 0 0
31 3 -14 14 -42 -37 -2 2 2 16 0 -18 0 -1 -4 0 0 0 47 -2 1 -115 25 -76 -63 41 1 130 -2 0 -4 -28 0 0 -51 76 0 19 -86 37 27 13 0 -13 -2
-44 48 0 2 -37 -805 1 -2 -11 24 0 28 0 -21 17 0 0 0 -181 38 4 -4 6 99 58 10 -3 -3 4 0 7 34 -1 -3 61 -386 0 2 -18 -42 -76 -14 0 16 3
-6 4 11 0 -2 1 499 -43 -11 -36 0 4 0 -44 0 0 0 0 -8 -15 27 11 178 10 6 -63 -29 -24 0 0 -2 -103 0 -32 15 -1 344 16 -19 18 -18 0 0 -47 53
2 0 0 0 2 -2 -43 222 4 0 0 -1 0 5 0 0 13 0 3 1 0 0 -42 4 3 12 0 5 0 -10 1 -38 0 0 0 5 0 6 0 -209 1 -52 0 -17 -136
9 -143 -2 2 2 -11 -11 4 233 -6 0 -5 0 32 -16 0 0 0 -48 197 1 -10 -11 3 2 11 1 2 43 0 88 9 0 0 7 26 0 5 11 -1 4 0 0 4 -3
93 -96 38 3 16 24 -36 0 -6 316 0 -57 0 -349 37 0 0 0 8 24 104 178 5 0 -2 48 -130 15 2 0 4 0 2 -126 0 -48 0 -77 -137 0 20 0 0 0 0
0 0 0 0 0 0 0 0 0 0 -82 0 0 0 0 0 0 0 0 0 0 0 0 0 0 0 0 0 0 0 0 0 0 0 0 0 0 0 0 0 0 0 0 0 0
172 32 117 1 -18 28 4 -1 -5 -57 0 -17 0 27 4 0 0 0 -87 17 424 -20 3 46 28 0 12 -2 2 0 3 16 145 367 28 -54 0 9 6 -19 30 -6 0 8 2
0 0 0 0 0 0 0 0 0 0 0 0 -549 0 0 0 0 0 0 0 0 0 0 0 0 0 0 0 0 0 0 0 0 0 0 0 0 0 0 0 0 0 0 0 0
-41 35 0 -2 -1 -21 -44 5 32 -349 0 27 0 71 0 0 0 0 -47 -110 258 100 -23 0 0 -177 -282 4 0 0 1 11 0 -313 -1 43 -35 353 -192 -1 1 0 0 5 -5
-6 0 -20 17 -4 17 0 0 -16 37 0 4 0 0 786 0 0 0 -19 -4 0 38 33 -46 -28 102 0 0 48 0 98 -9 0 0 -19 -33 0 48 -61 0 37 0 0 -4 0
0 0 0 0 0 0 0 0 0 0 0 0 0 0 0 -106 0 0 0 0 0 0 0 0 0 0 0 0 0 0 0 0 0 0 0 0 0 0 0 0 0 0 0 0 0
0 0 0 0 0 0 0 13 0 0 0 0 0 0 0 0 -589 0 0 0 0 0 0 0 0 0 0 0 0 588 0 0 0 0 0 0 0 0 0 0 0 0 0 0 11
0 0 0 0 0 0 0 0 0 0 0 0 0 0 0 0 0 499 0 0 0 0 0 0 0 0 0 0 0 0 0 0 0 0 0 0 0 0 0 0 0 0 0 0 0
140 229 -40 -4 47 -181 -8 3 -48 8 0 -87 0 -47 -19 0 0 0 -605 187 0 32 -12 -125 -73 -28 0 6 -4 0 -8 -42 0 1 -76 382 0 -12 -1 55 73 19 0 -19 -3
-26 527 2 -4 -2 38 -15 1 197 24 0 17 0 -110 -4 0 0 0 187 -437 0 36 -13 1 1 -30 0 4 12 0 24 3 0 1 2 -83 0 -13 -34 0 -2 0 0 2 -1
289 56 1 1 1 4 27 0 1 104 0 424 0 258 0 0 0 0 0 0 255 -27 1 0 0 52 83 0 0 0 0 0 57 -458 0 -6 0 -103 55 0 1 0 0 0 0
33 -11 -8 -16 -115 -4 11 0 -10 178 0 -20 0 100 38 0 0 0 32 36 -27 194 -34 -7 10 -86 22 -96 2 0 4 0 0 34 0 9 0 -5 -422 0 16 0 0 0 0
-3 8 -10 46 25 6 178 -42 -11 5 0 3 0 -23 33 0 0 0 -12 -13 1 -34 504 8 5 54 2 -145 2 0 1 -99 0 -1 14 -10 -329 22 -19 17 20 0 0 -46 51
-72 0 -82 0 -76 99 10 4 3 0 0 46 0 0 -46 0 0 0 -125 1 0 -7 8 -124 335 -22 0 48 -9 0 -20 -90 0 0 -170 -199 0 -10 -2 -1 150 0 0 -41 -4
-43 0 -51 0 -63 58 6 3 2 -2 0 28 0 0 -28 0 0 0 -73 1 0 10 5 335 -473 -11 0 22 -6 0 -12 -54 0 0 -103 -116 0 -5 10 0 93 0 0 -25 -2
1 -10 -44 148 41 10 -63 12 11 48 0 0 0 -177 102 0 0 0 -28 -30 52 -86 54 -22 -11 627 2 -78 5 0 11 22 0 -62 42 -20 87 220 -10 -14 81 -3 0 11 -13
-18 -60 0 1 1 -3 -29 0 1 -130 0 12 0 -282 0 0 0 0 0 0 83 22 2 0 0 2 475 0 0 0 0 0 0 -100 0 8 0 14 -54 0 1 0 0 0 0
5 -1 -67 -19 130 -3 -24 5 2 15 0 -2 0 4 0 0 0 0 6 4 0 -96 -145 48 22 -78 0 -551 -1 0 -3 21 0 1 -141 7 36 -35 -76 29 123 11 0 10 -5
-2 0 3 1 -2 4 0 0 43 2 0 2 0 0 48 0 0 0 -4 12 0 2 2 -9 -6 5 0 -1 169 0 -251 -2 0 0 -23 -6 0 3 -2 0 -4 0 0 0 0
0 0 0 0 0 0 0 -10 0 0 0 0 0 0 0 0 588 0 0 0 0 0 0 0 0 0 0 0 0 584 0 0 0 0 0 0 0 0 0 0 0 0 0 0 -9
-4 0 6 2 -4 7 -2 1 88 4 0 3 0 1 98 0 0 0 -8 24 0 4 1 -20 -12 11 0 -3 -251 0 -218 -2 0 0 -47 -13 0 5 -5 0 -9 0 0 -1 0
-24 0 -18 0 -28 34 -103 -38 9 0 0 16 0 11 -9 0 0 0 -42 3 0 0 -99 -90 -54 22 0 21 -2 0 -2 681 0 0 -36 -67 0 11 1 15 33 0 0 251 46
83 0 -1 0 0 -1 0 0 0 2 0 145 0 0 0 0 0 0 0 0 57 0 0 0 0 0 0 0 0 0 0 0 -395 47 0 3 0 0 0 0 -1 0 0 0 0
207 -67 1 0 0 -3 -32 0 0 -126 0 367 0 -313 0 0 0 0 1 1 -458 34 -1 0 0 -62 -100 1 0 0 0 0 47 436 0 8 0 127 -66 0 0 0 0 0 0
-44 0 262 0 -51 61 15 0 7 0 0 28 0 -1 -19 0 0 0 -76 2 0 0 14 -170 -103 42 0 -141 -23 0 -47 -36 0 0 -536 -121 0 20 2 -80 -472 -27 0 -17 1
88 -96 1 -2 76 -386 -1 5 26 -48 0 -54 0 43 -33 0 0 0 382 -83 -6 9 -10 -199 -116 -20 8 7 -6 0 -13 -67 3 8 -121 -223 0 -3 37 87 155 30 0 -31 -5
0 0 0 0 0 0 344 0 0 0 0 0 0 -35 0 0 0 0 0 0 0 0 -329 0 0 87 0 36 0 0 0 0 0 0 0 0 135 41 0 0 0 0 0 0 0
-13 88 -20 68 19 2 16 6 5 -77 0 9 0 353 48 0 0 0 -12 -13 -103 -5 22 -10 -5 220 14 -35 3 0 5 11 0 127 20 -3 41 235 -67 -6 37 -1 0 5 -6
-9 -8 -7 -9 -86 -18 -19 0 11 -137 0 6 0 -192 -61 0 0 0 -1 -34 55 -422 -19 -2 10 -10 -54 -76 -2 0 -5 1 0 -66 2 37 0 -67 358 0 13 0 0 1 0
32 0 -56 0 37 -42 18 -209 -1 0 0 -19 0 -1 0 0 0 0 55 0 0 0 17 -1 0 -14 0 29 0 0 0 15 0 0 -80 87 0 -6 0 -547 103 -229 0 7 250
-46 3 161 19 27 -76 -18 1 4 20 0 30 0 1 37 0 0 0 73 -2 1 16 20 150 93 81 1 123 -4 0 -9 33 -1 0 -472 155 0 37 13 103 73 35 0 16 0
11 0 -19 0 13 -14 0 -52 0 0 0 -6 0 0 0 0 0 0 19 0 0 0 0 0 0 -3 0 11 0 0 0 0 0 0 -27 30 0 -1 0 -229 35 112 0 0 63
0 0 0 0 0 0 0 0 0 0 0 0 0 0 0 0 0 0 0 0 0 0 0 0 0 0 0 0 0 0 0 0 0 0 0 0 0 0 0 0 0 0 -570 0 0
-11 0 -8 0 -13 16 -47 -17 4 0 0 8 0 5 -4 0 0 0 -19 2 0 0 -46 -41 -25 11 0 10 0 0 -1 251 0 0 -17 -31 0 5 1 7 16 0 0 257 22
-1 0 1 0 -2 3 53 -136 -3 0 0 2 0 -5 0 0 11 0 -3 -1 0 0 51 -4 -2 -13 0 -5 0 -9 0 46 0 0 1 -5 0 -6 0 250 0 63 0 22 270

