Q_obj 
-573 17 193 -2 613 -32 -85 0 53 20 -11 -2
17 930 -11 1 24 -59 -37 11 -226 -177 24 28
193 -11 110 11 277 -218 -79 -20 -36 40 11 -95
-2 1 11 -45 22 -1 -4 0 3 2 1 1
613 24 277 22 -119 -46 -122 0 76 29 -16 -3
-32 -59 -218 -1 -46 -201 -469 12 -191 100 38 283
-85 -37 -79 -4 -122 -469 -25 -26 -122 -406 13 -365
0 11 -20 0 0 12 -26 90 35 12 20 -32
53 -226 -36 3 76 -191 -122 35 269 -572 76 88
20 -177 40 2 29 100 -406 12 -572 -134 67 -320
-11 24 11 1 -16 38 13 20 76 67 -194 -17
-2 28 -95 1 -3 283 -365 -32 88 -320 -17 448

