Q_obj 
-201 15 -65 -253 4 17 -1 38 97 99 49 -107 3 -1 -26 -4 1 -82 384 18 -113 68
15 -180 -43 -16 -194 0 16 -9 0 -30 3 -49 -9 -81 -61 -155 -2 37 -23 21 -8 -48
-65 -43 -136 -122 -9 3 -129 -329 -188 122 -51 159 -42 12 15 -28 -1 -228 -28 -141 83 -5
-253 -16 -122 -289 -3 -23 129 -56 -20 -135 11 101 120 -27 -22 -18 0 -4 -223 -2 -27 25
4 -194 -9 -3 706 0 4 105 83 100 1 209 -2 -17 -12 -32 0 -5 -4 5 -1 -10
17 0 3 -23 0 211 1 6 -18 -23 -5 16 0 0 3 -1 0 3 35 3 6 0
-1 16 -129 129 4 1 -410 -171 244 -185 1 84 57 -24 4 5 1 29 90 -29 5 0
38 -9 -329 -56 105 6 -171 -258 -256 147 34 275 -49 47 -13 14 1 106 -164 137 10 4
97 0 -188 -20 83 -18 244 -256 -23 371 -3 46 22 24 6 4 1 13 135 15 38 1
99 -30 122 -135 100 -23 -185 147 371 159 -6 -172 -15 -17 0 -4 0 -23 121 61 -21 1
49 3 -51 11 1 -5 1 34 -3 -6 -463 -13 -1 -12 296 -80 -9 -18 -25 -13 -25 -175
-107 -49 159 101 209 16 84 275 46 -172 -13 172 25 -22 5 -5 0 -37 -27 -67 -7 -1
3 -9 -42 120 -2 0 57 -49 22 -15 -1 25 -793 -11 -6 -6 0 6 80 -5 7 -1
-1 -81 12 -27 -17 0 -24 47 24 -17 -12 -22 -11 -529 -42 -48 -1 7 -16 -1 -10 -12
-26 -61 15 -22 -12 3 4 -13 6 0 296 5 -6 -42 63 139 8 9 4 7 15 158
-4 -155 -28 -18 -32 -1 5 14 4 -4 -80 -5 -6 -48 139 427 6 -3 -6 -1 4 177
1 -2 -1 0 0 0 1 1 1 0 -9 0 0 -1 8 6 -5 0 0 0 0 0
-82 37 -228 -4 -5 3 29 106 13 -23 -18 -37 6 7 9 -3 0 349 36 547 8 9
384 -23 -28 -223 -4 35 90 -164 135 121 -25 -27 80 -16 4 -6 0 36 -127 -22 74 -45
18 21 -141 -2 5 3 -29 137 15 61 -13 -67 -5 -1 7 -1 0 547 -22 311 25 -9
-113 -8 83 -27 -1 6 5 10 38 -21 -25 -7 7 -10 15 4 0 8 74 25 -794 -41
68 -48 -5 25 -10 0 0 4 1 1 -175 -1 -1 -12 158 177 0 9 -45 -9 -41 -525

