Q_obj 
244 -4 97 96 -119 2 -40 -9 86 78 -13 0 33 37 -231 -7 158 -328 83 -47 0 -129 35 27 -69
-4 -70 11 -6 4 -90 14 6 -12 16 33 6 7 -13 0 -23 2 -7 14 -17 0 2 1 -3 3
97 11 362 -78 10 12 145 15 -38 -105 55 53 -48 -34 135 -283 21 -56 -2 9 0 -101 5 51 -88
96 -6 -78 -180 -171 -13 37 -27 123 33 -52 -20 107 150 1 -215 143 229 175 -127 3 54 41 71 -68
-119 4 10 -171 -311 2 17 6 -16 -32 17 53 -28 -35 56 -38 390 60 -36 26 0 83 86 -5 88
2 -90 12 -13 2 -125 -10 6 -19 -11 -86 0 -57 0 0 -23 -8 3 -6 28 11 3 48 33 -25
-40 14 145 37 17 -10 59 -14 29 -181 18 44 -6 50 -174 52 9 64 -62 49 0 8 2 -2 -9
-9 6 15 -27 6 6 -14 676 94 32 63 0 -54 18 -23 -141 0 20 -30 57 0 8 0 48 -55
86 -12 -38 123 -16 -19 29 94 397 -114 -112 0 81 46 72 427 4 28 90 100 0 12 1 -225 141
78 16 -105 33 -32 -11 -181 32 -114 45 17 -69 -25 -19 161 40 -7 15 -31 51 0 -22 -1 -29 -13
-13 33 55 -52 17 -86 18 63 -112 17 -492 14 40 -113 3 -54 -25 -29 57 -32 25 9 106 -220 4
0 6 53 -20 53 0 44 0 0 -69 14 9 -6 10 -17 -44 42 -10 -12 6 0 144 10 13 -14
33 7 -48 107 -28 -57 -6 -54 81 -25 40 -6 -430 298 8 162 42 52 -131 -66 221 1 -72 189 -61
37 -13 -34 150 -35 0 50 18 46 -19 -113 10 298 71 37 196 23 17 -331 -138 -95 -2 61 78 -1
-231 0 135 1 56 0 -174 -23 72 161 3 -17 8 37 574 2 -14 134 -18 1 0 34 -3 16 1
-7 -23 -283 -215 -38 -23 52 -141 427 40 -54 -44 162 196 2 225 -63 -22 -142 26 0 -84 -13 -162 -225
158 2 21 143 390 -8 9 0 4 -7 -25 42 42 23 -14 -63 -446 -119 49 -18 -23 174 -40 56 -127
-328 -7 -56 229 60 3 64 20 28 15 -29 -10 52 17 134 -22 -119 -49 180 -92 0 -229 -26 29 -162
83 14 -2 175 -36 -6 -62 -30 90 -31 57 -12 -131 -331 -18 -142 49 180 -133 -3 0 56 11 -30 -211
-47 -17 9 -127 26 28 49 57 100 51 -32 6 -66 -138 1 26 -18 -92 -3 -445 129 -21 -112 -13 130
0 0 0 3 0 11 0 0 0 0 25 0 221 -95 0 0 -23 0 0 129 -235 0 108 107 4
-129 2 -101 54 83 3 8 8 12 -22 9 144 1 -2 34 -84 174 -229 56 -21 0 356 39 22 -79
35 1 5 41 86 48 2 0 1 -1 106 10 -72 61 -3 -13 -40 -26 11 -112 108 39 -272 -97 -11
27 -3 51 71 -5 33 -2 48 -225 -29 -220 13 189 78 16 -162 56 29 -30 -13 107 22 -97 -714 -54
-69 3 -88 -68 88 -25 -9 -55 141 -13 4 -14 -61 -1 1 -225 -127 -162 -211 130 4 -79 -11 -54 -81

