Q_obj 
-925 1 -38 0 -10 0 3 -5 0 1 -9 -1 -12 -1 1 -1 -34 5 3 -16 -2 123
1 525 41 11 30 20 62 145 -121 0 -44 -12 45 -12 183 86 -4 -47 187 1 -136 15
-38 41 60 -3 33 -4 -52 111 -85 0 24 177 313 6 -21 65 10 54 124 11 26 301
0 11 -3 229 0 34 -2 1 10 0 0 2 -2 1 -12 0 1 0 0 0 0 -1
-10 30 33 0 265 1 14 -7 -54 6 7 -5 15 19 -14 186 -8 -22 -89 -279 -2 -7
0 20 -4 34 1 -302 -4 0 12 0 0 2 -3 0 -20 1 0 0 1 1 0 -1
3 62 -52 -2 14 -4 139 12 48 0 0 19 43 -397 109 -13 -60 200 -151 1 -59 -18
-5 145 111 1 -7 0 12 240 -211 1 -216 -72 -45 17 -6 -26 -10 20 -48 0 -5 29
0 -121 -85 10 -54 12 48 -211 484 0 30 33 18 120 37 -158 17 -11 -277 -1 -82 -30
1 0 0 0 6 0 0 1 0 535 1 1 1 1 0 1 1 0 -1 10 1 1
-9 -44 24 0 7 0 0 -216 30 1 -379 7 -193 21 3 9 -211 53 23 -1 -20 -25
-1 -12 177 2 -5 2 19 -72 33 1 7 663 -108 -7 12 -12 -4 -19 -26 0 -9 60
-12 45 313 -2 15 -3 43 -45 18 1 -193 -108 -29 -84 3 46 150 -5 67 0 29 98
-1 -12 6 1 19 0 -397 17 120 1 21 -7 -84 68 151 -108 15 -41 -51 -20 -58 1
1 183 -21 -12 -14 -20 109 -6 37 0 3 12 3 151 399 -26 -7 -106 14 0 -171 -7
-1 86 65 0 186 1 -13 -26 -158 1 9 -12 46 -108 -26 -385 0 2 287 -37 11 20
-34 -4 10 1 -8 0 -60 -10 17 1 -211 -4 150 15 -7 0 -315 -75 4 -1 45 -8
5 -47 54 0 -22 0 200 20 -11 0 53 -19 -5 -41 -106 2 -75 -10 25 28 -129 21
3 187 124 0 -89 1 -151 -48 -277 -1 23 -26 67 -51 14 287 4 25 102 68 32 49
-16 1 11 0 -279 1 1 0 -1 10 -1 0 0 -20 0 -37 -1 28 68 79 0 -26
-2 -136 26 0 -2 0 -59 -5 -82 1 -20 -9 29 -58 -171 11 45 -129 32 0 -775 9
123 15 301 -1 -7 -1 -18 29 -30 1 -25 60 98 1 -7 20 -8 21 49 -26 9 -666

