Q_obj 
296 107 -42 -39 77 58 106 -183 3 -19 112 -138 -172 -5 -81 -52 314 -181 22 -1 21 39 -225 -21 238 17
107 -178 -74 153 185 -141 -84 21 -3 58 -123 227 42 -39 54 64 -15 199 -73 79 -13 -69 8 -3 340 5
-42 -74 123 -72 -75 -69 -40 -109 -1 55 -71 50 124 -1 141 97 -56 -227 15 -2 -38 -70 259 -128 59 -137
-39 153 -72 300 111 97 -82 184 9 44 347 161 161 -57 21 132 44 -144 -116 -36 69 -36 -98 16 30 -74
77 185 -75 111 88 146 53 -158 5 -42 159 -44 50 20 80 22 103 -42 -112 -157 -4 121 296 -199 236 38
58 -141 -69 97 146 -137 -74 36 2 143 55 14 103 -94 188 144 -81 -77 -228 85 112 54 2 28 76 19
106 -84 -40 -82 53 -74 83 -99 -1 -50 -48 40 192 13 98 74 141 -15 -168 0 -35 65 -170 168 -11 -63
-183 21 -109 184 -158 36 -99 -230 5 -108 175 87 127 20 -236 -168 -55 -13 -15 41 -15 74 -49 -158 73 -185
3 -3 -1 9 5 2 -1 5 983 -1 -26 1 -2 -1 -6 -2 0 -3 3 -2 2 1 -3 2 1 5
-19 58 55 44 -42 143 -50 -108 -1 363 -60 -11 -80 -83 -32 -138 42 -5 32 -11 72 -164 -5 24 91 -43
112 -123 -71 347 159 55 -48 175 -26 -60 -42 16 -79 -75 -272 -108 -16 -145 81 -87 57 24 -133 66 16 175
-138 227 50 161 -44 14 40 87 1 -11 16 11 162 -17 22 146 127 -111 86 133 12 -71 88 175 -15 -113
-172 42 124 161 50 103 192 127 -2 -80 -79 162 -43 60 -52 -46 209 -69 15 29 -20 25 89 54 -44 -64
-5 -39 -1 -57 20 -94 13 20 -1 -83 -75 -17 60 109 15 124 -27 -59 16 -24 -22 1 46 -110 -39 -29
-81 54 141 21 80 188 98 -236 -6 -32 -272 22 -52 15 -123 -168 122 0 -1 50 32 -4 38 -81 290 83
-52 64 97 132 22 144 74 -168 -2 -138 -108 146 -46 124 -168 33 27 -16 -29 67 -146 -164 -27 66 299 104
314 -15 -56 44 103 -81 141 -55 0 42 -16 127 209 -27 122 27 -73 18 221 -84 -11 40 353 16 85 61
-181 199 -227 -144 -42 -77 -15 -13 -3 -5 -145 -111 -69 -59 0 -16 18 128 86 -52 -76 25 94 -37 -47 16
22 -73 15 -116 -112 -228 -168 -15 3 32 81 86 15 16 -1 -29 221 86 7 65 0 -15 -29 -49 149 -235
-1 79 -2 -36 -157 85 0 41 -2 -11 -87 133 29 -24 50 67 -84 -52 65 778 78 116 -42 -132 128 -55
21 -13 -38 69 -4 112 -35 -15 2 72 57 12 -20 -22 32 -146 -11 -76 0 78 170 150 71 57 1 11
39 -69 -70 -36 121 54 65 74 1 -164 24 -71 25 1 -4 -164 40 25 -15 116 150 689 113 -4 -121 115
-225 8 259 -98 296 2 -170 -49 -3 -5 -133 88 89 46 38 -27 353 94 -29 -42 71 113 254 197 62 -53
-21 -3 -128 16 -199 28 168 -158 2 24 66 175 54 -110 -81 66 16 -37 -49 -132 57 -4 197 475 -43 28
238 340 59 30 236 76 -11 73 1 91 16 -15 -44 -39 290 299 85 -47 149 128 1 -121 62 -43 -61 35
17 5 -137 -74 38 19 -63 -185 5 -43 175 -113 -64 -29 83 104 61 16 -235 -55 11 115 -53 28 35 -384

