Q_obj 
503 8 30 115 33 22 13 8 40 24 1 -32 314 -4 41 -13 -2
8 427 303 -24 57 -500 -13 -50 54 59 13 168 -24 -110 -33 147 -209
30 303 -21 100 48 155 238 -47 -128 -39 87 37 -91 -3 407 238 103
115 -24 100 -433 -105 78 25 -55 -159 29 -3 106 -354 -73 -26 85 18
33 57 48 -105 -191 -5 -32 139 266 -65 44 -211 -100 82 236 -80 -63
22 -500 155 78 -5 -198 144 -131 -104 134 -4 -86 -67 -122 248 20 -177
13 -13 238 25 -32 144 18 396 -64 61 -26 40 -40 -15 -252 -78 -90
8 -50 -47 -55 139 -131 396 -313 85 -67 -9 -36 -23 -8 -145 -98 362
40 54 -128 -159 266 -104 -64 85 -421 96 -11 62 -122 60 46 71 102
24 59 -39 29 -65 134 61 -67 96 535 -214 17 -71 74 -114 -121 190
1 13 87 -3 44 -4 -26 -9 -11 -214 -512 116 0 46 140 -95 -25
-32 168 37 106 -211 -86 40 -36 62 17 116 -183 103 -71 44 -200 88
314 -24 -91 -354 -100 -67 -40 -23 -122 -71 0 103 -367 15 -124 43 8
-4 -110 -3 -73 82 -122 -15 -8 60 74 46 -71 15 260 20 -39 -33
41 -33 407 -26 236 248 -252 -145 46 -114 140 44 -124 20 -306 -70 1
-13 147 238 85 -80 20 -78 -98 71 -121 -95 -200 43 -39 -70 -149 71
-2 -209 103 18 -63 -177 -90 362 102 190 -25 88 8 -33 1 71 715

