Q_obj 
-657 0 1 -10 -26 1 0 0 -16 0 -19 -27 62 -2 2 38 0 6 3 55 0 0 13 0 25 -14 1 0 28 0 0 -51 6 218 0 1 27 1 1 -14 181 0 11 0 130
0 222 0 0 0 735 0 0 0 0 2 0 0 0 0 0 0 0 0 0 0 0 1 0 1 0 0 0 0 0 0 2 0 3 0 0 0 0 -161 0 0 0 0 0 -2
1 0 -328 1 -1 0 0 0 1 10 1 1 1 1 1 -3 0 0 1 -3 0 0 0 0 -1 0 495 0 0 0 0 1 1 0 0 1 2 1 0 2 0 0 0 0 0
-10 0 1 389 -138 0 0 0 149 0 2 -8 -1 0 2 32 -762 1 2 33 0 0 -107 0 52 12 1 3 3 -1 4 1 -4 0 0 -10 -20 -31 0 -11 0 0 1 0 0
-26 0 -1 -138 439 0 0 0 -62 0 -10 58 8 2 -8 -204 82 -3 -7 -213 0 0 46 0 128 -73 -3 -19 -17 0 -21 -1 28 6 0 69 135 210 0 79 0 0 -5 0 4
1 735 0 0 0 307 0 0 1 0 -1 0 0 0 0 0 0 0 0 0 0 0 0 0 0 0 0 0 0 0 0 -1 0 -1 0 0 0 0 153 0 0 0 0 0 3
0 0 0 0 0 0 -664 0 0 0 0 0 0 0 0 0 0 0 0 0 0 0 0 0 0 0 0 0 0 0 0 0 0 0 0 0 0 0 0 0 0 0 0 0 0
0 0 0 0 0 0 0 -602 311 0 0 0 0 0 0 0 0 0 0 0 0 0 431 0 0 0 0 0 0 0 0 0 0 0 0 0 0 0 0 0 0 0 0 0 0
-16 0 1 149 -62 1 0 311 -382 0 -32 0 -2 0 4 80 -22 2 3 83 0 0 264 0 80 -23 2 1 7 1 1 1 9 1 0 -1 43 -3 1 -30 0 0 3 0 0
0 0 10 0 0 0 0 0 0 629 0 0 1 1 29 0 0 0 0 0 0 0 0 0 0 0 20 0 0 0 0 0 0 0 0 0 0 0 0 4 0 0 0 0 0
-19 2 1 2 -10 -1 0 0 -32 0 623 1 0 0 1 17 0 1 1 18 0 0 24 0 92 -5 1 0 2 0 0 -2 3 -3 0 1 10 1 -11 -6 0 0 1 0 6
-27 0 1 -8 58 0 0 0 0 0 1 387 -128 38 2 -21 6 -100 -11 -8 0 75 1 10 -6 1 1 182 294 0 107 -1 0 26 0 52 0 -167 0 -10 -72 0 -12 0 17
62 0 1 -1 8 0 0 0 -2 1 0 -128 228 -28 3 49 1 78 -5 -54 0 0 2 -2 21 4 1 35 177 0 39 -47 -1 204 0 -120 -6 76 0 -26 91 0 -65 0 121
-2 0 1 0 2 0 0 0 0 1 0 38 -28 -311 1 -4 1 166 1 0 0 0 1 -17 2 1 1 -12 -5 0 -14 -1 0 9 0 45 -1 -28 0 -2 -21 0 2 0 5
2 0 1 2 -8 0 0 0 4 29 1 2 3 1 300 -14 0 0 1 2 0 5 -2 1 -9 -4 2 -1 -1 0 0 0 2 -1 0 2 9 0 0 28 0 0 -6 0 -1
38 0 -3 32 -204 0 0 0 80 0 17 -21 49 -4 -14 -243 -18 13 18 28 0 97 -57 0 -214 -104 -7 -9 25 0 7 -15 40 -16 0 -21 193 16 0 128 -27 0 -164 0 -17
0 0 0 -762 82 0 0 0 -22 0 0 6 1 1 0 -18 -439 0 0 -19 0 0 17 0 3 -6 0 -1 -1 -2 -1 0 3 1 0 7 12 19 0 7 0 0 0 0 1
6 0 0 1 -3 0 0 0 2 0 1 -100 78 166 0 13 0 -698 0 1 0 0 -1 49 -2 -1 0 36 15 0 39 6 1 -21 0 -121 4 76 0 7 58 0 -5 0 -13
3 0 1 2 -7 0 0 0 3 0 1 -11 -5 1 1 18 0 0 -640 -8 0 207 -1 0 -7 -3 1 -33 -1 0 0 -42 2 2 0 1 7 1 0 -6 2 0 68 0 -15
55 0 -3 33 -213 0 0 0 83 0 18 -8 -54 0 2 28 -19 1 -8 -302 0 -117 -59 0 -221 -109 -6 23 -22 0 5 19 42 26 0 -13 201 11 0 -11 12 0 183 0 25
0 0 0 0 0 0 0 0 0 0 0 0 0 0 0 0 0 0 0 0 175 0 0 0 0 0 0 0 0 0 0 0 0 0 0 0 0 0 0 0 0 0 0 0 0
0 0 0 0 0 0 0 0 0 0 0 75 0 0 5 97 0 0 207 -117 0 -411 0 0 0 0 0 222 0 0 0 -76 0 7 0 0 0 0 0 -36 0 0 168 0 -25
13 1 0 -107 46 0 0 431 264 0 24 1 2 1 -2 -57 17 -1 -1 -59 0 0 -208 0 -57 17 0 0 -4 0 0 0 -6 0 0 1 -30 3 0 22 0 0 -1 0 1
0 0 0 0 0 0 0 0 0 0 0 10 -2 -17 1 0 0 49 0 0 0 0 0 197 0 0 0 -3 -5 0 -3 0 0 2 0 11 0 -6 0 0 0 0 0 0 1
25 1 -1 52 128 0 0 0 80 0 92 -6 21 2 -9 -214 3 -2 -7 -221 0 0 -57 0 -770 70 -3 1 -13 1 1 -10 -26 46 0 0 -128 -2 0 83 38 0 -4 0 28
-14 0 0 12 -73 0 0 0 -23 0 -5 1 4 1 -4 -104 -6 -1 -3 -109 0 0 17 0 70 -26 -1 0 -9 0 0 0 -62 1 0 1 -304 1 0 41 0 0 -2 0 1
1 0 495 1 -3 0 0 0 2 20 1 1 1 1 2 -7 0 0 1 -6 0 0 0 0 -3 -1 387 0 0 0 0 1 1 0 0 1 4 1 0 3 0 0 0 0 0
0 0 0 3 -19 0 0 0 1 0 0 182 35 -12 -1 -9 -1 36 -33 23 0 222 0 -3 1 0 0 865 -99 0 -35 11 1 8 0 -18 1 59 0 10 15 0 -26 0 10
28 0 0 3 -17 0 0 0 7 0 2 294 177 -5 -1 25 -1 15 -1 -22 0 0 -4 -5 -13 -9 0 -99 -163 0 -109 -2 4 13 0 346 17 -215 0 10 198 0 -25 0 8
0 0 0 -1 0 0 0 0 1 0 0 0 0 0 0 0 -2 0 0 0 0 0 0 0 1 0 0 0 0 823 0 0 0 0 0 0 0 0 0 0 0 0 0 0 0
0 0 0 4 -21 0 0 0 1 0 0 107 39 -14 0 7 -1 39 0 5 0 0 0 -3 1 0 0 -35 -109 0 667 0 1 1 0 -1 1 65 0 5 16 0 0 0 1
-51 2 1 1 -1 -1 0 0 1 0 -2 -1 -47 -1 0 -15 0 6 -42 19 0 -76 0 0 -10 0 1 11 -2 0 0 -627 1 49 0 -7 1 8 -7 6 -54 0 -40 0 -483
6 0 1 -4 28 0 0 0 9 0 3 0 -1 0 2 40 3 1 2 42 0 0 -6 0 -26 -62 1 1 4 0 1 1 344 0 0 0 10 0 0 -15 0 0 2 0 0
218 3 0 0 6 -1 0 0 1 0 -3 26 204 9 -1 -16 1 -21 2 26 0 7 0 2 46 1 0 8 13 0 1 49 0 475 0 34 0 -33 -13 11 234 0 26 0 -122
0 0 0 0 0 0 0 0 0 0 0 0 0 0 0 0 0 0 0 0 0 0 0 0 0 0 0 0 0 0 0 0 0 0 300 0 0 0 0 0 0 0 0 0 0
1 0 1 -10 69 0 0 0 -1 0 1 52 -120 45 2 -21 7 -121 1 -13 0 0 1 11 0 1 1 -18 346 0 -1 -7 0 34 0 305 0 -201 0 -13 -49 0 1 0 21
27 0 2 -20 135 0 0 0 43 0 10 0 -6 -1 9 193 12 4 7 201 0 0 -30 0 -128 -304 4 1 17 0 1 1 10 0 0 0 387 0 0 -73 0 0 6 0 0
1 0 1 -31 210 0 0 0 -3 0 1 -167 76 -28 0 16 19 76 1 11 0 0 3 -6 -2 1 1 59 -215 0 65 8 0 -33 0 -201 0 -132 0 8 32 0 1 0 -19
1 -161 0 0 0 153 0 0 1 0 -11 0 0 0 0 0 0 0 0 0 0 0 0 0 0 0 0 0 0 0 0 -7 0 -13 0 0 0 0 543 0 0 0 0 0 20
-14 0 2 -11 79 0 0 0 -30 4 -6 -10 -26 -2 28 128 7 7 -6 -11 0 -36 22 0 83 41 3 10 10 0 5 6 -15 11 0 -13 -73 8 0 48 1 0 63 0 10
181 0 0 0 0 0 0 0 0 0 0 -72 91 -21 0 -27 0 58 2 12 0 0 0 0 38 0 0 15 198 0 16 -54 0 234 0 -49 0 32 0 1 172 0 22 0 139
0 0 0 0 0 0 0 0 0 0 0 0 0 0 0 0 0 0 0 0 0 0 0 0 0 0 0 0 0 0 0 0 0 0 0 0 0 0 0 0 0 -643 0 0 0
11 0 0 1 -5 0 0 0 3 0 1 -12 -65 2 -6 -164 0 -5 68 183 0 168 -1 0 -4 -2 0 -26 -25 0 0 -40 2 26 0 1 6 1 0 63 22 0 -417 0 2
0 0 0 0 0 0 0 0 0 0 0 0 0 0 0 0 0 0 0 0 0 0 0 0 0 0 0 0 0 0 0 0 0 0 0 0 0 0 0 0 0 0 0 544 0
130 -2 0 0 4 3 0 0 0 0 6 17 121 5 -1 -17 1 -13 -15 25 0 -25 1 1 28 1 0 10 8 0 1 -483 0 -122 0 21 0 -19 20 10 139 0 2 0 405

