Q_obj 
55 32 9 43 37 -26 42 -246 122 197 -1 -12 -170 183 -8 69 -302 5 -291 -21 44 8 50 -10 202
32 -607 72 12 -38 36 7 -8 40 -37 53 5 11 147 -3 8 -76 -22 -13 -3 -171 -12 1 -12 -69
9 72 -501 3 -143 -38 -5 0 1 35 -2 15 1 -26 -14 7 27 -121 6 -177 41 -8 -75 -10 27
43 12 3 -111 54 63 -36 17 142 -20 0 -73 69 -70 374 18 42 -47 0 -43 -55 79 -24 23 -29
37 -38 -143 54 2 -124 72 -17 -26 55 2 28 -2 94 -50 -281 106 6 -11 -56 84 -156 -89 186 21
-26 36 -38 63 -124 -100 119 -59 43 -154 -1 291 -88 78 10 -39 90 -26 53 85 88 -166 97 192 -22
42 7 -5 -36 72 119 -171 -17 -13 -20 0 89 19 29 2 3 -75 9 -33 -81 -18 128 -2 -134 64
-246 -8 0 17 -17 -59 -17 247 80 -56 1 76 39 -78 -55 36 135 5 -629 17 -15 -6 -14 -21 -86
122 40 1 142 -26 43 -13 80 -89 41 -1 -66 -129 55 -307 -23 -74 28 55 45 25 -55 26 -123 75
197 -37 35 -20 55 -154 -20 -56 41 -214 2 3 35 -112 32 8 18 -25 -53 -28 121 -9 103 -19 345
-1 53 -2 0 2 -1 0 1 -1 2 999 0 0 -4 1 0 3 1 1 1 6 1 0 1 3
-12 5 15 -73 28 291 89 76 -66 3 0 191 55 -143 61 305 -73 -17 11 17 -68 -74 10 61 75
-170 11 1 69 -2 -88 19 39 -129 35 0 55 -373 130 -61 17 -129 12 45 0 28 -23 29 -3 98
183 147 -26 -70 94 78 29 -78 55 -112 -4 -143 130 124 64 -58 49 -28 -106 -63 174 -87 -32 43 155
-8 -3 -14 374 -50 10 2 -55 -307 32 1 61 -61 64 -178 78 -34 -68 -58 53 22 -130 24 -67 42
69 8 7 18 -281 -39 3 36 -23 8 0 305 17 -58 78 60 -34 -9 7 287 -51 -205 5 516 -16
-302 -76 27 42 106 90 -75 135 -74 18 3 -73 -129 49 -34 -34 213 6 107 -112 95 -169 -278 -94 50
5 -22 -121 -47 6 -26 9 5 28 -25 1 -17 12 -28 -68 -9 6 -691 3 -7 -79 15 -42 15 77
-291 -13 6 0 -11 53 -33 -629 55 -53 1 11 45 -106 -58 7 107 3 139 22 -25 -23 -35 -11 -47
-21 -3 -177 -43 -56 85 -81 17 45 -28 1 17 0 -63 53 287 -112 -7 22 -28 -32 146 -13 -196 -77
44 -171 41 -55 84 88 -18 -15 25 121 6 -68 28 174 22 -51 95 -79 -25 -32 -45 -30 195 43 -10
8 -12 -8 79 -156 -166 128 -6 -55 -9 1 -74 -23 -87 -130 -205 -169 15 -23 146 -30 441 15 -55 -115
50 1 -75 -24 -89 97 -2 -14 26 103 0 10 29 -32 24 5 -278 -42 -35 -13 195 15 -455 33 -180
-10 -12 -10 23 186 192 -134 -21 -123 -19 1 61 -3 43 -67 516 -94 15 -11 -196 43 -55 33 -3 85
202 -69 27 -29 21 -22 64 -86 75 345 3 75 98 155 42 -16 50 77 -47 -77 -10 -115 -180 85 -67

