Q_obj 
-694 9 -14 -46 44 -268 -214 52 148 -2 28 -269 -11 -22 10 -36 -51 0 60 -6
9 -381 -30 1 -4 -34 -10 -5 20 46 -30 60 1 -55 -73 -452 -250 0 -49 69
-14 -30 397 126 -157 13 36 253 23 -252 38 -27 4 -58 -27 -81 139 4 34 235
-46 1 126 -353 -272 -14 -24 -237 -46 -2 63 -31 -47 -39 -6 89 -93 17 -367 56
44 -4 -157 -272 -447 33 113 245 -16 -36 121 -87 -225 -100 -10 -52 97 1 -79 -111
-268 -34 13 -14 33 485 -47 -27 -321 10 -111 -69 -52 29 -9 48 90 8 19 6
-214 -10 36 -24 113 -47 86 127 28 -89 -1 -63 -19 19 -21 10 7 0 -166 -80
52 -5 253 -237 245 -27 127 -312 17 -43 -106 -98 -186 82 1 25 -64 1 -6 66
148 20 23 -46 -16 -321 28 17 42 -6 108 40 84 -46 1 16 -128 6 -12 10
-2 46 -252 -2 -36 10 -89 -43 -6 -113 20 57 4 23 41 121 63 0 73 576
28 -30 38 63 121 -111 -1 -106 108 20 335 49 -105 110 -360 -155 -150 6 -36 53
-269 60 -27 -31 -87 -69 -63 -98 40 57 49 59 -24 32 42 -47 -28 0 125 64
-11 1 4 -47 -225 -52 -19 -186 84 4 -105 -24 -366 75 12 -77 199 -20 -280 2
-22 -55 -58 -39 -100 29 19 82 -46 23 110 32 75 415 -448 -198 -5 -3 3 6
10 -73 -27 -6 -10 -9 -21 1 1 41 -360 42 12 -448 -26 -425 -256 0 -49 64
-36 -452 -81 89 -52 48 10 25 16 121 -155 -47 -77 -198 -425 277 345 6 56 -30
-51 -250 139 -93 97 90 7 -64 -128 63 -150 -28 199 -5 -256 345 -155 -9 64 53
0 0 4 17 1 8 0 1 6 0 6 0 -20 -3 0 6 -9 -993 0 2
60 -49 34 -367 -79 19 -166 -6 -12 73 -36 125 -280 3 -49 56 64 0 -118 77
-6 69 235 56 -111 6 -80 66 10 576 53 64 2 6 64 -30 53 2 77 -27

