Q_obj 
134 278 -45 30 -160 -140 -8 79 -52 188 212 -286 171 -95
278 -233 -152 543 -7 -78 -22 426 -42 -100 -179 157 138 82
-45 -152 -518 -81 -1 4 -18 -47 29 17 107 -179 -90 -210
30 543 -81 93 -314 65 -79 -50 3 -10 -83 -91 -9 306
-160 -7 -1 -314 -243 -31 -135 -106 4 59 -140 287 -10 -191
-140 -78 4 65 -31 834 -2 -87 33 52 -102 -120 -116 135
-8 -22 -18 -79 -135 -2 708 113 -6 4 -30 -7 22 64
79 426 -47 -50 -106 -87 113 -383 -36 -28 -147 200 118 -36
-52 -42 29 3 4 33 -6 -36 876 20 -8 -50 369 34
188 -100 17 -10 59 52 4 -28 20 583 -76 105 -61 35
212 -179 107 -83 -140 -102 -30 -147 -8 -76 211 -196 28 -164
-286 157 -179 -91 287 -120 -7 200 -50 105 -196 238 165 -75
171 138 -90 -9 -10 -116 22 118 369 -61 28 165 -187 -108
-95 82 -210 306 -191 135 64 -36 34 35 -164 -75 -108 -172

