Q_obj 
274 -195 82 -312 161 -54 -28 -7 -28 -23 7 110 -42 47 45 0 -42 -95 13 -18 51 99
-195 25 -149 102 -195 -351 92 -1 -18 -75 2 361 -4 0 382 -18 260 13 122 -62 168 291
82 -149 413 472 84 -54 45 13 29 -18 -10 90 55 9 30 -10 48 63 51 -15 69 61
-312 102 472 -152 -312 15 -49 0 16 6 0 -28 105 0 -74 19 -92 71 -11 5 -90 -22
161 -195 84 -312 275 -87 52 -7 -28 -23 7 111 -42 -54 79 0 -42 -95 25 -18 8 12
-54 -351 -54 15 -87 -53 -19 16 -86 24 -8 -112 -85 -12 -258 33 20 5 65 20 -109 -205
-28 92 45 -49 52 -19 -127 -159 66 -9 36 46 -32 -4 -52 194 20 0 -39 -7 -294 52
-7 -1 13 0 -7 16 -159 103 77 0 303 3 -104 -159 9 3 7 0 16 0 79 0
-28 -18 29 16 -28 -86 66 77 -492 1 -72 -3 -402 37 -51 -12 5 1 -64 1 35 6
-23 -75 -18 6 -23 24 -9 0 1 435 2 24 2 1 -28 7 8 2 -13 -449 -19 -22
7 2 -10 0 7 -8 36 303 -72 2 1 -7 97 21 -3 130 -5 0 -12 2 17 0
110 361 90 -28 111 -112 46 3 -3 24 -7 -38 -7 -3 137 -31 -36 -6 64 20 92 106
-42 -4 55 105 -42 -85 -32 -104 -402 2 97 -7 -283 -51 -58 -4 18 21 -81 2 61 1
47 0 9 0 -54 -12 -4 -159 37 1 21 -3 -51 29 34 110 4 0 18 1 21 -66
45 382 30 -74 79 -258 -52 9 -51 -28 -3 137 -58 34 -193 43 47 -9 284 -23 -66 197
0 -18 -10 19 0 33 194 3 -12 7 130 -31 -4 110 43 184 -6 0 14 6 97 6
-42 260 48 -92 -42 20 20 7 5 8 -5 -36 18 4 47 -6 -693 3 36 7 28 17
-95 13 63 71 -95 5 0 0 1 2 0 -6 21 0 -9 0 3 -427 -1 2 -1 -3
13 122 51 -11 25 65 -39 16 -64 -13 -12 64 -81 18 284 14 36 -1 -499 -11 -76 68
-18 -62 -15 5 -18 20 -7 0 1 -449 2 20 2 1 -23 6 7 2 -11 609 -15 -18
51 168 69 -90 8 -109 -294 79 35 -19 17 92 61 21 -66 97 28 -1 -76 -15 -538 -30
99 291 61 -22 12 -205 52 0 6 -22 0 106 1 -66 197 6 17 -3 68 -18 -30 -193

