Q_obj 
72 -15 -54 63 0 -23 -3 6 -20 23 -6 -20 -192 -358 -266
-15 971 163 12 -1 -48 5 -42 -47 48 0 25 48 -28 -46
-54 163 -186 -190 -69 245 124 -90 228 -152 -8 96 -273 143 -162
63 12 -190 -262 23 145 -69 -39 12 331 37 -17 -208 -27 -1
0 -1 -69 23 -166 250 98 67 -47 318 22 -57 -20 17 0
-23 -48 245 145 250 -40 -61 -108 219 429 0 96 255 -138 -70
-3 5 124 -69 98 -61 -491 66 -23 -161 10 -64 -15 -1 -10
6 -42 -90 -39 67 -108 66 -759 -70 -98 13 -28 86 -61 17
-20 -47 228 12 -47 219 -23 -70 -484 63 -8 78 223 -139 -60
23 48 -152 331 318 429 -161 -98 63 -73 -28 -37 -162 158 68
-6 0 -8 37 22 0 10 13 -8 -28 -646 58 3 5 -19
-20 25 96 -17 -57 96 -64 -28 78 -37 58 -491 9 -8 -60
-192 48 -273 -208 -20 255 -15 86 223 -162 3 9 212 282 150
-358 -28 143 -27 17 -138 -1 -61 -139 158 5 -8 282 525 72
-266 -46 -162 -1 0 -70 -10 17 -60 68 -19 -60 150 72 -625

