Q_obj 
-919 29 91 -12 9 16 43 49 157 11 -9 -120 -28 -57
29 58 -311 4 93 58 -94 333 125 19 325 20 137 -44
91 -311 10 0 -36 -40 -334 -351 200 79 108 -121 209 40
-12 4 0 -458 21 0 -129 20 -28 -49 -1 18 -74 -266
9 93 -36 21 361 -1 244 -206 -144 -170 -31 -177 123 -50
16 58 -40 0 -1 -95 49 -104 17 -24 -19 -37 -2 -14
43 -94 -334 -129 244 49 566 -149 84 -95 33 -68 -43 143
49 333 -351 20 -206 -104 -149 -102 190 21 -114 7 147 58
157 125 200 -28 -144 17 84 190 -222 52 -42 219 -80 -176
11 19 79 -49 -170 -24 -95 21 52 -427 -6 14 87 240
-9 325 108 -1 -31 -19 33 -114 -42 -6 889 -6 -46 16
-120 20 -121 18 -177 -37 -68 7 219 14 -6 -331 23 30
-28 137 209 -74 123 -2 -43 147 -80 87 -46 23 -169 -61
-57 -44 40 -266 -50 -14 143 58 -176 240 16 30 -61 -388

