Q_obj 
-574 36 59 -178 -118 113 -48 76 -293 74 372 -74 20 160
36 -712 -11 -250 -126 119 -62 97 0 591 -129 11 -3 -55
59 -11 124 -68 -17 24 25 35 201 -23 17 5 -56 -66
-178 -250 -68 -345 66 8 152 237 -37 -514 -304 -228 -22 -131
-118 -126 -17 66 -311 70 117 12 -15 -259 27 -159 -5 12
113 119 24 8 70 -264 -135 224 10 243 -33 -172 8 -14
-48 -62 25 152 117 -135 -664 -34 -292 -127 -184 105 9 -79
76 97 35 237 12 224 -34 -88 18 197 285 -509 12 123
-293 0 201 -37 -15 10 -292 18 -368 -1 45 9 68 20
74 591 -23 -514 -259 243 -127 197 -1 210 -265 21 -7 -114
372 -129 17 -304 27 -33 -184 285 45 -265 557 122 -83 141
-74 11 5 -228 -159 -172 105 -509 9 21 122 349 2 53
20 -3 -56 -22 -5 8 9 12 68 -7 -83 2 273 184
160 -55 -66 -131 12 -14 -79 123 20 -114 141 53 184 292

