Q_obj 
-464 0 0 0 -45 -28 1 1 -19 -73 -116 -283 1 0 0 0 1 -83 2 1 -14 -106 1 0 -61 1 -228 -242 0 0
0 -248 30 -25 -67 -31 -1 -66 14 -78 -13 254 -35 -57 0 35 0 4 -10 -17 0 9 -31 -46 0 140 0 -255 -1 -29
0 30 -551 -100 24 2 38 -168 -3 1 22 -9 15 -81 0 17 4 -10 -50 -9 0 -14 41 95 0 -81 0 7 1 125
0 -25 -100 -129 25 -1 -27 125 20 -3 28 14 -30 -62 -33 30 -1 -19 -74 36 0 -18 100 -13 0 50 0 -18 -4 -102
-45 -67 24 25 -336 12 -7 76 8 65 -30 -88 1 -290 0 201 12 -1 17 6 -5 -45 -280 4 0 -60 73 148 -1 -23
-28 -31 2 -1 12 -643 0 20 24 11 75 -115 0 0 0 1 0 75 -2 0 43 59 1 -2 147 -37 -56 33 0 -1
1 -1 38 -27 -7 0 -19 -12 -13 0 17 0 -5 104 -8 8 0 -3 -161 11 0 -11 -117 0 -1 -6 0 2 1 31
1 -66 -168 125 76 20 -12 38 -23 49 -31 -156 30 -107 38 -33 1 23 -139 -41 1 22 101 9 0 19 0 152 1 -126
-19 14 -3 20 8 24 -13 -23 -458 -22 238 -30 87 -25 0 -25 47 -40 29 -199 -10 -140 4 -10 52 -53 0 43 2 -8
-73 -78 1 -3 65 11 0 49 -22 -646 -98 -79 38 73 0 179 -210 31 -1 -74 -8 -40 62 -1 0 -92 120 281 23 -3
-116 -13 22 28 -30 75 17 -31 238 -98 -265 -162 105 -17 0 -36 63 -2 -24 -270 39 -149 -7 -32 92 4 -154 -169 2 -39
-283 254 -9 14 -88 -115 0 -156 -30 -79 -162 260 14 5 0 0 1 9 10 7 -26 -283 -4 18 19 298 446 -254 1 12
1 -35 15 -30 1 0 -5 30 87 38 105 14 -641 36 6 104 -59 -75 -8 -15 -18 -69 43 -27 4 6 0 -26 -1 19
0 -57 -81 -62 -290 0 104 -107 -25 73 -17 5 36 -533 -1 26 -103 14 -104 -75 1 13 14 -40 2 -59 0 28 -2 66
0 0 0 -33 0 0 -8 38 0 0 0 0 6 -1 604 -4 1 0 0 -10 0 0 -1 0 0 20 0 0 0 39
0 35 17 30 201 1 8 -33 -25 179 -36 0 104 26 -4 -469 -252 26 14 -195 0 26 -5 4 0 -17 0 -91 -5 -33
1 0 4 -1 12 0 0 1 47 -210 63 1 -59 -103 1 -252 -393 -44 -2 103 0 -42 -84 -6 1 1 0 62 7 0
-83 4 -10 -19 -1 75 -3 23 -40 31 -2 9 -75 14 0 26 -44 -105 10 191 45 80 5 20 196 12 0 -7 0 23
2 -10 -50 -74 17 -2 -161 -139 29 -1 -24 10 -8 -104 0 14 -2 10 -380 7 3 16 91 -42 -3 -70 0 -13 0 76
1 -17 -9 36 6 0 11 -41 -199 -74 -270 7 -15 -75 -10 -195 103 191 7 -559 -9 184 -71 19 2 -29 0 15 3 -48
-14 0 0 0 -5 43 0 1 -10 -8 39 -26 -18 1 0 0 0 45 3 -9 -761 2 0 0 115 -1 -25 -27 0 0
-106 9 -14 -18 -45 59 -11 22 -140 -40 -149 -283 -69 13 0 26 -42 80 16 184 2 -443 5 22 -13 -1 -228 -238 0 27
1 -31 41 100 -280 1 -117 101 4 62 -7 -4 43 14 -1 -5 -84 5 91 -71 0 5 -465 52 -1 57 0 40 -1 -105
0 -46 95 -13 4 -2 0 9 -10 -1 -32 18 -27 -40 0 4 -6 20 -42 19 0 22 52 -564 0 -9 0 -20 0 -6
-61 0 0 0 0 147 -1 0 52 0 92 19 4 2 0 0 1 196 -3 2 115 -13 -1 0 -257 1 0 0 0 0
1 140 -81 50 -60 -37 -6 19 -53 -92 4 298 6 -59 20 -17 1 12 -70 -29 -1 -1 57 -9 1 12 0 -303 0 -81
-228 0 0 0 73 -56 0 0 0 120 -154 446 0 0 0 0 0 0 0 0 -25 -228 0 0 0 0 -82 393 0 0
-242 -255 7 -18 148 33 2 152 43 281 -169 -254 -26 28 0 -91 62 -7 -13 15 -27 -238 40 -20 0 -303 393 195 -7 -8
0 -1 1 -4 -1 0 1 1 2 23 2 1 -1 -2 0 -5 7 0 0 3 0 0 -1 0 0 0 0 -7 10 -4
0 -29 125 -102 -23 -1 31 -126 -8 -3 -39 12 19 66 39 -33 0 23 76 -48 0 27 -105 -6 0 -81 0 -8 -4 -105

