Q_obj 
-550 15 3 -53 65 568 88 40 107 -68 -128 -173
15 -556 1 0 77 -20 98 81 -113 -12 -33 73
3 1 -571 -45 2 5 0 1 1 0 5 0
-53 0 -45 272 -31 -79 1 -15 0 9 -83 0
65 77 2 -31 -293 258 -172 -113 -391 -107 -102 -297
568 -20 5 -79 258 -6 11 165 59 -59 -338 81
88 98 0 1 -172 11 -374 330 308 50 -58 -101
40 81 1 -15 -113 165 330 -366 347 -81 -47 204
107 -113 1 0 -391 59 308 347 -37 96 -28 -286
-68 -12 0 9 -107 -59 50 -81 96 -792 60 -14
-128 -33 5 -83 -102 -338 -58 -47 -28 60 616 107
-173 73 0 0 -297 81 -101 204 -286 -14 107 537

