Q_obj 
-987 0 0 0 0 0 0 0 0 0 0 0 0 0 0 0 0 0 0 0 0 0 -10 0 0 0 0 0 0 0 0 0 0 0 0
0 373 14 41 -30 93 3 119 3 -4 -18 -37 -127 91 -1 -61 -9 31 0 -65 0 -3 0 9 0 -57 17 6 75 12 226 241 2 24 -20
0 14 -281 88 28 -60 -103 9 -17 -14 41 -47 3 -69 11 -17 14 -83 5 6 0 30 0 -51 0 12 -12 3 -49 82 -7 -362 14 -18 -71
0 41 88 447 -5 -48 14 -55 -1 -12 -74 -66 60 -16 2 29 8 72 1 12 0 2 0 -47 0 -3 8 -2 -33 3 -105 511 1 -4 -103
0 -30 28 -5 209 32 -4 0 -1 -1 -12 226 -39 56 -3 -5 1 -301 1 -9 0 1 0 1 0 -28 2 1 185 -23 51 14 -3 15 -268
0 93 -60 -48 32 493 -8 -46 5 0 -4 -111 51 231 -89 44 -312 -11 0 7 0 -3 0 -3 0 -126 -5 110 149 32 -92 -6 6 61 97
0 3 -103 14 -4 -8 466 0 0 -1 6 -7 0 -8 2 0 2 -13 1 -2 0 1 0 -5 0 6 2 0 -2 12 1 -51 2 -2 -11
0 119 9 -55 0 -46 0 261 -28 1 9 -41 3 -2 -1 -32 17 -45 8 38 0 53 0 -16 0 0 -27 4 -24 0 99 2 0 0 0
0 3 -17 -1 -1 5 0 -28 -419 0 0 63 0 -35 -1 -4 -9 73 72 -7 0 500 0 4 0 -6 45 0 48 -10 0 1 -1 -9 -5
0 -4 -14 -12 -1 0 -1 1 0 -58 10 0 -9 2 2 33 0 4 1 48 0 1 0 10 0 2 -4 -2 -1 0 -1 13 0 1 -5
0 -18 41 -74 -12 -4 6 9 0 10 90 5 -120 2 17 434 -13 21 2 475 0 9 0 -218 0 -5 9 -34 13 -8 -20 -26 -1 1 4
0 -37 -47 -66 226 -111 -7 -41 63 0 5 332 22 -147 23 83 6 25 -16 -108 0 -117 0 43 0 -160 125 -10 135 125 -6 91 20 -38 94
0 -127 3 60 -39 51 0 3 0 -9 -120 22 103 7 6 150 -20 -17 1 181 0 3 0 -76 0 -3 4 -10 19 0 223 -15 0 2 -12
0 91 -69 -16 56 231 -8 -2 -35 2 2 -147 7 -228 15 -11 -12 19 5 13 0 32 0 0 0 -176 2 -69 211 -310 -5 -8 -49 135 -69
0 -1 11 2 -3 -89 2 -1 -1 2 17 23 6 15 -458 -69 -277 8 0 63 0 0 0 -27 0 23 4 -415 -25 160 6 1 26 4 -19
0 -61 -17 29 -5 44 0 -32 -4 33 434 83 150 -11 -69 53 47 89 -3 193 0 -27 0 -95 0 0 55 141 50 7 105 56 2 -3 -19
0 -9 14 8 1 -312 2 17 -9 0 -13 6 -20 -12 -277 47 -476 5 2 -57 0 11 0 27 0 12 0 331 -15 20 26 -9 4 -3 -55
0 31 -83 72 -301 -11 -13 -45 73 4 21 25 -17 19 8 89 5 385 -18 -116 0 -132 0 63 0 -20 131 -11 49 16 44 -119 3 5 -83
0 0 5 1 1 0 1 8 72 1 2 -16 1 5 0 -3 2 -18 -466 7 14 23 0 -2 0 1 -11 1 -11 2 1 1 2 2 1
0 -65 6 12 -9 7 -2 38 -7 48 475 -108 181 13 63 193 -57 -116 7 -318 0 47 0 139 0 1 -79 -127 -65 -5 97 74 0 4 -31
0 0 0 0 0 0 0 0 0 0 0 0 0 0 0 0 0 0 14 0 -359 -1 0 0 0 0 0 0 0 -2 0 0 17 0 0
0 -3 30 2 1 -3 1 53 500 1 9 -117 3 32 0 -27 11 -132 23 47 -1 -314 0 -20 0 6 -81 4 -79 10 3 1 2 9 6
-10 0 0 0 0 0 0 0 0 0 0 0 0 0 0 0 0 0 0 0 0 0 -991 0 0 0 0 0 0 0 0 0 0 0 0
0 9 -51 -47 1 -3 -5 -16 4 10 -218 43 -76 0 -27 -95 27 63 -2 139 0 -20 0 -32 0 3 16 57 21 5 -42 4 1 0 -10
0 0 0 0 0 0 0 0 0 0 0 0 0 0 0 0 0 0 0 0 0 0 0 0 665 0 0 0 0 0 0 0 0 0 0
0 -57 12 -3 -28 -126 6 0 -6 2 -5 -160 -3 -176 23 0 12 -20 1 1 0 6 0 3 0 322 0 0 315 163 4 60 27 -46 54
0 17 -12 8 2 -5 2 -27 45 -4 9 125 4 2 4 55 0 131 -11 -79 0 -81 0 16 0 0 60 -7 76 0 10 -9 0 1 8
0 6 3 -2 1 110 0 4 0 -2 -34 -10 -10 -69 -415 141 331 -11 1 -127 0 4 0 57 0 0 -7 259 -6 42 -10 -1 7 -18 2
0 75 -49 -33 185 149 -2 -24 48 -1 13 135 19 211 -25 50 -15 49 -11 -65 0 -79 0 21 0 315 76 -6 110 -201 -10 -47 -32 56 -35
0 12 82 3 -23 32 12 0 -10 0 -8 125 0 -310 160 7 20 16 2 -5 -2 10 0 5 0 163 0 42 -201 555 0 4 182 -81 -135
0 226 -7 -105 51 -92 1 99 0 -1 -20 -6 223 -5 6 105 26 44 1 97 0 3 0 -42 0 4 10 -10 -10 0 104 -2 0 -1 23
0 241 -362 511 14 -6 -51 2 1 13 -26 91 -15 -8 1 56 -9 -119 1 74 0 1 0 4 0 60 -9 -1 -47 4 -2 329 1 -2 87
0 2 14 1 -3 6 2 0 -1 0 -1 20 0 -49 26 2 4 3 2 0 17 2 0 1 0 27 0 7 -32 182 0 1 -544 -13 -21
0 24 -18 -4 15 61 -2 0 -9 1 1 -38 2 135 4 -3 -3 5 2 4 0 9 0 0 0 -46 1 -18 56 -81 -1 -2 -13 -703 -18
0 -20 -71 -103 -268 97 -11 0 -5 -5 4 94 -12 -69 -19 -19 -55 -83 1 -31 0 6 0 -10 0 54 8 2 -35 -135 23 87 -21 -18 480

