Q_obj 
-498 0 -1 -6 -71 20 -21 -10 -110 0 0 -12 0 11 23 0 10 15 17 0 -13 0 0 0 0 0 0 -20 12 0 -34 0 -22 0 12 0 0 0 0 -3
0 636 0 0 1 1 2 0 -1 190 6 -2 1 -1 4 9 0 1 0 354 1 -56 15 5 0 -38 0 7 0 0 1 15 2 0 0 -381 -1 1 0 0
-1 0 -227 1 11 47 -13 3 4 0 0 -8 0 1 -10 0 3 -51 5 0 5 0 0 0 0 0 -1 1 50 -19 4 0 13 0 -4 0 0 0 0 1
-6 0 1 65 81 -17 1 213 19 0 0 3 0 -191 -19 0 -8 -12 -14 0 -5 0 0 0 0 0 0 13 -10 0 -187 0 1 0 -9 0 0 0 0 4
-71 1 11 81 582 -189 72 -48 302 0 4 61 0 -17 -216 -4 -96 -143 -158 0 3 1 1 10 3 -2 -1 161 -115 0 39 0 74 -1 -104 0 -9 4 1 35
20 1 47 -17 -189 -61 61 -47 -55 0 5 -2 4 -9 -98 1 -59 0 -485 0 -23 0 0 1 0 0 3 69 -48 37 -74 -6 -63 0 -50 0 0 0 0 17
-21 2 -13 1 72 61 121 78 -299 0 55 -101 2 111 30 -20 0 -85 2 0 -104 5 1 48 11 -11 -19 21 -1 -29 -23 -63 386 -5 8 0 -46 18 2 1
-10 0 3 213 -48 -47 78 264 167 0 9 -74 1 16 -42 -216 -23 -35 -38 0 -63 -30 0 -16 116 -1 2 27 -22 0 211 -24 81 8 -41 0 17 9 -2 9
-110 -1 4 19 302 -55 -299 167 -601 0 -14 -174 0 180 -57 19 -27 -41 -45 0 -292 -4 0 -42 -10 11 0 -60 -32 0 40 0 -309 6 -38 0 41 -16 -1 11
0 190 0 0 0 0 0 0 0 85 0 0 0 0 0 5 0 0 0 56 0 -30 0 -2 0 -21 0 0 0 0 0 0 0 0 0 64 3 0 0 0
0 6 0 0 4 5 55 9 -14 0 -444 -94 1 15 75 5 0 4 -7 6 -27 0 143 271 -2 0 0 117 0 0 -5 55 56 0 0 0 -228 6 -6 0
-12 -2 -8 3 61 -2 -101 -74 -174 0 -94 89 -1 -134 -47 -196 1 -1 8 19 242 -42 -146 66 105 22 27 78 87 0 50 -13 -104 43 5 0 -96 36 4 1
0 1 0 0 0 4 2 1 0 0 1 -1 1000 2 1 1 0 -4 0 0 -2 0 0 1 0 0 0 0 0 0 0 0 3 0 0 0 0 0 0 0
11 -1 1 -191 -17 -9 111 16 180 0 15 -134 2 144 31 -419 -4 -6 -4 0 -166 -60 0 -38 224 -1 0 -6 -4 0 10 -47 114 16 -25 0 37 15 -4 2
23 4 -10 -19 -216 -98 30 -42 -57 0 75 -47 1 31 -417 -1 -52 -74 -93 -18 -88 -83 141 -44 1 121 8 146 108 0 -116 53 32 156 -77 0 76 52 -18 -12
0 9 0 0 -4 1 -20 -216 19 5 5 -196 1 -419 -1 -306 0 1 0 9 -316 -59 1 13 79 -41 0 -121 0 0 183 1 -21 0 0 -8 -12 110 0 0
10 0 3 -8 -96 -59 0 -23 -27 0 0 1 0 -4 -52 0 -231 -44 -49 0 -12 0 0 0 0 0 0 31 -26 0 -37 0 0 0 -25 0 0 0 0 9
15 1 -51 -12 -143 0 -85 -35 -41 0 4 -1 -4 -6 -74 1 -44 -61 -366 0 -17 0 0 1 0 0 -2 52 -44 -48 -56 -5 80 0 -38 0 0 0 0 13
17 0 5 -14 -158 -485 2 -38 -45 0 -7 8 0 -4 -93 0 -49 -366 448 0 -23 1 0 0 0 1 0 37 -43 0 -63 13 2 0 -42 0 1 0 0 14
0 354 0 0 0 0 0 0 0 56 6 19 0 0 -18 9 0 0 0 -501 0 -57 -51 -16 0 -39 0 -31 0 0 0 -51 0 0 0 -111 5 0 3 0
-13 1 5 -5 3 -23 -104 -63 -292 0 -27 242 -2 -166 -88 -316 -12 -17 -23 0 237 -35 0 31 169 -16 -21 75 -50 0 95 65 -108 4 -28 0 -29 33 0 -2
0 -56 0 0 1 0 5 -30 -4 -30 0 -42 0 -60 -83 -59 0 0 1 -57 -35 249 -1 1 8 61 0 22 0 0 27 -2 5 -155 211 62 0 -107 27 0
0 15 0 0 1 0 1 0 0 0 143 -146 0 0 141 1 0 0 0 -51 0 -1 29 -70 0 -3 0 242 0 0 1 512 1 -1 2 0 -87 -1 0 0
0 5 0 0 10 1 48 -16 -42 -2 271 66 1 -38 -44 13 0 1 0 -16 31 1 -70 461 -6 1 0 -64 0 0 21 61 50 0 0 6 -318 16 4 0
0 0 0 0 3 0 11 116 -10 0 -2 105 0 224 1 79 0 0 0 0 169 8 0 -6 -207 6 0 65 0 0 -97 0 12 0 0 0 7 -58 0 0
0 -38 0 0 -2 0 -11 -1 11 -21 0 22 0 -1 121 -41 0 0 1 -39 -16 61 -3 1 6 203 0 -58 0 0 0 -1 -11 226 -304 43 0 179 -37 0
0 0 -1 0 -1 3 -19 2 0 0 0 27 0 0 8 0 0 -2 0 0 -21 0 0 0 0 0 874 12 7 0 2 0 20 0 4 0 0 0 0 0
-20 7 1 13 161 69 21 27 -60 0 117 78 0 -6 146 -121 31 52 37 -31 75 22 242 -64 65 -58 12 -204 -10 0 57 114 22 -65 48 0 118 -12 -7 8
12 0 50 -10 -115 -48 -1 -22 -32 0 0 87 0 -4 108 0 -26 -44 -43 0 -50 0 0 0 0 0 7 -10 -753 -1 -38 0 1 0 54 0 0 0 0 -6
0 0 -19 0 0 37 -29 0 0 0 0 0 0 0 0 0 0 -48 0 0 0 0 0 0 0 0 0 0 -1 -160 0 0 29 0 0 0 0 0 0 0
-34 1 4 -187 39 -74 -23 211 40 0 -5 50 0 10 -116 183 -37 -56 -63 0 95 27 1 21 -97 0 2 57 -38 0 462 21 -23 -7 -38 0 -19 -4 3 14
0 15 0 0 0 -6 -63 -24 0 0 55 -13 0 -47 53 1 0 -5 13 -51 65 -2 512 61 0 -1 0 114 0 0 21 52 -65 0 0 0 59 0 -24 0
-22 2 13 1 74 -63 386 81 -309 0 56 -104 3 114 32 -21 0 80 2 0 -108 5 1 50 12 -11 20 22 1 29 -23 -65 146 -5 8 0 -47 19 2 1
0 0 0 0 -1 0 -5 8 6 0 0 43 0 16 156 0 0 0 0 0 4 -155 -1 0 0 226 0 -65 0 0 -7 0 -5 -640 -392 0 0 99 -21 0
12 0 -4 -9 -104 -50 8 -41 -38 0 0 5 0 -25 -77 0 -25 -38 -42 0 -28 211 2 0 0 -304 4 48 54 0 -38 0 8 -392 -335 0 0 -132 30 -6
0 -381 0 0 0 0 0 0 0 64 0 0 0 0 0 -8 0 0 0 -111 0 62 0 6 0 43 0 0 0 0 0 0 0 0 0 -11 -5 0 0 0
0 -1 0 0 -9 0 -46 17 41 3 -228 -96 0 37 76 -12 0 0 1 5 -29 0 -87 -318 7 0 0 118 0 0 -19 59 -47 0 0 -5 435 -14 5 0
0 1 0 0 4 0 18 9 -16 0 6 36 0 15 52 110 0 0 0 0 33 -107 -1 16 -58 179 0 -12 0 0 -4 0 19 99 -132 0 -14 159 -29 0
0 0 0 0 1 0 2 -2 -1 0 -6 4 0 -4 -18 0 0 0 0 3 0 27 0 4 0 -37 0 -7 0 0 3 -24 2 -21 30 0 5 -29 27 0
-3 0 1 4 35 17 1 9 11 0 0 1 0 2 -12 0 9 13 14 0 -2 0 0 0 0 0 0 8 -6 0 14 0 1 0 -6 0 0 0 0 -657

