Q_obj 
460 -107 -26 -57 -44 69 -70 98 14 22 4 18 11 -22 86 7 -1 -41 -351 -5
-107 -110 -67 -58 -55 8 -137 157 255 12 40 34 15 113 212 12 87 -60 -38 -5
-26 -67 101 -28 2 8 41 -19 25 -72 40 265 -16 -3 -10 -6 121 -58 -38 -2
-57 -58 -28 -360 57 -26 31 -14 -22 52 14 24 36 -43 104 24 -5 -144 -92 -21
-44 -55 2 57 -150 -12 -187 236 71 -28 16 -10 30 14 65 17 10 -111 64 6
69 8 8 -26 -12 192 -12 19 5 -15 -1 -4 -2 7 -1 -1 1 12 6 462
-70 -137 41 31 -187 -12 194 678 54 61 -16 -19 14 -73 -43 20 -56 -67 65 3
98 157 -19 -14 236 19 678 -114 12 157 -29 14 7 40 -289 1 -84 -23 -95 -1
14 255 25 -22 71 5 54 12 327 309 183 -13 -5 -103 25 -8 480 45 -24 -2
22 12 -72 52 -28 -15 61 157 309 0 22 31 -13 172 41 -8 71 54 82 5
4 40 40 14 16 -1 -16 -29 183 22 471 -16 -225 -99 34 50 -75 1 6 2
18 34 265 24 -10 -4 -19 14 -13 31 -16 466 -58 87 -16 -33 21 -5 26 3
11 15 -16 36 30 -2 14 7 -5 -13 -225 -58 -21 -15 48 135 87 3 16 4
-22 113 -3 -43 14 7 -73 40 -103 172 -99 87 -15 36 54 -13 -241 31 -32 -4
86 212 -10 104 65 -1 -43 -289 25 41 34 -16 48 54 -170 56 37 -222 7 10
7 12 -6 24 17 -1 20 1 -8 -8 50 -33 135 -13 56 -324 -18 13 10 3
-1 87 121 -5 10 1 -56 -84 480 71 -75 21 87 -241 37 -18 303 0 -2 0
-41 -60 -58 -144 -111 12 -67 -23 45 54 1 -5 3 31 -222 13 0 -66 -60 -13
-351 -38 -38 -92 64 6 65 -95 -24 82 6 26 16 -32 7 10 -2 -60 164 83
-5 -5 -2 -21 6 462 3 -1 -2 5 2 3 4 -4 10 3 0 -13 83 -130

