Q_obj 
190 -46 -69 -263 -75 -109 -222 -79 -23 -140 84 -57 124 -287 -69 -46 117
-46 762 -361 41 -65 -129 32 65 -10 87 -38 -50 -9 -1 72 58 -107
-69 -361 452 62 -99 -196 48 98 -16 132 -58 -76 -14 -2 109 88 -163
-263 41 62 -97 1 -14 176 -9 -37 60 -233 10 -41 -55 116 19 -31
-75 -65 -99 1 173 -70 -46 71 -47 117 132 -59 -474 -380 51 -12 -229
-109 -129 -196 -14 -70 518 87 53 -22 71 -15 -37 -10 -25 64 72 -80
-222 32 48 176 -46 87 -494 -33 108 160 -238 170 -5 51 -51 -122 -14
-79 65 98 -9 71 53 -33 28 1 -119 -95 -325 -10 41 -223 0 3
-23 -10 -16 -37 -47 -22 108 1 547 -32 50 -35 -1 -105 -8 34 -3
-140 87 132 60 117 71 160 -119 -32 -168 -125 262 -4 -154 -135 93 470
84 -38 -58 -233 132 -15 -238 -95 50 -125 248 9 -21 173 -40 -27 -88
-57 -50 -76 10 -59 -37 170 -325 -35 262 9 77 -27 -13 -434 46 -279
124 -9 -14 -41 -474 -10 -5 -10 -1 -4 -21 -27 -102 190 -86 0 202
-287 -1 -2 -55 -380 -25 51 41 -105 -154 173 -13 190 -292 -27 2 28
-69 72 109 116 51 64 -51 -223 -8 -135 -40 -434 -86 -27 -81 -2 -22
-46 58 88 19 -12 72 -122 0 34 93 -27 46 0 2 -2 -137 15
117 -107 -163 -31 -229 -80 -14 3 -3 470 -88 -279 202 28 -22 15 -248

