Q_obj 
-636 -12 109 -54 -34 -22 143 -202 155 -29 128 -95 -197 356 -27
-12 -12 55 52 723 -1 -5 44 0 16 -30 -17 -21 -12 73
109 55 -303 104 20 -21 43 237 -162 42 -152 -185 -318 106 147
-54 52 104 -302 79 -47 -6 -146 104 -17 112 59 60 -63 610
-34 723 20 79 390 -1 -13 42 0 19 -31 44 17 -33 95
-22 -1 -21 -47 -1 -531 -82 -141 -13 180 -225 2 17 49 -28
143 -5 43 -6 -13 -82 -611 66 61 -11 292 -37 -77 0 -10
-202 44 237 -146 42 -141 66 190 -166 35 76 108 -95 -269 7
155 0 -162 104 0 -13 61 -166 -96 0 94 -107 0 152 220
-29 16 42 -17 19 180 -11 35 0 -215 44 21 1 -13 101
128 -30 -152 112 -31 -225 292 76 94 44 267 -69 54 9 -51
-95 -17 -185 59 44 2 -37 108 -107 21 -69 -202 135 -93 19
-197 -21 -318 60 17 17 -77 -95 0 1 54 135 -5 -192 0
356 -12 106 -63 -33 49 0 -269 152 -13 9 -93 -192 -589 -29
-27 73 147 610 95 -28 -10 7 220 101 -51 19 0 -29 -163

