Q_obj 
-701 0 -1 0 -7 -66 61 0 41 -41 -83 0 1 0 -29 0 0 0 0 2 99 -4 13 21 -24 -129 0 -16 0 58 0 -71 -5 9 0
0 722 -22 -17 -21 4 -7 0 0 1 9 32 0 -423 2 205 5 0 0 -2 0 -15 36 -3 -33 -26 0 -75 -3 -9 1 58 0 0 0
-1 -22 -249 -2 -74 13 -28 0 -1 2 32 4 0 -34 6 17 1 0 0 2 0 -51 128 -12 -116 1 0 -32 0 -35 -10 -6 0 0 0
0 -17 -2 -539 144 -21 48 -9 0 0 -57 -459 -1 -27 -9 14 197 0 5 16 0 104 -243 25 225 -4 7 26 48 61 -1 50 2 2 1
-7 -21 -74 144 -233 -10 32 0 -6 8 8 -251 0 -32 -4 16 -36 0 0 24 -2 -39 114 -2 209 18 0 -7 27 -8 -25 26 0 0 0
-66 4 13 -21 -10 263 -116 36 -101 75 -279 39 -28 6 -71 -2 6 0 73 -5 -22 -8 19 121 8 196 1 40 -3 -103 5 120 1 -3 1
61 -7 -28 48 32 -116 -99 0 67 233 -130 -83 -61 -10 -51 6 -12 0 -23 16 21 -25 59 52 -5 -212 0 81 9 -55 -9 10 -9 14 0
0 0 0 -9 0 36 0 -182 43 1 1 0 -82 0 -81 0 -39 0 212 0 0 0 0 1 1 13 276 -2 0 0 0 3 68 50 18
41 0 -1 0 -6 -101 67 43 855 -45 -76 0 -33 0 56 0 0 0 86 2 14 -4 12 30 -25 332 0 -115 0 63 0 12 6 -5 0
-41 1 2 0 8 75 233 1 -45 119 89 1 -96 1 34 0 1 0 -37 15 -13 3 -13 -34 -38 145 0 -55 0 34 0 -1 7 -8 0
-83 9 32 -57 8 -279 -130 1 -76 89 112 102 0 14 -123 -6 15 0 1 -11 29 3 -13 -22 41 245 0 47 -10 -122 11 141 1 0 0
0 32 4 -459 -251 39 -83 0 0 1 102 -42 0 48 17 -23 117 0 0 -27 0 -180 427 -42 -394 8 0 -45 96 -105 3 -87 0 0 0
1 0 0 -1 0 -28 -61 -82 -33 -96 0 0 39 0 64 0 -6 0 -65 -4 1 0 0 0 14 -9 47 2 0 1 0 -1 12 6 4
0 -423 -34 -27 -32 6 -10 0 0 1 14 48 0 76 3 -269 7 0 0 -3 0 -23 55 -5 -50 -39 0 -114 -4 -14 1 88 0 0 0
-29 2 6 -9 -4 -71 -51 -81 56 34 -123 17 64 3 394 -1 3 0 -163 -2 -9 -3 8 54 4 116 0 12 -1 -45 2 59 -1 9 0
0 205 17 14 16 -2 6 0 0 0 -6 -23 0 -269 -1 -350 -3 1 0 2 0 12 -26 3 25 20 0 56 3 7 0 -42 0 0 0
0 5 1 197 -36 6 -12 -39 0 1 15 117 -6 7 3 -3 183 0 17 -4 0 -26 62 -6 -57 2 25 -6 -12 -15 1 -12 7 5 2
0 0 0 0 0 0 0 0 0 0 0 0 0 0 0 1 0 307 0 0 0 0 0 0 0 1 0 2 0 0 0 -1 0 0 0
0 0 0 5 0 73 -23 212 86 -37 1 0 -65 0 -163 0 17 0 181 -1 0 0 0 1 6 25 -118 -4 0 0 0 5 -30 -14 -7
2 -2 2 16 24 -5 16 0 2 15 -11 -27 -4 -3 -2 2 -4 0 -1 -166 1 135 9 5 35 -4 0 17 3 27 10 20 0 1 0
99 0 0 0 -2 -22 21 0 14 -13 29 0 1 0 -9 0 0 0 0 1 -947 -1 4 141 -8 -42 0 -5 0 20 0 -23 -1 3 0
-4 -15 -51 104 -39 -8 -25 0 -4 3 3 -180 0 -23 -3 12 -26 0 0 135 -1 -512 -265 0 -59 12 0 -1 19 1 -15 23 0 0 0
13 36 128 -243 114 19 59 0 12 -13 -13 427 0 55 8 -26 62 0 0 9 4 -265 3 6 175 -29 0 15 -44 18 45 -42 0 0 0
21 -3 -12 25 -2 121 52 1 30 -34 -22 -42 0 -5 54 3 -6 0 1 5 141 0 6 57 -15 -96 0 -18 5 49 -4 -55 1 0 0
-24 -33 -116 225 209 8 -5 1 -25 -38 41 -394 14 -50 4 25 -57 0 6 35 -8 -59 175 -15 -21 74 0 -29 41 -2 -40 41 3 -2 0
-129 -26 1 -4 18 196 -212 13 332 145 245 8 -9 -39 116 20 2 1 25 -4 -42 12 -29 -96 74 -150 0 241 0 -201 1 79 -16 25 0
0 0 0 7 0 1 0 276 0 0 0 0 47 0 0 0 25 0 -118 0 0 0 0 0 0 0 -177 0 0 0 0 0 144 99 50
-16 -75 -32 26 -7 40 81 -2 -115 -55 47 -45 2 -114 12 56 -6 2 -4 17 -5 -1 15 -18 -29 241 0 -30 5 62 136 -252 10 -14 0
0 -3 0 48 27 -3 9 0 0 0 -10 96 0 -4 -1 3 -12 0 0 3 0 19 -44 5 41 0 0 5 868 11 0 10 0 0 0
58 -9 -35 61 -8 -103 -55 0 63 34 -122 -105 1 -14 -45 7 -15 0 0 27 20 1 18 49 -2 -201 0 62 11 -223 224 -3 -8 13 0
0 1 -10 -1 -25 5 -9 0 0 0 11 3 0 1 2 0 1 0 0 10 0 -15 45 -4 -40 1 0 136 0 224 -1 149 0 0 0
-71 58 -6 50 26 120 10 3 12 -1 141 -87 -1 88 59 -42 -12 -1 5 20 -23 23 -42 -55 41 79 0 -252 10 -3 149 63 4 -5 0
-5 0 0 2 0 1 -9 68 6 7 1 0 12 0 -1 0 7 0 -30 0 -1 0 0 1 3 -16 144 10 0 -8 0 4 -526 186 10
9 0 0 2 0 -3 14 50 -5 -8 0 0 6 0 9 0 5 0 -14 1 3 0 0 0 -2 25 99 -14 0 13 0 -5 186 -668 7
0 0 0 1 0 1 0 18 0 0 0 0 4 0 0 0 2 0 -7 0 0 0 0 0 0 0 50 0 0 0 0 0 10 7 -941

