Q_obj 
-32 10 19 0 -7 513 158 73 39 -3 28 -64 3 99 -64 -1 177 -9 83 3 -15 -287 -90 -9 -29 -2 -1 -2 59 4 -10 -24 -9 5 31
10 337 -13 0 9 6 0 -4 1 6 5 34 0 0 7 1 0 -91 -17 -6 8 -2 -3 27 29 2 0 135 3 3 14 9 8 -24 13
19 -13 8 0 -136 10 0 0 0 -90 47 67 0 0 -116 -30 0 -104 -23 -21 -286 -6 0 -36 13 -50 0 -150 0 31 61 88 80 -35 77
0 0 0 -782 0 0 0 0 0 0 0 0 0 0 0 0 0 0 0 0 0 0 0 0 0 0 0 0 0 0 0 0 0 0 0
-7 9 -136 0 148 -4 0 25 0 -258 -18 -27 0 0 49 13 0 -112 -8 -265 120 3 21 45 -11 21 0 -59 27 -11 -14 -34 -31 169 -25
513 6 10 0 -4 -504 90 -97 22 -2 -10 -36 2 -131 -36 0 100 -5 47 2 -8 91 121 -5 -16 -1 0 -1 34 -36 -5 13 -5 3 18
158 0 0 0 0 90 751 0 -26 0 0 -60 0 0 0 0 -125 0 -43 0 0 -50 0 -21 0 0 0 1 0 0 -6 0 0 0 -18
73 -4 0 0 25 -97 0 94 0 38 52 0 1 383 2 14 0 -208 18 163 130 55 305 -35 -9 23 0 -157 -37 78 -9 -55 0 -92 3
39 1 0 0 0 22 -26 0 -146 0 1 -13 5 1 1 0 -30 4 360 0 0 -12 1 176 0 0 -129 -4 1 1 51 0 0 0 154
-3 6 -90 0 -258 -2 0 38 0 354 -11 -14 0 0 26 9 0 -73 3 -131 81 2 31 26 2 15 0 -37 16 -8 -11 -23 -20 90 -30
28 5 47 0 -18 -10 0 52 1 -11 -264 51 0 -138 -88 -4 0 -29 4 7 -38 6 -64 -18 0 -6 0 0 0 274 79 44 10 12 -10
-64 34 67 0 -27 -36 -60 0 -13 -14 51 137 0 0 -237 -5 -67 -37 53 9 -55 21 0 -158 -110 -9 -5 -6 217 -62 -73 -39 -35 17 5
3 0 0 0 0 2 0 1 5 0 0 0 -815 -1 0 0 0 1 8 0 0 0 -1 4 0 0 0 0 0 0 2 1 0 0 4
99 0 0 0 0 -131 0 383 1 0 -138 0 -1 127 0 0 0 1 1 0 0 74 -472 1 0 0 0 0 0 -205 1 146 0 0 1
-64 7 -116 0 49 -36 0 2 1 26 -88 -237 0 0 378 11 0 75 63 -14 98 21 2 -112 -56 18 -3 0 137 109 26 69 63 -28 -26
-1 1 -30 0 13 0 0 14 0 9 -4 -5 0 0 11 405 0 18 4 7 -59 1 12 1 -1 1 0 20 -2 -2 -6 -7 -6 1 -6
177 0 0 0 0 100 -125 0 -30 0 0 -67 0 0 0 0 723 0 -48 0 0 -56 0 -24 0 0 0 1 0 0 -6 0 0 0 -20
-9 -91 -104 0 -112 -5 0 -208 4 -73 -29 -37 1 1 75 18 0 192 3 209 163 3 -168 45 -5 29 1 -537 16 -19 -32 -55 -50 -36 -56
83 -17 -23 0 -8 47 -43 18 360 3 4 53 8 1 63 4 -48 3 415 -39 34 -26 15 116 -129 6 54 5 -134 8 49 15 13 -18 -15
3 -6 -21 0 -265 2 0 163 0 -131 7 9 0 0 -14 7 0 209 -39 172 60 0 132 61 -29 11 0 96 50 5 29 13 12 -51 13
-15 8 -286 0 120 -8 0 130 0 81 -38 -55 0 0 98 -59 0 163 34 60 -147 5 105 5 -15 2 0 185 -28 -25 -57 -72 -65 8 -62
-287 -2 -6 0 3 91 -50 55 -12 2 6 21 0 74 21 1 -56 3 -26 0 5 -393 -67 3 10 1 1 1 -18 21 4 -7 4 -1 -9
-90 -3 0 0 21 121 0 305 1 31 -64 0 -1 -472 2 12 0 -168 15 132 105 -67 -36 -28 -7 19 0 -127 -30 -95 -7 69 0 -75 2
-9 27 -36 0 45 -5 -21 -35 176 26 -18 -158 4 1 -112 1 -24 45 116 61 5 3 -28 203 251 1 31 -5 254 -32 107 -62 -57 17 5
-29 29 13 0 -11 -16 0 -9 0 2 0 -110 0 0 -56 -1 0 -5 -129 -29 -15 10 -7 251 -153 -2 3 20 174 2 67 2 2 -108 -5
-2 2 -50 0 21 -1 0 23 0 15 -6 -9 0 0 18 1 0 29 6 11 2 1 19 1 -2 -163 0 33 -4 -4 -10 -12 -11 2 -10
-1 0 0 0 0 0 0 0 -129 0 0 -5 0 0 -3 0 0 1 54 0 0 1 0 31 3 0 313 0 -5 0 9 0 0 0 24
-2 135 -150 0 -59 -1 1 -157 -4 -37 0 -6 0 0 0 20 1 -537 5 96 185 1 -127 -5 20 33 0 543 12 1 -1 1 1 -130 12
59 3 0 0 27 34 0 -37 1 16 0 217 0 0 137 -2 0 16 -134 50 -28 -18 -30 254 174 -4 -5 12 312 0 67 0 0 -28 0
4 3 31 0 -11 -36 0 78 1 -8 274 -62 0 -205 109 -2 0 -19 8 5 -25 21 -95 -32 2 -4 0 1 0 -26 133 88 35 8 -24
-10 14 61 0 -14 -5 -6 -9 51 -11 79 -73 2 1 26 -6 -6 -32 49 29 -57 4 -7 107 67 -10 9 -1 67 133 -134 262 238 26 -35
-24 9 88 0 -34 13 0 -55 0 -23 44 -39 1 146 69 -7 0 -55 15 13 -72 -7 69 -62 2 -12 0 1 0 88 262 261 58 22 -45
-9 8 80 0 -31 -5 0 0 0 -20 10 -35 0 0 63 -6 0 -50 13 12 -65 4 0 -57 2 -11 0 1 0 35 238 58 285 20 -40
5 -24 -35 0 169 3 0 -92 0 90 12 17 0 0 -28 1 0 -36 -18 -51 8 -1 -75 17 -108 2 0 -130 -28 8 26 22 20 115 15
31 13 77 0 -25 18 -18 3 154 -30 -10 5 4 1 -26 -6 -20 -56 -15 13 -62 -9 2 5 -5 -10 24 12 0 -24 -35 -45 -40 15 517

