Q_obj 
-72 128 -256 -26 -2 -8 -4 -6 -13 183 318 269
128 322 -47 -43 19 -2 37 79 170 -657 93 289
-256 -47 -895 11 -2 -74 -5 3 6 -62 -191 -84
-26 -43 11 116 0 4 -1 -10 -21 144 -22 -63
-2 19 -2 0 -413 82 522 5 9 11 -1 -8
-8 -2 -74 4 82 838 159 1 1 9 -7 -3
-4 37 -5 -1 522 159 337 8 18 21 -3 -16
-6 79 3 -10 5 1 8 443 -605 -132 -4 27
-13 170 6 -21 9 1 18 -605 -593 -286 -9 58
183 -657 -62 144 11 9 21 -132 -286 172 90 227
318 93 -191 -22 -1 -7 -3 -4 -9 90 -540 127
269 289 -84 -63 -8 -3 -16 27 58 227 127 -312

