Q_obj 
214 -250 353 18 81 -1 531 -54 34 -1 -13 68 -57 -73
-250 -398 328 -45 -100 1 -109 -72 -36 5 20 -64 -37 99
353 328 144 -76 -123 4 154 36 -64 -1 16 -72 240 -54
18 -45 -76 302 65 -20 8 28 -53 -30 -69 195 -37 66
81 -100 -123 65 -202 -7 35 12 4 5 13 22 -51 -5
-1 1 4 -20 -7 -219 0 8 41 2 -72 -46 2 -1
531 -109 154 8 35 0 -768 -23 15 0 -5 30 -25 -32
-54 -72 36 28 12 8 -23 117 -71 -25 -35 -34 -15 71
34 -36 -64 -53 4 41 15 -71 -137 -12 -150 90 -28 14
-1 5 -1 -30 5 2 0 -25 -12 -189 -7 23 0 6
-13 20 16 -69 13 -72 -5 -35 -150 -7 23 1 6 9
68 -64 -72 195 22 -46 30 -34 90 23 1 427 -26 -47
-57 -37 240 -37 -51 2 -25 -15 -28 0 6 -26 -357 -198
-73 99 -54 66 -5 -1 -32 71 14 6 9 -47 -198 900

