Q_obj 
542 0 -454 -9 -28 -28 208 0 -15 -63 -17 12 53 -21 -53 57 -26 -1 43 78 -35 50 -57 10 39
0 -253 1 -24 -4 3 1 -47 18 17 -112 37 2 3 17 -92 -116 0 38 4 -3 5 3 -4 -10
-454 1 -842 -12 -11 -10 -61 0 -5 30 55 -3 174 7 16 -20 -35 1 -11 -13 15 -32 20 5 -17
-9 -24 -12 263 -135 -101 -20 0 -120 32 189 -14 -128 -4 -59 18 -78 -31 -115 -38 3 -39 -1 7 -18
-28 -4 -11 -135 145 108 12 0 39 27 116 -5 -165 -4 -41 12 -71 -3 -44 -11 -15 35 -26 3 -15
-28 3 -10 -101 108 193 -23 0 -157 28 125 -18 -157 0 -42 -30 -36 -1 -47 -37 -4 31 -6 1 -16
208 1 -61 -20 12 -23 -104 1 20 -21 -47 26 9 112 -18 124 -47 -284 17 -84 74 -60 68 -10 14
0 -47 0 0 0 0 1 -898 0 0 -36 -163 0 0 0 0 -43 0 -2 0 0 0 0 -20 1
-15 18 -5 -120 39 -157 20 0 422 39 66 9 -81 -1 11 -64 -108 15 18 10 -14 53 -22 -1 -23
-63 17 30 32 27 28 -21 0 39 78 -121 5 84 -1 415 -43 63 -69 95 49 -32 16 -22 -24 187
-17 -112 55 189 116 125 -47 -36 66 -121 -90 -103 405 -1 -8 -22 330 20 -125 94 34 -95 9 -2 73
12 37 -3 -14 -5 -18 26 -163 9 5 -103 -271 -5 0 6 55 -112 -11 22 36 69 9 -17 -47 -2
53 2 174 -128 -165 -157 9 0 -81 84 405 -5 544 0 -1 -31 -354 3 9 81 33 -143 16 60 -50
-21 3 7 -4 -4 0 112 0 -1 -1 -1 0 0 988 0 -17 2 29 -17 10 -6 6 -7 3 1
-53 17 16 -59 -41 -42 -18 0 11 415 -8 6 -1 0 -278 -51 -35 -58 94 21 -27 20 -18 -22 -249
57 -92 -20 18 12 -30 124 0 -64 -43 -22 55 -31 -17 -51 426 -85 -65 -47 42 -16 31 -38 13 26
-26 -116 -35 -78 -71 -36 -47 -43 -108 63 330 -112 -354 2 -35 -85 -34 29 -31 -109 33 46 11 -14 -37
-1 0 1 -31 -3 -1 -284 0 15 -69 20 -11 3 29 -58 -65 29 686 46 -71 33 -45 54 -13 42
43 38 -11 -115 -44 -47 17 -2 18 95 -125 22 9 -17 94 -47 -31 46 496 -35 -48 -20 13 -70 -57
78 4 -13 -38 -11 -37 -84 0 10 49 94 36 81 10 21 42 -109 -71 -35 182 -76 -121 17 -227 -29
-35 -3 15 3 -15 -4 74 0 -14 -32 34 69 33 -6 -27 -16 33 33 -48 -76 377 39 -215 -643 20
50 5 -32 -39 35 31 -60 0 53 16 -95 9 -143 6 20 31 46 -45 -20 -121 39 453 62 -2 -9
-57 3 20 -1 -26 -6 68 0 -22 -22 9 -17 16 -7 -18 -38 11 54 13 17 -215 62 343 99 14
10 -4 5 7 3 1 -10 -20 -1 -24 -2 -47 60 3 -22 13 -14 -13 -70 -227 -643 -2 99 110 15
39 -10 -17 -18 -15 -16 14 1 -23 187 73 -2 -50 1 -249 26 -37 42 -57 -29 20 -9 14 15 276

