Q_obj 
871 13 -76 14 44 35 10 -5 12 19 1 -23 -75 -16 -10 43 -2 -22 -41 42
13 173 -198 74 216 137 -80 19 211 -83 279 112 349 -16 127 236 -3 204 306 -218
-76 -198 -521 -28 359 -114 -38 60 -66 61 -192 -40 -164 11 30 -89 27 287 -394 124
14 74 -28 -412 -43 -42 -12 27 82 -2 2 -19 -15 16 -35 54 -3 77 -21 -53
44 216 359 -43 310 -8 -238 -93 -5 52 -117 -53 376 -262 94 -138 -9 34 -180 22
35 137 -114 -42 -8 -35 290 -38 -137 44 274 -48 111 -49 -46 -137 33 248 237 443
10 -80 -38 -12 -238 290 -406 135 11 -33 -180 -22 -35 154 279 -38 28 -11 4 29
-5 19 60 27 -93 -38 135 -281 4 37 37 -8 -59 -59 358 85 -12 92 -172 -97
12 211 -66 82 -5 -137 11 4 355 -196 -176 40 65 0 75 262 30 -45 76 78
19 -83 61 -2 52 44 -33 37 -196 -40 150 -336 -38 37 -33 -7 92 18 -49 -152
1 279 -192 2 -117 274 -180 37 -176 150 -268 -126 22 28 47 5 13 162 174 -212
-23 112 -40 -19 -53 -48 -22 -8 40 -336 -126 162 5 -7 -132 -62 66 59 13 116
-75 349 -164 -15 376 111 -35 -59 65 -38 22 5 -451 -58 180 -49 -3 24 165 7
-16 -16 11 16 -262 -49 154 -59 0 37 28 -7 -58 -312 303 49 -7 166 -60 -97
-10 127 30 -35 94 -46 279 358 75 -33 47 -132 180 303 357 -114 51 -116 -129 74
43 236 -89 54 -138 -137 -38 85 262 -7 5 -62 -49 49 -114 -258 -11 245 -68 -171
-2 -3 27 -3 -9 33 28 -12 30 92 13 66 -3 -7 51 -11 -293 2 -1 23
-22 204 287 77 34 248 -11 92 -45 18 162 59 24 166 -116 245 2 96 -117 78
-41 306 -394 -21 -180 237 4 -172 76 -49 174 13 165 -60 -129 -68 -1 -117 -296 45
42 -218 124 -53 22 443 29 -97 78 -152 -212 116 7 -97 74 -171 23 78 45 245

