Q_obj 
-600 -3 3 10 -8 -2 260 10 45 -6 -322 2 214 -111
-3 883 122 -15 -204 5 -11 -171 6 90 0 -21 2 -4
3 122 265 -16 -28 4 28 -27 0 -306 9 198 -4 -19
10 -15 -16 109 -133 -141 -162 145 51 -24 25 35 -114 -30
-8 -204 -28 -133 521 38 -31 -372 14 -20 0 14 15 3
-2 5 4 -141 38 -289 67 -40 51 7 13 -9 -144 0
260 -11 28 -162 -31 67 595 38 -436 21 4 6 18 -3
10 -171 -27 145 -372 -40 38 529 -16 -20 0 -3 -16 0
45 6 0 51 14 51 -436 -16 -617 -5 -174 0 116 -76
-6 90 -306 -24 -20 7 21 -20 -5 392 -13 -90 3 -15
-322 0 9 25 0 13 4 0 -174 -13 -145 5 184 -50
2 -21 198 35 14 -9 6 -3 0 -90 5 681 -2 5
214 2 -4 -114 15 -144 18 -16 116 3 184 -2 -475 -196
-111 -4 -19 -30 3 0 -3 0 -76 -15 -50 5 -196 -907

