Q_obj 
-271 -74 -38 48 98 -203 33 74 120 -137 -142 -59 113 -291 -85 23 -145 171 20 -43 -48 101
-74 356 30 -245 75 143 155 103 -31 -207 -144 30 -34 165 -16 -25 -44 -110 -56 23 -51 77
-38 30 -416 -42 36 -7 -3 -38 -114 29 -20 26 14 -16 -236 -136 19 7 -15 -73 -17 37
48 -245 -42 -35 72 36 134 90 -74 100 53 -557 -19 -25 -42 47 -33 -100 -26 -315 70 74
98 75 36 72 -244 -90 99 74 94 -107 0 -56 -125 -143 -13 88 -36 32 35 -16 -96 213
-203 143 -7 36 -90 -42 187 -83 -132 94 56 -75 199 129 56 49 -16 -182 -73 48 19 -92
33 155 -3 134 99 187 22 24 -141 -77 155 -233 13 44 -24 92 -7 -185 -16 -86 -113 102
74 103 -38 90 74 -83 24 317 67 -136 0 -58 107 -55 -113 -180 115 -66 -26 -131 -193 76
120 -31 -114 -74 94 -132 -141 67 -289 -145 -51 215 -23 -76 -156 -115 64 135 70 -47 -65 97
-137 -207 29 100 -107 94 -77 -136 -145 -118 -183 -4 91 230 121 -60 185 -90 -179 -22 -214 -110
-142 -144 -20 53 0 56 155 0 -51 -183 -88 -184 -70 -114 4 99 176 -70 -99 -49 -58 0
-59 30 26 -557 -56 -75 -233 -58 215 -4 -184 -295 -22 111 34 -379 53 109 34 254 -27 -57
113 -34 14 -19 -125 199 13 107 -23 91 -70 -22 124 -206 9 -153 -171 -83 46 82 -214 -129
-291 165 -16 -25 -143 129 44 -55 -76 230 -114 111 -206 -75 37 -34 177 -8 16 27 85 -148
-85 -16 -236 -42 -13 56 -24 -113 -156 121 4 34 9 37 -484 -56 11 35 -20 2 39 -14
23 -25 -136 47 88 49 92 -180 -115 -60 99 -379 -153 -34 -56 242 9 18 131 687 -62 91
-145 -44 19 -33 -36 -16 -7 115 64 185 176 53 -171 177 11 9 -89 51 21 21 -349 -37
171 -110 7 -100 32 -182 -185 -66 135 -90 -70 109 -83 -8 35 18 51 -177 160 56 -6 33
20 -56 -15 -26 35 -73 -16 -26 70 -179 -99 34 46 16 -20 131 21 160 110 133 -98 36
-43 23 -73 -315 -16 48 -86 -131 -47 -22 -49 254 82 27 2 687 21 56 133 -136 -119 -17
-48 -51 -17 70 -96 19 -113 -193 -65 -214 -58 -27 -214 85 39 -62 -349 -6 -98 -119 244 -99
101 77 37 74 213 -92 102 76 97 -110 0 -57 -129 -148 -14 91 -37 33 36 -17 -99 -231

