Q_obj 
-258 3 -17 20 221 -246 86 -27 -109 169 -6 -29 139 -286 -207
3 353 57 27 28 230 -94 8 -147 -38 -7 16 78 -25 14
-17 57 1 -170 -95 -321 -197 114 -65 249 46 -96 47 -366 -87
20 27 -170 -335 -31 109 -101 -235 19 -57 8 5 3 281 -13
221 28 -95 -31 743 147 214 -3 0 116 0 -23 -28 -52 -274
-246 230 -321 109 147 383 -235 -133 -120 -85 -89 105 289 -185 95
86 -94 -197 -101 214 -235 166 246 96 143 53 -81 -5 469 307
-27 8 114 -235 -3 -133 246 71 -355 -299 241 -168 123 -96 -28
-109 -147 -65 19 0 -120 96 -355 542 -128 -76 102 -135 -33 -122
169 -38 249 -57 116 -85 143 -299 -128 311 -211 72 76 -149 267
-6 -7 46 8 0 -89 53 241 -76 -211 -43 -219 32 -23 -48
-29 16 -96 5 -23 105 -81 -168 102 72 -219 -119 -46 55 -9
139 78 47 3 -28 289 -5 123 -135 76 32 -46 186 226 66
-286 -25 -366 281 -52 -185 469 -96 -33 -149 -23 55 226 15 -10
-207 14 -87 -13 -274 95 307 -28 -122 267 -48 -9 66 -10 -160

