Q_obj 
-707 -41 -117 7 51 20 0 250 -16 43 98 0 0 0 1 -15 -16 17 0 93 0 40 2 -46 -3 249 -3 0 -13 1 14 37 -16 0 0
-41 367 100 -368 130 -41 0 -43 -27 -7 31 -32 16 0 -47 35 -42 5 2 76 0 -3 -75 5 9 132 1 0 2 -27 208 -3 0 37 0
-117 100 96 -1 -100 30 0 54 34 14 503 0 110 0 0 -37 33 8 4 21 0 1 0 0 -6 -243 0 0 0 8 1 1 8 -10 0
7 -368 -1 452 -323 16 1 11 28 -1 -2 1 0 0 56 24 105 1 -10 2 3 -62 -50 74 -7 4 9 0 21 -13 224 -86 0 18 0
51 130 -100 -323 343 -120 0 55 38 10 -30 32 -15 0 -42 -23 128 -4 -1 -68 0 -93 -66 89 25 -127 -9 1 26 -27 135 66 1 39 0
20 -41 30 16 -120 -110 17 29 114 6 9 -9 5 -6 2 118 40 3 1 38 66 -285 8 336 56 56 -31 0 84 2 -191 222 -1 -2 0
0 0 0 1 0 17 613 0 0 0 0 0 0 143 1 0 0 0 0 0 37 0 -3 150 84 0 0 0 -524 0 0 0 0 0 0
250 -43 54 11 55 29 0 -375 53 -131 -46 2 60 0 2 -103 -17 6 -1 -380 0 53 3 -61 -5 78 -4 1 -17 -1 18 50 -5 3 0
-16 -27 34 28 38 114 0 53 366 -8 40 80 -233 0 4 221 -91 2 5 -207 0 395 6 6 -22 -19 -13 0 2 0 51 143 1 -8 0
43 -7 14 -1 10 6 0 -131 -8 396 -2 5 -13 0 0 2 -2 2 1 -76 0 9 0 -10 -1 14 0 -3 -2 16 3 9 0 -20 0
98 31 503 -2 -30 9 0 -46 40 -2 272 0 131 0 0 -44 10 46 5 -16 0 0 0 1 -1 246 1 0 1 10 0 0 -26 -12 0
0 -32 0 1 32 -9 0 2 80 5 0 645 62 0 1 -89 -10 0 -1 -6 0 0 1 0 2 -11 0 0 0 1 0 0 0 0 0
0 16 110 0 -15 5 0 60 -233 -13 131 62 -216 0 0 263 6 8 9 -153 0 0 0 0 0 6 0 0 0 3 0 0 0 -2 0
0 0 0 0 0 -6 143 0 0 0 0 0 0 593 0 0 0 0 0 0 -13 0 2 -106 -32 0 0 0 373 0 0 0 0 0 0
1 -47 0 56 -42 2 1 2 4 0 0 1 0 0 31 4 14 1 -1 1 1 -8 -6 10 -1 1 2 0 3 -1 30 -11 0 3 0
-15 35 -37 24 -23 118 0 -103 221 2 -44 -89 263 0 4 314 -63 -3 -6 217 0 351 5 6 -23 4 -11 0 2 0 46 127 1 -6 0
-16 -42 33 105 128 40 0 -17 -91 -2 10 -10 6 0 14 -63 696 2 1 23 0 -30 22 -28 -7 42 3 1 -8 12 -43 -21 0 -8 0
17 5 8 1 -4 3 0 6 2 2 46 0 8 0 1 -3 2 -175 1 3 0 2 1 -1 0 -2 0 0 0 1 1 2 348 0 0
0 2 4 -10 -1 1 0 -1 5 1 5 -1 9 0 -1 -6 1 1 419 4 0 0 -2 0 0 1 0 -12 0 48 0 0 0 -63 0
93 76 21 2 -68 38 0 -380 -207 -76 -16 -6 -153 0 1 217 23 3 4 520 0 20 1 -22 -7 62 -1 0 -6 0 8 19 -2 1 0
0 0 0 3 0 66 37 0 0 0 0 0 0 -13 1 0 0 0 0 0 -483 0 -13 8 326 0 0 0 -25 0 0 0 0 0 0
40 -3 1 -62 -93 -285 0 53 395 9 0 0 0 0 -8 351 -30 2 0 20 0 -60 -12 -13 58 21 32 0 -3 -7 -119 -333 -1 4 0
2 -75 0 -50 -66 8 -3 3 6 0 0 1 0 2 -6 5 22 1 -2 1 -13 -12 699 15 22 1 2 0 7 -2 46 -17 0 4 0
-46 5 0 74 89 336 150 -61 6 -10 1 0 0 -106 10 6 -28 -1 0 -22 8 -13 15 -333 -50 -24 -36 0 -94 6 140 389 2 -7 0
-3 9 -6 -7 25 56 84 -5 -22 -1 -1 2 0 -32 -1 -23 -7 0 0 -7 326 58 22 -50 154 -11 7 0 -77 0 39 -44 1 1 0
249 132 -243 4 -127 56 0 78 -19 14 246 -11 6 0 1 4 42 -2 1 62 0 21 1 -24 -11 -539 -1 0 -6 2 8 20 5 -1 0
-3 1 0 9 -9 -31 0 -4 -13 0 1 0 0 0 2 -11 3 0 0 -1 0 32 2 -36 7 -1 -602 0 -10 1 16 -36 1 0 0
0 0 0 0 1 0 0 1 0 -3 0 0 0 0 0 0 1 0 -12 0 0 0 0 0 0 0 0 375 0 3 0 0 0 -3 0
-13 2 0 21 26 84 -524 -17 2 -2 1 0 0 373 3 2 -8 0 0 -6 -25 -3 7 -94 -77 -6 -10 0 -29 2 40 111 1 -2 0
1 -27 8 -13 -27 2 0 -1 0 16 10 1 3 0 -1 0 12 1 48 0 0 -7 -2 6 0 2 1 3 2 205 19 -6 0 -312 0
14 208 1 224 135 -191 0 18 51 3 0 0 0 0 30 46 -43 1 0 8 0 -119 46 140 39 8 16 0 40 19 742 -164 0 -23 0
37 -3 1 -86 66 222 0 50 143 9 0 0 0 0 -11 127 -21 2 0 19 0 -333 -17 389 -44 20 -36 0 111 -6 -164 -110 -1 10 0
-16 0 8 0 1 -1 0 -5 1 0 -26 0 0 0 0 1 0 348 0 -2 0 -1 0 2 1 5 1 0 1 0 0 -1 -165 1 0
0 37 -10 18 39 -2 0 3 -8 -20 -12 0 -2 0 3 -6 -8 0 -63 1 0 4 4 -7 1 -1 0 -3 -2 -312 -23 10 1 386 0
0 0 0 0 0 0 0 0 0 0 0 0 0 0 0 0 0 0 0 0 0 0 0 0 0 0 0 0 0 0 0 0 0 0 449

