Q_obj 
-883 0 0 14 -22 3 0 0 9 40 1 28 -3 -5 1 0 0 -69 14 1 2 0 0 15 -7 0 0 0 0 0 15 0 10 20 -8 0 0 36 -6 0 -19 0 9 0 -13
0 971 0 0 0 0 0 0 0 0 0 0 0 0 -155 0 0 0 0 0 0 0 0 0 0 0 0 0 -118 0 0 0 0 0 0 0 0 0 0 0 0 0 0 0 0
0 0 -580 0 0 1 0 -163 0 0 4 2 -13 -46 -129 0 0 4 1 7 8 0 0 -1 2 0 0 -195 170 66 3 0 0 0 12 -1 20 1 6 -241 0 0 0 -6 0
14 0 0 170 0 -12 0 0 102 40 0 0 -9 0 0 14 3 -9 17 0 26 0 -13 26 0 -78 20 0 0 0 -3 0 -3 -96 0 0 0 -324 -12 0 -152 0 0 26 -21
-22 0 0 0 -273 0 0 0 3 14 0 6 44 -2 0 0 0 -32 131 8 0 -21 0 -41 53 0 0 0 0 0 205 33 155 -8 -10 0 0 3 9 0 0 0 100 0 0
3 0 1 -12 0 -14 0 0 0 0 15 31 33 0 0 0 0 4 -383 0 177 0 0 65 -1 0 236 0 1 0 161 0 121 5 -10 0 1 13 -1 0 19 0 0 198 0
0 0 0 0 0 0 201 0 0 0 0 0 0 0 0 0 0 0 0 0 0 0 0 0 0 0 0 0 0 0 0 0 0 0 0 0 0 0 0 0 0 0 0 0 0
0 0 -163 0 0 0 0 -445 0 0 -7 0 1 42 -48 0 0 -3 1 -1 -14 0 0 1 0 0 0 -40 64 -30 0 0 0 1 0 1 -87 0 1 -65 0 0 1 14 0
9 0 0 102 3 0 0 0 367 -124 0 0 21 0 0 67 -15 -5 -14 -1 13 1 -65 -71 0 0 0 0 0 0 -7 0 -2 -48 1 0 0 -43 33 0 -147 0 -13 14 11
40 0 0 40 14 0 0 0 -124 -176 0 0 94 -1 0 -14 4 -24 -66 -4 -2 2 15 -327 -4 0 0 0 0 0 -34 -1 -12 -79 1 0 0 232 151 0 -57 0 -60 -2 48
1 0 4 0 0 15 0 -7 0 0 -320 21 18 3 -3 0 0 1 -15 0 65 0 0 3 7 0 -24 1 6 -4 4 0 5 1 40 1 -50 1 -10 1 2 0 1 -33 0
28 0 2 0 6 31 0 0 0 0 21 -578 13 2 -3 0 0 40 24 0 40 0 0 -3 25 0 0 0 5 0 -16 0 -10 1 146 0 -14 0 -10 0 0 0 -2 -37 0
-3 0 -13 -9 44 33 0 1 21 94 18 13 14 3 22 -1 0 6 -8 -17 44 1 -1 13 24 0 17 0 -27 -13 -58 0 34 -2 93 -16 -8 -23 188 0 14 0 -47 -15 -6
-5 0 -46 0 -2 0 0 42 0 -1 3 2 3 -274 61 0 0 -53 0 50 5 0 0 -9 -2 0 0 -1 -79 449 2 0 2 -4 -13 -10 53 0 -23 -2 2 0 -2 -4 1
1 -155 -129 0 0 0 0 -48 0 0 -3 -3 22 61 -229 1 0 -4 0 -10 -7 0 1 2 -2 0 0 -44 -101 -94 -3 0 1 1 -18 3 -5 0 -9 -55 0 0 1 8 0
0 0 0 14 0 0 0 0 67 -14 0 0 -1 0 1 640 3 1 0 0 2 0 -60 0 0 0 0 0 0 0 1 0 0 -5 0 -1 0 -13 -1 0 -20 0 0 3 0
0 0 0 3 0 0 0 0 -15 4 0 0 0 0 0 3 457 0 0 0 1 0 -2 0 0 0 0 0 0 0 0 0 0 -1 0 0 0 -3 0 0 -4 0 0 1 0
-69 0 4 -9 -32 4 0 -3 -5 -24 1 40 6 -53 -4 1 0 -932 14 -3 2 0 1 -16 -10 0 0 1 6 -36 19 0 15 -14 -11 1 -4 -23 10 1 14 0 14 -1 10
14 0 1 17 131 -383 0 1 -14 -66 -15 24 -8 0 0 0 0 14 2 -6 -163 0 0 60 39 0 -214 0 1 -1 -42 1 -32 23 -14 -2 1 -6 -6 0 -23 0 -65 -176 4
1 0 7 0 8 0 0 -1 -1 -4 0 0 -17 50 -10 0 0 -3 -6 -606 0 1 0 -3 -2 0 0 1 14 80 -6 0 -7 -1 1 -13 -2 1 -24 1 0 0 55 1 0
2 0 8 26 0 177 0 -14 13 -2 65 40 44 5 -7 2 1 2 -163 0 -93 0 -1 29 12 0 -277 1 10 -9 63 0 52 -8 75 1 -94 -25 -19 1 -36 0 1 84 0
0 0 0 0 -21 0 0 0 1 2 0 0 1 0 0 0 0 0 0 1 0 -811 0 -1 91 0 0 0 0 0 0 -332 0 0 -14 0 0 1 1 0 0 0 9 0 0
0 0 0 -13 0 0 0 0 -65 15 0 0 -1 0 1 -60 -2 1 0 0 -1 0 638 0 0 0 0 0 0 0 1 0 0 5 0 -1 0 14 -1 0 20 0 0 -2 0
15 0 -1 26 -41 65 0 1 -71 -327 3 -3 13 -9 2 0 0 -16 60 -3 29 -1 0 245 0 0 37 0 -2 -11 31 3 24 119 2 -13 2 48 12 0 -37 0 103 30 23
-7 0 2 0 53 -1 0 0 0 -4 7 25 24 -2 -2 0 0 -10 39 -2 12 91 0 0 -522 0 0 0 4 0 58 -137 46 3 50 0 -4 0 -12 0 0 0 -32 -11 0
0 0 0 -78 0 0 0 0 0 0 0 0 0 0 0 0 0 0 0 0 0 0 0 0 0 -427 0 0 0 0 0 0 0 0 0 0 0 0 0 0 -53 0 0 0 0
0 0 0 20 0 236 0 0 0 0 -24 0 17 0 0 0 0 0 -214 0 -277 0 0 37 0 0 100 0 0 0 90 0 68 -6 0 0 0 -19 0 0 -28 0 0 -305 0
0 0 -195 0 0 0 0 -40 0 0 1 0 0 -1 -44 0 0 1 0 1 1 0 0 0 0 0 0 293 59 2 1 0 0 0 0 0 4 1 0 -101 0 0 0 0 0
0 -118 170 0 0 1 0 64 0 0 6 5 -27 -79 -101 0 0 6 1 14 10 0 0 -2 4 0 0 59 -174 124 5 0 0 0 25 -2 7 1 13 73 0 0 -1 -9 0
0 0 66 0 0 0 0 -30 0 0 -4 0 -13 449 -94 0 0 -36 -1 80 -9 0 0 -11 0 0 0 2 124 103 3 0 0 -4 0 -13 -54 2 -21 2 0 0 -6 9 0
15 0 3 -3 205 161 0 0 -7 -34 4 -16 -58 2 -3 1 0 19 -42 -6 63 0 1 31 58 0 90 1 5 3 -243 1 217 13 -21 4 2 6 -45 1 5 0 -119 80 2
0 0 0 0 33 0 0 0 0 -1 0 0 0 0 0 0 0 0 1 0 0 -332 0 3 -137 0 0 0 0 0 1 -80 0 2 22 0 0 0 -1 0 0 0 -12 0 0
10 0 0 -3 155 121 0 0 -2 -12 5 -10 34 2 1 0 0 15 -32 -7 52 0 0 24 46 0 68 0 0 0 217 0 -389 9 -3 0 0 2 -7 0 6 0 -93 56 0
20 0 0 -96 -8 5 0 1 -48 -79 1 1 -2 -4 1 -5 -1 -14 23 -1 -8 0 5 119 3 0 -6 0 0 -4 13 2 9 69 0 -5 1 -67 -7 0 140 0 39 -8 -10
-8 0 12 0 -10 -10 0 0 1 1 40 146 93 -13 -18 0 0 -11 -14 1 75 -14 0 2 50 0 0 0 25 0 -21 22 -3 0 -210 0 -27 1 -61 0 0 0 6 -71 0
0 0 -1 0 0 0 0 1 0 0 1 0 -16 -10 3 -1 0 1 -2 -13 1 0 -1 -13 0 0 0 0 -2 -13 4 0 0 -5 0 383 3 2 -25 0 0 0 2 0 0
0 0 20 0 0 1 0 -87 0 0 -50 -14 -8 53 -5 0 0 -4 1 -2 -94 0 0 2 -4 0 0 4 7 -54 2 0 0 1 -27 3 -673 0 12 6 0 0 1 91 0
36 0 1 -324 3 13 0 0 -43 232 1 0 -23 0 0 -13 -3 -23 -6 1 -25 1 14 48 0 0 -19 1 1 2 6 0 2 -67 1 2 0 -231 -36 1 472 0 -12 -25 -62
-6 0 6 -12 9 -1 0 1 33 151 -10 -10 188 -23 -9 -1 0 10 -6 -24 -19 1 -1 12 -12 0 0 0 13 -21 -45 -1 -7 -7 -61 -25 12 -36 198 0 19 0 -38 19 -10
0 0 -241 0 0 0 0 -65 0 0 1 0 0 -2 -55 0 0 1 0 1 1 0 0 0 0 0 0 -101 73 2 1 0 0 0 0 0 6 1 0 -20 0 0 0 0 0
-19 0 0 -152 0 19 0 0 -147 -57 2 0 14 2 0 -20 -4 14 -23 0 -36 0 20 -37 0 -53 -28 0 0 0 5 0 6 140 0 0 0 472 19 0 286 0 0 -37 31
0 0 0 0 0 0 0 0 0 0 0 0 0 0 0 0 0 0 0 0 0 0 0 0 0 0 0 0 0 0 0 0 0 0 0 0 0 0 0 0 0 -828 0 0 0
9 0 0 0 100 0 0 1 -13 -60 1 -2 -47 -2 1 0 0 14 -65 55 1 9 0 103 -32 0 0 0 -1 -6 -119 -12 -93 39 6 2 1 -12 -38 0 0 0 98 0 0
0 0 -6 26 0 198 0 14 14 -2 -33 -37 -15 -4 8 3 1 -1 -176 1 84 0 -2 30 -11 0 -305 0 -9 9 80 0 56 -8 -71 0 91 -25 19 0 -37 0 0 -69 0
-13 0 0 -21 0 0 0 0 11 48 0 0 -6 1 0 0 0 10 4 0 0 0 0 23 0 0 0 0 0 0 2 0 0 -10 0 0 0 -62 -10 0 31 0 0 0 -496

