Q_obj 
310 10 -24 -21 53 -94 -19 0 86 169 30 -123 -4 1 -52 -724 0 5 204 0
10 -74 170 -14 4 -48 7 -15 11 1 4 -8 22 14 -29 -4 12 42 -41 1
-24 170 -464 38 -9 129 -16 15 -27 0 -8 23 -56 -47 79 14 -29 -110 112 -1
-21 -14 38 -393 42 194 -96 28 -79 2 41 -89 -242 -69 426 12 -110 215 141 1
53 4 -9 42 -676 28 -11 0 148 108 2 -323 -19 2 48 -28 -11 31 -71 36
-94 -48 129 194 28 469 -15 -13 -27 -145 -45 -59 -159 34 -60 53 -230 83 217 -59
-19 7 -16 -96 -11 -15 751 3 18 31 -13 27 -76 -7 -107 11 38 -49 47 0
0 -15 15 28 0 -13 3 -15 1 1 0 1 15 265 -25 1 -41 15 -7 0
86 11 -27 -79 148 -27 18 1 -436 -23 164 -276 -24 -1 -126 -47 16 -26 -79 35
169 1 0 2 108 -145 31 1 -23 -191 -135 -232 93 -1 17 -93 8 0 329 -209
30 4 -8 41 2 -45 -13 0 164 -135 -444 -35 -55 2 49 -16 -9 30 9 -214
-123 -8 23 -89 -323 -59 27 1 -276 -232 -35 -8 47 -2 -96 69 27 -68 160 -84
-4 22 -56 -242 -19 -159 -76 15 -24 93 -55 47 596 -35 28 3 240 -156 43 2
1 14 -47 -69 2 34 -7 265 -1 -1 2 -2 -35 -572 65 0 104 -35 19 0
-52 -29 79 426 48 -60 -107 -25 -126 17 49 -96 28 65 -77 30 -77 182 54 0
-724 -4 14 12 -28 53 11 1 -47 -93 -16 69 3 0 30 -599 1 -2 -112 1
0 12 -29 -110 -11 -230 38 -41 16 8 -9 27 240 104 -77 1 -660 -56 -124 0
5 42 -110 215 31 83 -49 15 -26 0 30 -68 -156 -35 182 -2 -56 -577 36 2
204 -41 112 141 -71 217 47 -7 -79 329 9 160 43 19 54 -112 -124 36 412 101
0 1 -1 1 36 -59 0 0 35 -209 -214 -84 2 0 0 1 0 2 101 -32

