Q_obj 
-164 -69 -9 104 -3 318 0 -66 -158 -184 -324 -31 154 0 -586 304 -169 118 -98 -20 253 263 0 -111 6
-69 537 0 8 6 18 -2 -5 -9 106 -19 87 67 1 -37 12 -10 2 -2 149 16 28 1 90 -7
-9 0 159 -75 -3 -29 -19 3 -72 9 -35 -12 1 -59 -5 -7 17 -48 -86 0 -25 5 17 0 4
104 8 -75 -144 0 64 -2 3 -327 -2 26 32 -4 -290 69 38 -59 -91 -47 3 28 -59 1 5 1
-3 6 -3 0 341 -1 -63 1 0 -1 0 -1 10 0 2 1 2 1 1 -1 -1 6 1 -1 -123
318 18 -29 64 -1 -308 -11 -1 -10 -13 -25 103 -16 39 -8 40 -178 21 -4 0 263 44 12 10 2
0 -2 -19 -2 -63 -11 131 -1 0 3 2 -2 -3 0 -9 0 8 1 2 1 -10 11 5 0 76
-66 -5 3 3 1 -1 -1 802 12 12 15 -30 -11 5 -64 62 -3 -39 33 17 6 9 1 -13 0
-158 -9 -72 -327 0 -10 0 12 129 -14 -147 -25 9 -195 24 -23 34 56 -15 1 50 -41 3 -4 1
-184 106 9 -2 -1 -13 3 12 -14 829 -17 56 -10 -5 -63 95 -114 -35 25 -42 172 42 -2 -33 2
-324 -19 -35 26 0 -25 2 15 -147 -17 208 -67 16 -30 -24 -66 -14 154 19 0 -50 -10 3 -10 1
-31 87 -12 32 -1 103 -2 -30 -25 56 -67 829 -13 8 -50 -77 103 48 -44 -32 -153 50 3 -22 3
154 67 1 -4 10 -16 -3 -11 9 -10 16 -13 11 1 -104 -18 9 -8 7 -134 -12 -151 1 -177 -12
0 1 -59 -290 0 39 0 5 -195 -5 -30 8 1 99 44 11 -19 -27 -25 2 29 -45 0 1 0
-586 -37 -5 69 2 -8 -9 -64 24 -63 -24 -50 -104 44 237 56 13 54 -20 139 -18 77 8 -120 -3
304 12 -7 38 1 40 0 62 -23 95 -66 -77 -18 11 56 29 25 410 -173 3 -36 -22 0 14 0
-169 -10 17 -59 2 -178 8 -3 34 -114 -14 103 9 -19 13 25 270 57 -34 1 255 -29 -7 -4 -1
118 2 -48 -91 1 21 1 -39 56 -35 154 48 -8 -27 54 410 57 -141 -342 2 -83 -29 1 7 0
-98 -2 -86 -47 1 -4 2 33 -15 25 19 -44 7 -25 -20 -173 -34 -342 -628 0 51 4 -1 -4 0
-20 149 0 3 -1 0 1 17 1 -42 0 -32 -134 2 139 3 1 2 0 -73 0 116 1 -616 3
253 16 -25 28 -1 263 -10 6 50 172 -50 -153 -12 29 -18 -36 255 -83 51 0 62 44 11 8 2
263 28 5 -59 6 44 11 9 -41 42 -10 50 -151 -45 77 -22 -29 -29 4 116 44 312 -7 -104 -8
0 1 17 1 1 12 5 1 3 -2 3 3 1 0 8 0 -7 1 -1 1 11 -7 303 1 0
-111 90 0 5 -1 10 0 -13 -4 -33 -10 -22 -177 1 -120 14 -4 7 -4 -616 8 -104 1 535 3
6 -7 4 1 -123 2 76 0 1 2 1 3 -12 0 -3 0 -1 0 0 3 2 -8 0 3 383

