Q_obj 
-114 22 -2 -77 107 -520 -158 -18 -109 -124 6 -21 48 42 15
22 873 105 163 -2 0 -2 2 53 2 0 249 0 172 62
-2 105 182 -1 3 -30 167 -374 27 -77 117 -57 3 -5 -1
-77 163 -1 -895 14 -42 41 6 -235 -46 -1 48 4 33 12
107 -2 3 14 -219 -310 -72 6 -52 -89 -1 -19 29 22 8
-520 0 -30 -42 -310 -106 -68 18 328 -172 -5 -74 23 113 41
-158 -2 167 41 -72 -68 358 -44 -17 326 14 -16 7 -67 -24
-18 2 -374 6 6 18 -44 307 -28 40 157 155 -1 0 0
-109 53 27 -235 -52 328 -17 -28 -221 160 9 24 -30 -14 -5
-124 2 -77 -46 -89 -172 326 40 160 568 -12 104 16 -90 -32
6 0 117 -1 -1 -5 14 157 9 -12 761 -47 1 1 1
-21 249 -57 48 -19 -74 -16 155 24 104 -47 62 7 -14 -5
48 0 3 4 29 23 7 -1 -30 16 1 7 132 -10 -3
42 172 -5 33 22 113 -67 0 -14 -90 1 -14 -10 -35 245
15 62 -1 12 8 41 -24 0 -5 -32 1 -5 -3 245 -632

