Q_obj 
-359 1 -14 1 23 37 63 -64 0 -10 1 0 122 17 0 -31 0 30 3 -19 8 1 34 270 0 0 -103 -55 -4 -314 52 47 23 72 0 0 -58 -36 1 2
1 569 1 0 26 0 0 0 0 -111 -449 0 0 0 0 0 0 0 0 0 0 20 0 0 0 0 0 -14 0 -5 -151 60 0 14 0 0 0 0 0 0
-14 1 -424 3 44 -8 130 33 0 -125 2 0 407 60 0 -114 0 192 0 -70 7 1 9 -96 0 0 -421 -19 1 75 146 135 32 36 0 0 -216 28 4 5
1 0 3 236 18 0 1 0 0 8 0 0 2 0 0 0 0 1 0 0 0 0 0 -8 0 0 -1 -9 0 -3 -1 -1 0 10 0 0 0 2 1 1
23 26 44 18 364 28 79 144 -22 132 27 151 27 -2 44 8 18 11 -73 23 5 14 -19 -64 -14 30 -10 24 -5 -64 -171 50 -52 -71 75 4 -3 0 -6 6
37 0 -8 0 28 568 3 11 0 7 0 91 67 0 0 0 0 5 2 0 38 5 7 88 16 0 68 -4 -15 -6 4 3 -63 23 0 0 -8 -8 0 0
63 0 130 1 79 3 -185 -51 0 -47 0 54 18 12 0 -63 0 -190 147 -43 -10 3 -19 -5 189 -163 -57 4 28 -28 57 49 -36 -135 -2 0 -133 10 -50 41
-64 0 33 0 144 11 -51 -256 0 11 0 0 168 0 0 -11 0 5 3 5 85 0 22 203 0 0 135 -34 -1 366 14 12 199 34 0 0 -25 -30 1 1
0 0 0 0 -22 0 0 0 182 0 0 0 0 0 -136 0 -251 0 0 0 0 167 0 0 0 0 0 -53 0 6 15 -16 0 -12 -2 48 0 0 1 0
-10 -111 -125 8 132 7 -47 11 0 -3 -115 0 -100 -25 0 49 0 -64 1 -40 -2 -86 30 -54 0 0 102 -72 0 -29 529 -411 -22 66 0 0 45 34 -1 -1
1 -449 2 0 27 0 0 0 0 -115 351 0 0 0 0 0 0 0 0 0 0 20 0 0 0 0 0 -14 0 -5 -157 63 0 15 0 0 0 0 0 0
0 0 0 0 151 91 54 0 0 0 0 290 7 0 0 0 1 0 -81 0 4 -1 0 0 0 0 6 -4 -9 -33 0 1 0 -291 -28 1 0 0 1 0
122 0 407 2 27 67 18 168 0 -100 0 7 -281 46 0 -103 0 24 0 -28 -39 1 28 7 -216 0 -161 -14 -39 -5 128 112 490 18 0 0 -14 -7 5 6
17 0 60 0 -2 0 12 0 0 -25 0 0 46 -37 0 201 0 16 0 -3 0 0 0 0 0 0 -50 1 0 1 29 25 0 1 0 0 -30 0 1 1
0 0 0 0 44 0 0 0 -136 0 0 0 0 0 254 0 107 0 0 0 0 -311 0 0 0 0 0 103 0 -9 -26 31 0 24 0 22 0 0 1 0
-31 0 -114 0 8 0 -63 -11 0 49 0 0 -103 201 0 339 0 -86 0 20 -7 0 0 0 0 0 85 -1 0 -1 -54 -47 -35 -8 0 0 14 0 -1 -1
0 0 0 0 18 0 0 0 -251 0 0 1 0 0 107 0 55 0 0 0 0 -129 0 0 0 0 0 42 0 -3 -11 13 0 10 2 -36 0 0 0 1
30 0 192 1 11 5 -190 5 0 -64 0 0 24 16 0 -86 0 -330 -127 -58 -14 0 -26 -2 257 130 -78 -4 38 7 78 68 -73 4 2 0 -182 13 38 -26
3 0 0 0 -73 2 147 3 0 1 0 -81 0 0 0 0 0 -127 -15 1 0 -3 1 6 0 198 0 -10 0 41 0 1 1 145 -2 0 0 0 -64 50
-19 0 -70 0 23 0 -43 5 0 -40 0 0 -28 -3 0 20 0 -58 1 -805 4 0 -113 -10 -58 0 44 -11 -8 -5 53 46 15 5 0 0 57 -84 -7 -9
8 0 7 0 5 38 -10 85 0 -2 0 4 -39 0 0 -7 0 -14 0 4 -315 1 2 14 0 0 -48 -1 -4 -1 5 4 246 1 0 0 -17 -1 1 1
1 20 1 0 14 5 3 0 167 -86 20 -1 1 0 -311 0 -129 0 -3 0 1 420 0 0 0 0 1 -42 0 -3 -18 -67 0 -9 72 -26 0 0 -2 2
34 0 9 0 -19 7 -19 22 0 30 0 0 28 0 0 0 0 -26 1 -113 2 0 -368 -44 -50 0 -24 12 -26 5 -41 -36 -9 -11 0 0 19 -737 -6 -8
270 0 -96 -8 -64 88 -5 203 0 -54 0 0 7 0 0 0 0 -2 6 -10 14 0 -44 208 16 0 44 31 -1 15 38 33 -87 -9 0 0 2 79 0 0
0 0 0 0 -14 16 189 0 0 0 0 0 -216 0 0 0 0 257 0 -58 0 0 -50 16 269 0 238 0 139 4 0 0 0 28 0 0 -508 72 0 0
0 0 0 0 30 0 -163 0 0 0 0 0 0 0 0 0 0 130 198 0 0 0 0 0 0 329 0 0 0 -31 0 0 0 -66 0 0 0 0 0 0
-103 0 -421 -1 -10 68 -57 135 0 102 0 6 -161 -50 0 85 0 -78 0 44 -48 1 -24 44 238 0 -297 10 28 3 -124 -108 390 -17 0 0 -49 1 -4 -6
-55 -14 -19 -9 24 -4 4 -34 -53 -72 -14 -4 -14 1 103 -1 42 -4 -10 -11 -1 -42 12 31 0 0 10 340 1 -5 92 -27 16 -35 177 8 9 1 -5 4
-4 0 1 0 -5 -15 28 -1 0 0 0 -9 -39 0 0 0 0 38 0 -8 -4 0 -26 -1 139 0 28 1 427 2 0 0 7 2 0 0 -74 39 0 0
-314 -5 75 -3 -64 -6 -28 366 6 -29 -5 -33 -5 1 -9 -1 -3 7 41 -5 -1 -3 5 15 4 -31 3 -5 2 70 38 -10 -117 9 -16 0 1 1 -5 5
52 -151 146 -1 -171 4 57 14 15 529 -157 0 128 29 -26 -54 -11 78 0 53 5 -18 -41 38 0 0 -124 92 0 38 384 -226 14 -83 7 -2 -57 -37 2 3
47 60 135 -1 50 3 49 12 -16 -411 63 1 112 25 31 -47 13 68 1 46 4 -67 -36 33 0 0 -108 -27 0 -10 -226 -453 12 40 -7 3 -50 -32 2 2
23 0 32 0 -52 -63 -36 199 0 -22 0 0 490 0 0 -35 0 -73 1 15 246 0 -9 -87 0 0 390 16 7 -117 14 12 315 -19 0 0 -78 14 1 1
72 14 36 10 -71 23 -135 34 -12 66 15 -291 18 1 24 -8 10 4 145 5 1 -9 -11 -9 28 -66 -17 -35 2 9 -83 40 -19 448 42 2 -28 -2 6 -3
0 0 0 0 75 0 -2 0 -2 0 0 -28 0 0 0 0 2 2 -2 0 0 72 0 0 0 0 0 177 0 -16 7 -7 0 42 -183 5 0 0 20 -14
0 0 0 0 4 0 0 0 48 0 0 1 0 0 22 0 -36 0 0 0 0 -26 0 0 0 0 0 8 0 0 -2 3 0 2 5 -352 0 0 0 1
-58 0 -216 0 -3 -8 -133 -25 0 45 0 0 -14 -30 0 14 0 -182 0 57 -17 0 19 2 -508 0 -49 9 -74 1 -57 -50 -78 -28 0 0 -355 -46 -2 -3
-36 0 28 2 0 -8 10 -30 0 34 0 0 -7 0 0 0 0 13 0 -84 -1 0 -737 79 72 0 1 1 39 1 -37 -32 14 -2 0 0 -46 167 -4 -5
1 0 4 1 -6 0 -50 1 1 -1 0 1 5 1 1 -1 0 38 -64 -7 1 -2 -6 0 0 0 -4 -5 0 -5 2 2 1 6 20 0 -2 -4 54 -594
2 0 5 1 6 0 41 1 0 -1 0 0 6 1 0 -1 1 -26 50 -9 1 2 -8 0 0 0 -6 4 0 5 3 2 1 -3 -14 1 -3 -5 -594 -266

