Q_obj 
-283 -118 -211 133 -69 27 77 -201 -7 -169 0 -31 -43 -22 141 -244 180
-118 -530 131 274 50 -94 -128 125 5 116 1 111 20 15 16 -106 19
-211 131 264 26 -21 -12 -79 -418 -1 -35 0 15 -67 -47 43 151 -172
133 274 26 525 84 -12 -562 25 5 107 1 15 80 3 -2 -388 -82
-69 50 -21 84 -384 39 152 -20 20 301 1 -45 307 -2 143 45 11
27 -94 -12 -12 39 -47 -107 -14 -1 -84 0 -187 76 24 -26 120 41
77 -128 -79 -562 152 -107 -578 -75 11 276 1 126 136 -8 26 174 55
-201 125 -418 25 -20 -14 -75 295 -1 -34 0 12 -64 39 41 143 -163
-7 5 -1 5 20 -1 11 -1 -983 35 1 2 19 0 -7 2 1
-169 116 -35 107 301 -84 276 -34 35 -79 2 99 437 -3 -86 17 18
0 1 0 1 1 0 1 0 1 2 -999 1 1 0 0 1 1
-31 111 15 15 -45 -187 126 12 2 99 1 10 -88 24 32 -138 -47
-43 20 -67 80 307 76 136 -64 19 437 1 -88 -205 -7 17 49 25
-22 15 -47 3 -2 24 -8 39 0 -3 0 24 -7 -47 5 17 -18
141 16 43 -2 143 -26 26 41 -7 -86 0 32 17 5 498 36 -30
-244 -106 151 -388 45 120 174 143 2 17 1 -138 49 17 36 -267 -193
180 19 -172 -82 11 41 55 -163 1 18 1 -47 25 -18 -30 -193 453

