Q_obj 
-862 -162 49 -300 0 45 93 0 -31 0 0 0 0 0 0 0 0 0 -104 -24 0 0 0 0 0 0 0 -32 0 0 0 0 -119 0 0 0 0 0 -9 0
-162 436 -58 146 -32 -27 -62 -299 5 10 -40 0 -6 0 0 14 0 -29 67 16 1 -33 -16 3 -2 0 0 8 1 -3 0 7 81 -1 11 -6 2 -1 7 3
49 -58 -957 -106 -10 16 42 1 -11 1 2 0 1 -2 0 1 -4 -2 -37 -8 0 1 -6 15 1 0 0 12 0 -90 0 3 -42 1 1 4 -37 -11 125 0
-300 146 -106 628 18 -51 -106 162 46 -4 23 0 4 0 0 -7 0 17 123 29 0 18 9 -1 2 0 0 46 0 2 0 -3 139 1 -5 4 0 2 24 -1
0 -32 -10 18 -29 0 82 0 109 -119 -303 0 0 30 0 -178 18 -230 0 0 0 458 0 -153 0 0 6 234 0 -26 0 0 -28 -5 0 0 -10 -23 -51 0
45 -27 16 -51 0 644 -49 0 2 2 -5 0 52 0 0 3 0 8 46 11 0 2 0 0 -26 0 0 18 -2 9 0 0 5 10 43 12 -19 -1 -3 -19
93 -62 42 -106 82 -49 166 0 13 -10 -56 0 87 -49 0 -15 8 -11 -133 -31 -9 68 0 123 -71 0 12 -241 274 75 0 1 -15 -2 132 31 -116 9 35 -61
0 -299 1 162 0 0 0 188 0 0 27 0 6 0 0 0 0 20 0 0 0 0 15 -2 3 0 0 1 0 4 0 -5 0 2 -8 7 -1 2 5 -2
-31 5 -11 46 109 2 13 0 -92 -56 -155 0 56 0 0 -84 0 -105 -7 -1 0 227 0 0 -28 0 -12 43 -1 8 0 0 136 24 46 13 -17 -1 3 -18
0 10 1 -4 -119 2 -10 0 -56 -30 84 0 -19 0 0 -255 0 60 -2 0 1 -110 0 0 8 0 0 -48 1 -3 0 1 24 -3 45 -3 8 1 1 8
0 -40 2 23 -303 -5 -56 27 -155 84 49 0 45 0 0 125 0 -367 10 3 0 -312 -2 0 -213 0 0 -113 -4 -5 0 1 18 9 36 -13 -22 2 9 -16
0 0 0 0 0 0 0 0 0 0 0 -958 0 0 0 0 0 0 0 0 0 0 0 0 0 0 0 0 0 0 0 0 0 0 0 0 0 0 0 0
0 -6 1 4 0 52 87 6 56 -19 45 0 41 0 0 -29 0 -57 -141 -33 1 -16 2 0 211 0 0 -30 -21 40 0 0 210 49 -431 -91 -93 -7 1 -94
0 0 -2 0 30 0 -49 0 0 0 0 0 0 234 0 0 -199 0 -23 -5 0 0 0 -38 0 0 0 -59 -15 -6 0 0 0 0 0 0 -2 -5 -12 16
0 0 0 0 0 0 0 0 0 0 0 0 0 0 -736 0 0 0 0 0 0 0 0 0 0 268 0 0 0 0 0 0 0 0 0 0 0 0 0 0
0 14 1 -7 -178 3 -15 0 -84 -255 125 0 -29 0 0 -240 0 90 -4 0 1 -164 0 0 12 0 0 -72 2 -4 0 1 35 -5 67 -5 11 1 1 12
0 0 -4 0 18 0 8 0 0 0 0 0 0 -199 0 0 171 0 20 5 0 0 0 -64 0 0 0 -47 14 -11 0 0 0 0 0 0 -3 -9 -21 -12
0 -29 -2 17 -230 8 -11 20 -105 60 -367 0 -57 0 0 90 0 256 -12 -3 0 -239 7 1 282 0 0 -96 7 8 0 -2 60 -11 -49 20 30 -2 -10 22
-104 67 -37 123 0 46 -133 0 -7 -2 10 0 -141 -23 0 -4 20 -12 325 -4 -9 -2 0 1 47 0 10 48 267 15 4 1 -29 -44 -60 -20 -34 -2 8 27
-24 16 -8 29 0 11 -31 0 -1 0 3 0 -33 -5 0 0 5 -3 -4 344 -2 0 0 1 11 0 3 12 64 4 -14 1 -7 -10 -14 -4 -8 0 2 7
0 1 0 0 0 0 -9 0 0 1 0 0 1 0 0 1 0 0 -9 -2 -635 1 0 0 0 0 0 4 33 1 0 0 0 1 1 0 0 0 0 0
0 -33 1 18 458 2 68 0 227 -110 -312 0 -16 0 0 -164 0 -239 -2 0 1 -83 0 0 7 0 0 177 1 -2 0 1 -52 -3 38 -2 7 1 1 7
0 -16 -6 9 0 0 0 15 0 0 -2 0 2 0 0 0 0 7 0 0 0 0 367 17 -18 0 0 1 0 -16 0 -336 0 1 -2 -47 -6 -14 -31 0
0 3 15 -1 -153 0 123 -2 0 0 0 0 0 -38 0 0 -64 1 1 1 0 0 17 -444 -3 0 0 351 1 40 0 -6 0 0 0 -8 14 35 75 1
0 -2 1 2 0 -26 -71 3 -28 8 -213 0 211 0 0 12 0 282 47 11 0 7 -18 -3 -358 0 0 26 -22 45 0 8 -106 41 175 -68 -74 -5 3 -79
0 0 0 0 0 0 0 0 0 0 0 0 0 0 268 0 0 0 0 0 0 0 0 0 0 -397 0 0 0 0 0 0 0 0 0 0 0 0 0 0
0 0 0 0 6 0 12 0 -12 0 0 0 0 0 0 0 0 0 10 3 0 0 0 0 0 0 -663 -1 7 -21 0 0 4 212 0 0 51 5 0 43
-32 8 12 46 234 18 -241 1 43 -48 -113 0 -30 -59 0 -72 -47 -96 48 12 4 177 1 351 26 0 -1 -442 -95 43 0 0 -7 -1 -45 -10 65 58 120 21
0 1 0 0 0 -2 274 0 -1 1 -4 0 -21 -15 0 2 14 7 267 64 33 1 0 1 -22 0 7 -95 -605 21 0 1 -8 -15 20 10 -49 -3 0 -9
0 -3 -90 2 -26 9 75 4 8 -3 -5 0 40 -6 0 -4 -11 8 15 4 1 -2 -16 40 45 0 -21 43 21 409 0 7 34 60 -68 -6 104 -194 -454 144
0 0 0 0 0 0 0 0 0 0 0 0 0 0 0 0 0 0 4 -14 0 0 0 0 0 0 0 0 0 0 334 0 0 0 0 0 0 0 0 0
0 7 3 -3 0 0 1 -5 0 1 1 0 0 0 0 1 0 -2 1 1 0 1 -336 -6 8 0 0 0 1 7 0 -359 0 0 2 19 3 6 13 1
-119 81 -42 139 -28 5 -15 0 136 24 18 0 210 0 0 35 0 60 -29 -7 0 -52 0 0 -106 0 4 -7 -8 34 0 0 384 38 174 47 -79 -6 9 -79
0 -1 1 1 -5 10 -2 2 24 -3 9 0 49 0 0 -5 0 -11 -44 -10 1 -3 1 0 41 0 212 -1 -15 60 0 0 38 -649 -83 -17 -140 -11 1 -93
0 11 1 -5 0 43 132 -8 46 45 36 0 -431 0 0 67 0 -49 -60 -14 1 38 -2 0 175 0 0 -45 20 -68 0 2 174 -83 477 -75 162 13 1 164
0 -6 4 4 0 12 31 7 13 -3 -13 0 -91 0 0 -5 0 20 -20 -4 0 -2 -47 -8 -68 0 0 -10 10 -6 0 19 47 -17 -75 -630 37 10 16 35
0 2 -37 0 -10 -19 -116 -1 -17 8 -22 0 -93 -2 0 11 -3 30 -34 -8 0 7 -6 14 -74 0 51 65 -49 104 0 3 -79 -140 162 37 249 -45 -188 -337
0 -1 -11 2 -23 -1 9 2 -1 1 2 0 -7 -5 0 1 -9 -2 -2 0 0 1 -14 35 -5 0 5 58 -3 -194 0 6 -6 -11 13 10 -45 -258 -58 -26
-9 7 125 24 -51 -3 35 5 3 1 9 0 1 -12 0 1 -21 -10 8 2 0 1 -31 75 3 0 0 120 0 -454 0 13 9 1 1 16 -188 -58 -354 0
0 3 0 -1 0 -19 -61 -2 -18 8 -16 0 -94 16 0 12 -12 22 27 7 0 7 0 1 -79 0 43 21 -9 144 0 1 -79 -93 164 35 -337 -26 0 244

