Q_obj 
-318 -237 -378 106 -178 22 236 28 98 -73 -4 -106 23 -19 -304
-237 756 -319 -65 187 9 95 -65 53 5 -103 80 79 -14 -166
-378 -319 28 -175 322 -3 165 -47 289 -10 355 271 -50 6 -100
106 -65 -175 185 405 0 -104 -87 -95 -118 26 -37 60 0 174
-178 187 322 405 -262 1 -111 165 -237 -81 61 98 43 19 216
22 9 -3 0 1 200 -30 44 72 1 -14 26 1 0 38
236 95 165 -104 -111 -30 256 130 327 145 -69 101 -35 0 -39
28 -65 -47 -87 165 44 130 20 -387 -2 38 -153 -91 0 -176
98 53 289 -95 -237 72 327 -387 -290 -26 104 -190 28 6 -412
-73 5 -10 -118 -81 1 145 -2 -26 -100 -67 -10 -36 3 194
-4 -103 355 26 61 -14 -69 38 104 -67 -519 96 11 -69 -166
-106 80 271 -37 98 26 101 -153 -190 -10 96 278 -9 2 -103
23 79 -50 60 43 1 -35 -91 28 -36 11 -9 -586 27 7
-19 -14 6 0 19 0 0 0 6 3 -69 2 27 4 -24
-304 -166 -100 174 216 38 -39 -176 -412 194 -166 -103 7 -24 221

