Q_obj 
631 0 0 1 -4 22 6 204 56 11 -1 0 4 4 31 -7 -13 8 29 -2 -9 13 -455 8 3
0 933 18 -151 33 74 0 74 -27 40 -13 -64 -9 1 1 -4 29 0 -2 -14 60 -12 33 106 34
0 18 551 38 31 -37 -1 -2 27 -12 53 3 5 34 -8 -174 -35 -234 -7 28 -12 4 1 -2 -18
1 -151 38 427 59 186 -1 253 -69 104 -40 28 -25 1 -1 -8 62 1 -7 201 180 -30 112 335 90
-4 33 31 59 200 114 23 -67 -151 -29 18 -42 22 -532 -8 138 -11 -155 121 35 -90 34 -45 -115 -11
22 74 -37 186 114 485 -14 -208 -183 -130 34 11 22 242 7 -25 -107 39 -81 70 -163 36 -90 -286 -121
6 0 -1 -1 23 -14 896 -2 -4 -2 0 3 -15 -37 0 -4 -3 6 -310 0 3 -39 10 2 -19
204 74 -2 253 -67 -208 -2 417 89 -111 32 -6 25 -11 7 -5 -77 4 -14 -58 -169 25 214 -303 -97
56 -27 27 -69 -151 -183 -4 89 -37 52 -12 -14 -14 89 -1 49 44 -56 -23 -28 56 -20 11 106 42
11 40 -12 104 -29 -130 -2 -111 52 -505 3 -2 -25 30 3 -8 665 -5 -13 28 15 21 -51 78 86
-1 -13 53 -40 18 34 0 32 -12 3 883 2 -1 9 2 -18 -6 -2 -2 -3 56 -6 16 53 4
0 -64 3 28 -42 11 3 -6 -14 -2 2 647 3 -50 0 13 -1 -14 12 15 -8 4 -4 -10 -1
4 -9 5 -25 22 22 -15 25 -14 -25 -1 3 -16 -31 0 -1 -39 6 -85 -6 -1 -30 18 14 -63
4 1 34 1 -532 242 -37 -11 89 30 9 -50 -31 457 0 106 45 -117 -204 1 -55 -26 26 -15 2
31 1 -8 -1 -8 7 0 7 -1 3 2 0 0 0 945 -22 6 26 0 3 11 0 -14 -12 2
-7 -4 -174 -8 138 -25 -4 -5 49 -8 -18 13 -1 106 -22 53 -4 -752 -27 -9 34 -5 7 -5 -8
-13 29 -35 62 -11 -107 -3 -77 44 665 -6 -1 -39 45 6 -4 -18 -11 -21 48 88 16 -27 -248 130
8 0 -234 1 -155 39 6 4 -56 -5 -2 -14 6 -117 26 -752 -11 87 31 -1 3 5 -7 13 -1
29 -2 -7 -7 121 -81 -310 -14 -23 -13 -2 12 -85 -204 0 -27 -21 31 -739 -1 13 -213 53 8 -108
-2 -14 28 201 35 70 0 -58 -28 28 -3 15 -6 1 3 -9 48 -1 -1 502 -3 -12 -24 -36 24
-9 60 -12 180 -90 -163 3 -169 56 15 56 -8 -1 -55 11 34 88 3 13 -3 562 31 -72 -269 14
13 -12 4 -30 34 36 -39 25 -20 21 -6 4 -30 -26 0 -5 16 5 -213 -12 31 934 38 49 -7
-455 33 1 112 -45 -90 10 214 11 -51 16 -4 18 26 -14 7 -27 -7 53 -24 -72 38 32 -140 -34
8 106 -2 335 -115 -286 2 -303 106 78 53 -10 14 -15 -12 -5 -248 13 8 -36 -269 49 -140 401 -43
3 34 -18 90 -11 -121 -19 -97 42 86 4 -1 -63 2 2 -8 130 -1 -108 24 14 -7 -34 -43 149

