Q_obj 
-384 -74 9 -8 188 -183 138 -141 -75 -25 14 28 -13 182 -10 -141 -6 -110 -63 54
-74 1 2 -9 -7 21 -103 -27 -9 -124 204 -2 69 169 0 113 0 -27 -16 -95
9 2 110 -132 12 4 -2 3 -36 -2 -9 49 -7 -22 183 -24 124 40 -6 6
-8 -9 -132 -197 23 58 9 0 -65 -19 -19 89 -17 -51 376 -60 203 -74 -93 43
188 -7 12 23 -106 -354 100 -199 -132 8 5 63 20 394 -47 -136 -26 -96 -50 -73
-183 21 4 58 -354 47 -32 -80 16 97 627 -64 117 233 58 157 32 114 60 37
138 -103 -2 9 100 -32 435 -615 -28 0 -47 -30 36 -65 -1 108 0 25 15 47
-141 -27 3 0 -199 -80 -615 -583 73 -20 -95 -54 -188 -241 0 -167 0 -28 -16 23
-75 -9 -36 -65 -132 16 -28 73 -346 -7 -144 -13 -24 -20 -158 -5 -89 37 44 0
-25 -124 -2 -19 8 97 0 -20 -7 -651 55 11 -5 3 0 -35 0 -7 -4 100
14 204 -9 -19 5 627 -47 -95 -144 55 158 200 4 244 0 -434 0 167 99 34
28 -2 49 89 63 -64 -30 -54 -13 11 200 -420 40 21 198 101 112 -59 -62 1
-13 69 -7 -17 20 117 36 -188 -24 -5 4 40 -314 127 14 156 8 24 12 -6
182 169 -22 -51 394 233 -65 -241 -20 3 244 21 127 -308 -88 229 -49 36 33 -16
-10 0 183 376 -47 58 -1 0 -158 0 0 198 14 -88 -69 64 -234 -202 -63 0
-141 113 -24 -60 -136 157 108 -167 -5 -35 -434 101 156 229 64 163 36 47 19 -39
-6 0 124 203 -26 32 0 0 -89 0 0 112 8 -49 -234 36 -154 -31 -169 0
-110 -27 40 -74 -96 114 25 -28 37 -7 167 -59 24 36 -202 47 -31 -475 187 88
-63 -16 -6 -93 -50 60 15 -16 44 -4 99 -62 12 33 -63 19 -169 187 -626 53
54 -95 6 43 -73 37 47 23 0 100 34 1 -6 -16 0 -39 0 88 53 -762

