Q_obj 
369 -162 201 3 -465 35 -86 7 -264 85 -135 1 15 -97 361
-162 22 -89 -450 -212 71 58 284 -100 -254 -35 -62 34 -55 55
201 -89 427 138 398 93 41 -9 109 -80 96 19 -88 -360 413
3 -450 138 -255 -89 -39 14 322 83 303 24 -148 103 57 -35
-465 -212 398 -89 41 -77 347 61 -245 38 12 -12 71 115 76
35 71 93 -39 -77 -94 -21 115 74 -494 29 -5 -16 -4 98
-86 58 41 14 347 -21 67 -23 177 -114 -305 2 -46 -23 104
7 284 -9 322 61 115 -23 461 -20 107 -26 45 -30 16 21
-264 -100 109 83 -245 74 177 -20 602 13 -10 12 5 -10 129
85 -254 -80 303 38 -494 -114 107 13 -260 36 42 -18 20 -103
-135 -35 96 24 12 29 -305 -26 -10 36 -70 4 2 47 -22
1 -62 19 -148 -12 -5 2 45 12 42 4 803 15 8 -4
15 34 -88 103 71 -16 -46 -30 5 -18 2 15 528 -25 102
-97 -55 -360 57 115 -4 -23 16 -10 20 47 8 -25 513 461
361 55 413 -35 76 98 104 21 129 -103 -22 -4 102 461 -19

