Q_obj 
-398 -16 -33 18 4 1 -20 -1 -17 -11 3 16 -157 27 84 -27 83 -26 66 -14
-16 355 21 96 -34 0 -8 -517 507 -9 -354 17 104 192 1 -37 0 -3 -2 0
-33 21 -831 10 3 36 -176 9 10 167 19 195 101 -25 -25 -6 -31 -60 19 4
18 96 10 -790 -66 0 -45 66 138 -53 -68 25 13 76 -17 -31 7 -12 48 6
4 -34 3 -66 582 8 -4 38 84 -3 3 10 23 335 1 113 -5 -15 34 264
1 0 36 0 8 602 -28 -3 0 -45 0 67 -1 -16 57 0 0 226 0 0
-20 -8 -176 -45 -4 -28 -230 -256 -166 116 104 72 4 54 84 64 -5 -91 -16 3
-1 -517 9 66 38 -3 -256 345 279 -299 -196 -2 60 -79 -186 6 0 -39 44 26
-17 507 10 138 84 0 -166 279 239 -194 165 -30 139 -136 -116 -163 1 -31 -31 26
-11 -9 167 -53 -3 -45 116 -299 -194 -201 121 -20 -46 59 104 75 -6 -85 -19 3
3 -354 19 -68 3 0 104 -196 165 121 368 9 115 106 108 233 -67 11 39 48
16 17 195 25 10 67 72 -2 -30 -20 9 -200 -30 -93 -21 -16 11 -119 45 4
-157 104 101 13 23 -1 4 60 139 -46 115 -30 -137 -12 -70 -12 -231 14 41 14
27 192 -25 76 335 -16 54 -79 -136 59 106 -93 -12 -396 72 -30 -2 34 221 125
84 1 -25 -17 1 57 84 -186 -116 104 108 -21 -70 72 -345 23 20 190 55 -7
-27 -37 -6 -31 113 0 64 6 -163 75 233 -16 -12 -30 23 -412 -18 18 -151 -7
83 0 -31 7 -5 0 -5 0 1 -6 -67 11 -231 -2 20 -18 -770 -7 -7 -5
-26 -3 -60 -12 -15 226 -91 -39 -31 -85 11 -119 14 34 190 18 -7 207 -19 3
66 -2 19 48 34 0 -16 44 -31 -19 39 45 41 221 55 -151 -7 -19 79 -70
-14 0 4 6 264 0 3 26 26 3 48 4 14 125 -7 -7 -5 3 -70 618

