Q_obj 
132 -304 1 117 191 -74 -4 28 -37 -25 40 0 14 -264 32 147 -85 -28 54 127
-304 -451 14 128 -118 80 33 36 1 -78 78 -1 26 -395 44 -174 112 157 137 24
1 14 -510 26 2 5 63 141 -29 -165 -400 -13 -75 29 121 5 -119 160 -45 -5
117 128 26 -864 0 -8 40 -16 19 3 -51 0 0 -386 -17 10 95 42 52 -20
191 -118 2 0 735 -46 9 -1 1 -4 1 0 3 0 -6 -85 -82 -54 4 -131
-74 80 5 -8 -46 -54 -32 28 97 26 -3 0 52 15 1 119 32 26 4 228
-4 33 63 40 9 -32 -219 -290 -13 -228 47 0 0 12 -300 7 -79 123 -93 44
28 36 141 -16 -1 28 -290 224 4 -302 -55 -8 40 -4 -391 -4 -86 120 5 -9
-37 1 -29 19 1 97 -13 4 -464 -36 -10 2 -137 -64 10 19 58 -21 1 34
-25 -78 -165 3 -4 26 -228 -302 -36 24 -21 27 -48 -54 -302 -11 158 -206 40 -11
40 78 -400 -51 1 -3 47 -55 -10 -21 112 11 68 7 16 4 -168 239 265 3
0 -1 -13 0 0 0 0 -8 2 27 11 575 -11 0 -21 0 7 -8 9 1
14 26 -75 0 3 52 0 40 -137 -48 68 -11 532 0 -44 -1 32 -45 45 -7
-264 -395 29 -386 0 15 12 -4 -64 -54 7 0 0 317 -5 -30 -112 -48 119 85
32 44 121 -17 -6 1 -300 -391 10 -302 16 -21 -44 -5 191 -1 -100 141 57 -27
147 -174 5 10 -85 119 7 -4 19 -11 4 0 -1 -30 -1 904 -72 -42 18 35
-85 112 -119 95 -82 32 -79 -86 58 158 -168 7 32 -112 -100 -72 -133 151 -19 -58
-28 157 160 42 -54 26 123 120 -21 -206 239 -8 -45 -48 141 -42 151 -254 -24 -41
54 137 -45 52 4 4 -93 5 1 40 265 9 45 119 57 18 -19 -24 100 -28
127 24 -5 -20 -131 228 44 -9 34 -11 3 1 -7 85 -27 35 -58 -41 -28 -166

