Q_obj 
-542 0 -95 26 6 -54 49 244 0 1 2 0 6 0 30 1 17 2 -1 21 71 0 -9 0 -43 9 25 39 86 -1 0 -24 62 231 -62 0 21 10 269 -34 439 0 0 0 3
0 899 54 0 0 0 0 0 -147 0 0 0 0 0 0 0 0 0 0 -13 -34 0 0 0 20 0 6 0 0 0 0 0 0 0 29 0 -14 0 0 0 25 0 0 0 0
-95 54 -113 -1 -1 2 -15 -20 -192 -9 0 -24 -1 0 50 -4 -5 16 1 -34 -109 0 4 0 187 5 5 -44 -29 19 0 0 1 -47 270 0 -20 -2 -54 39 17 0 0 0 -31
26 0 -1 -464 2 -78 110 111 0 5 1 0 -5 0 -41 4 -314 -34 6 -35 24 0 -3 0 -12 -6 -34 43 141 -13 0 -31 103 -61 -18 0 -33 -8 -71 -2 37 0 0 0 23
6 0 -1 2 -539 17 -13 15 0 0 -162 0 35 0 4 86 10 0 1 -1 -2 0 -619 0 0 -58 -29 -23 -17 22 0 7 -13 10 -1 83 -1 55 -18 0 9 0 0 0 0
-54 0 2 -78 17 -181 -175 -267 0 -10 4 431 14 0 69 -5 -55 119 4 130 -26 0 -27 0 31 30 84 -81 -153 22 0 -458 -163 157 45 0 -29 22 183 6 -82 0 0 0 -37
49 0 -15 110 -13 -175 -54 211 0 0 -2 0 -10 0 75 0 68 0 11 -23 23 0 23 0 -5 -17 -67 91 243 0 0 -69 -239 -117 -8 0 -25 -17 -137 0 69 0 0 0 0
244 0 -20 111 15 -267 211 -166 0 0 4 0 15 0 -101 0 71 0 -4 -14 46 0 -24 0 -7 25 89 155 375 0 0 -108 191 69 -11 0 -15 24 81 0 92 0 0 0 0
0 -147 -192 0 0 0 0 0 568 0 0 0 0 0 0 0 0 0 0 49 124 0 0 0 -71 0 -20 0 0 0 0 0 0 0 -103 0 53 0 0 0 -87 0 0 0 0
1 0 -9 5 0 -10 0 0 0 -214 0 0 0 0 5 0 0 23 0 14 1 0 0 0 13 2 0 -7 -5 4 0 -3 2 1 19 0 6 0 1 6 0 0 0 0 -6
2 0 0 1 -162 4 -2 4 0 0 180 0 8 0 1 19 3 0 1 0 0 0 -133 0 0 -12 -6 -5 -3 5 0 2 -2 3 0 18 0 12 -3 0 2 0 0 0 0
0 0 -24 0 0 431 0 0 0 0 0 30 0 0 0 0 0 265 0 7 16 0 0 0 33 0 -2 123 310 0 0 174 0 -5 48 0 7 0 -5 0 0 0 0 0 0
6 0 -1 -5 35 14 -10 15 0 0 8 0 -187 0 3 -166 0 0 1 1 -3 0 -57 0 0 51 -26 5 -24 -41 0 6 -10 -5 0 0 1 264 -6 0 9 0 0 0 0
0 0 0 0 0 0 0 0 0 0 0 0 0 -851 0 0 0 0 0 0 0 0 0 0 0 0 0 0 0 0 0 0 0 0 0 0 0 0 0 0 0 0 0 0 0
30 0 50 -41 4 69 75 -101 0 5 1 0 3 0 -197 3 -24 8 -3 0 -34 0 -6 0 -35 1 23 -19 -92 -8 0 30 -54 8 -51 0 -12 5 9 -227 -81 0 0 0 16
1 0 -4 4 86 -5 0 0 0 0 19 0 -166 0 3 307 9 13 0 9 -1 0 -141 0 7 125 0 35 -17 -10 0 -1 1 1 9 0 5 -264 1 3 0 0 0 0 -90
17 0 -5 -314 10 -55 68 71 0 0 3 0 0 0 -24 9 -66 0 4 70 -58 0 -15 0 -1 -11 -25 28 78 3 0 -22 64 -39 -2 9 75 0 -45 0 24 0 0 0 0
2 0 16 -34 0 119 0 0 0 23 0 265 0 0 8 13 0 -750 0 -76 36 0 0 0 -21 -14 2 84 66 -48 0 44 3 -1 -31 0 -44 0 -1 10 0 0 0 0 83
-1 0 1 6 1 4 11 -4 0 0 1 0 1 0 -3 0 4 0 -623 -1 1 0 0 0 1 1 2 -1 -5 0 0 2 10 3 1 0 -1 1 3 0 -1 0 0 0 0
21 -13 -34 -35 -1 130 -23 -14 49 14 0 7 1 0 0 9 70 -76 -1 -721 128 0 3 0 -51 1 37 -2 -4 -36 0 -176 -25 23 -73 0 211 1 27 -6 -9 0 0 0 62
71 -34 -109 24 -2 -26 23 46 124 1 0 16 -3 0 -34 -1 -58 36 1 128 -260 0 4 0 -107 -13 64 37 12 7 0 -9 13 15 -156 0 121 -5 18 -21 3 0 0 0 -10
0 0 0 0 0 0 0 0 0 0 0 0 0 0 0 0 0 0 0 0 0 485 0 0 0 0 0 0 0 0 0 0 0 0 0 0 0 0 0 0 0 0 154 0 0
-9 0 4 -3 -619 -27 23 -24 0 0 -133 0 -57 0 -6 -141 -15 0 0 3 4 0 62 0 2 97 50 40 30 -35 0 -11 23 18 2 -137 3 -90 2 0 -13 0 0 0 0
0 0 0 0 0 0 0 0 0 0 0 0 0 0 0 0 0 0 0 0 0 0 0 -537 0 0 0 0 0 0 0 0 0 0 0 0 0 0 0 0 0 0 0 0 0
-43 20 187 -12 0 31 -5 -7 -71 13 0 33 0 0 -35 7 -1 -21 1 -51 -107 0 2 0 -517 -11 16 40 -7 -24 0 15 -18 -17 -55 0 -76 -1 -20 -52 7 -31 0 -119 43
9 0 5 -6 -58 30 -17 25 0 2 -12 0 51 0 1 125 -11 -14 1 1 -13 0 97 0 -11 453 -43 195 -108 37 0 12 -18 -8 -17 -199 5 81 -10 -4 14 0 0 0 -8
25 6 5 -34 -29 84 -67 89 -20 0 -6 -2 -26 0 23 0 -25 2 2 37 64 0 50 0 16 -43 338 -62 -116 2 0 34 -64 -36 23 0 41 -42 -42 5 52 0 0 0 -3
39 0 -44 43 -23 -81 91 155 0 -7 -5 123 5 0 -19 35 28 84 -1 -2 37 0 40 0 40 195 -62 -328 1 -4 0 -30 91 -85 58 -49 -16 8 -99 19 52 0 0 0 21
86 0 -29 141 -17 -153 243 375 0 -5 -3 310 -24 0 -92 -17 78 66 -5 -4 12 0 30 0 -7 -108 -116 1 -243 20 0 -59 228 -210 -10 20 -7 -38 -245 -2 122 0 0 0 -38
-1 0 19 -13 22 22 0 0 0 4 5 0 -41 0 -8 -10 3 -48 0 -36 7 0 -35 0 -24 37 2 -4 20 349 0 7 -3 0 -35 0 -17 -65 0 -11 0 0 0 0 362
0 0 0 0 0 0 0 0 0 0 0 0 0 0 0 0 0 0 0 0 0 0 0 0 0 0 0 0 0 0 946 0 0 0 0 0 0 0 0 0 0 0 0 0 0
-24 0 0 -31 7 -458 -69 -108 0 -3 2 174 6 0 30 -1 -22 44 2 -176 -9 0 -11 0 15 12 34 -30 -59 7 0 769 -64 68 22 0 202 9 79 4 -35 0 0 0 -11
62 0 1 103 -13 -163 -239 191 0 2 -2 0 -10 0 -54 1 64 3 10 -25 13 0 23 0 -18 -18 -64 91 228 -3 0 -64 -79 -122 -26 0 -31 -16 -143 -77 46 0 0 0 6
231 0 -47 -61 10 157 -117 69 0 1 3 -5 -5 0 8 1 -39 -1 3 23 15 0 18 0 -17 -8 -36 -85 -210 0 0 68 -122 -176 -25 0 27 -8 284 0 208 0 0 0 1
-62 29 270 -18 -1 45 -8 -11 -103 19 0 48 0 0 -51 9 -2 -31 1 -73 -156 0 2 0 -55 -17 23 58 -10 -35 0 22 -26 -25 -559 0 -110 -1 -30 -76 9 22 0 83 62
0 0 0 0 83 0 0 0 0 0 18 0 0 0 0 0 9 0 0 0 0 0 -137 0 0 -199 0 -49 20 0 0 0 0 0 0 170 0 0 0 0 0 0 0 0 0
21 -14 -20 -33 -1 -29 -25 -15 53 6 0 7 1 0 -12 5 75 -44 -1 211 121 0 3 0 -76 5 41 -16 -7 -17 0 202 -31 27 -110 0 -689 1 31 -21 -10 0 0 0 31
10 0 -2 -8 55 22 -17 24 0 0 12 0 264 0 5 -264 0 0 1 1 -5 0 -90 0 -1 81 -42 8 -38 -65 0 9 -16 -8 -1 0 1 67 -9 0 13 0 0 0 0
269 0 -54 -71 -18 183 -137 81 0 1 -3 -5 -6 0 9 1 -45 -1 3 27 18 0 2 0 -20 -10 -42 -99 -245 0 0 79 -143 284 -30 0 31 -9 -89 0 242 0 0 0 1
-34 0 39 -2 0 6 0 0 0 6 0 0 0 0 -227 3 0 10 0 -6 -21 0 0 0 -52 -4 5 19 -2 -11 0 4 -77 0 -76 0 -21 0 0 -284 0 0 0 0 19
439 25 17 37 9 -82 69 92 -87 0 2 0 9 0 -81 0 24 0 -1 -9 3 0 -13 0 7 14 52 52 122 0 0 -35 46 208 9 0 -10 13 242 0 122 0 0 0 0
0 0 0 0 0 0 0 0 0 0 0 0 0 0 0 0 0 0 0 0 0 0 0 0 -31 0 0 0 0 0 0 0 0 0 22 0 0 0 0 0 0 846 0 -282 0
0 0 0 0 0 0 0 0 0 0 0 0 0 0 0 0 0 0 0 0 0 154 0 0 0 0 0 0 0 0 0 0 0 0 0 0 0 0 0 0 0 0 -128 0 0
0 0 0 0 0 0 0 0 0 0 0 0 0 0 0 0 0 0 0 0 0 0 0 0 -119 0 0 0 0 0 0 0 0 0 83 0 0 0 0 0 0 -282 0 -152 0
3 0 -31 23 0 -37 0 0 0 -6 0 0 0 0 16 -90 0 83 0 62 -10 0 0 0 43 -8 -3 21 -38 362 0 -11 6 1 62 0 31 0 1 19 0 0 0 0 -43

