Q_obj 
312 0 0 0 36 0 0 0 0 0 0 0 0 0 0 0 0 0 0 0 0 0 0 0 0 0 0 26 0 0 0 0 0 0 0 0 0 0 0 8 0 -149 0 0 0 -39 -21 0 0 0 0 3
0 959 0 1 0 0 0 -4 0 0 18 0 0 0 -5 0 0 0 0 0 0 0 0 0 0 -43 0 1 0 5 0 0 0 34 0 0 0 0 0 -61 0 0 -32 0 0 0 0 -10 14 -20 0 192
0 0 -267 348 0 0 0 0 0 1 0 0 0 0 0 0 0 0 0 0 0 0 0 0 -73 0 0 1 1 0 0 0 0 0 0 0 0 0 0 -8 0 0 1 0 0 0 0 0 0 302 1 30
0 1 348 82 0 0 0 1 1 0 1 1 1 0 1 1 0 0 1 0 0 0 0 1 194 1 0 1 1 1 0 0 0 0 1 1 0 0 1 9 1 0 1 0 1 0 0 0 1 -282 0 -27
36 0 0 0 -539 0 0 0 0 -186 0 51 0 0 0 0 0 0 0 0 0 0 0 0 0 0 0 171 -18 0 0 0 145 0 0 0 0 0 0 48 0 239 0 0 0 65 -146 0 0 -1 -67 15
0 0 0 0 0 190 0 0 -63 21 28 0 0 0 3 0 0 0 0 0 0 0 0 0 0 17 -14 104 0 14 0 0 27 -12 25 0 -101 0 39 -336 0 0 2 -154 42 0 0 43 0 0 0 -102
0 0 0 0 0 0 357 0 0 18 0 105 0 0 53 -285 0 0 0 0 0 0 0 0 0 0 0 0 -38 0 -197 0 -13 9 0 0 0 0 0 0 0 0 0 0 0 0 0 0 0 0 11 0
0 -4 0 1 0 0 0 -564 0 0 -14 15 2 0 4 0 0 0 1 0 0 0 0 16 0 29 0 0 41 1 0 0 0 -21 0 1 0 0 0 -8 102 0 0 0 0 0 0 9 -18 -3 0 34
0 0 0 1 0 -63 0 0 -79 10 -159 0 9 0 -7 -88 -1 0 4 0 0 0 -17 -1 0 42 29 29 0 -1 128 -61 13 44 -72 2 -85 0 -132 -93 0 0 0 85 -498 0 0 -249 0 0 0 -28
0 0 1 0 -186 21 18 0 10 234 -2 -19 0 0 58 24 0 0 1 0 0 0 1 0 0 -1 -13 134 8 285 17 1 128 11 -2 0 28 0 -3 71 0 0 42 16 -4 0 -123 -4 0 1 -1 22
0 18 0 1 0 28 0 -14 -159 -2 -354 0 0 0 3 39 0 0 1 0 0 0 1 0 0 17 -42 -12 0 13 -55 4 -3 -12 64 0 37 0 -226 66 0 0 -95 -37 47 0 0 486 42 9 0 -67
0 0 0 1 51 0 105 15 0 -19 0 -499 0 0 52 140 1 0 0 0 0 0 0 -1 0 0 0 -38 170 1 97 1 16 9 0 0 0 0 0 -10 63 0 -2 0 0 0 34 0 0 0 -433 -3
0 0 0 1 0 0 0 2 9 0 0 0 -145 0 4 0 54 -157 211 0 -150 0 -237 -31 0 30 -31 0 0 -1 0 -33 0 -22 0 -75 0 0 0 0 -1 0 0 0 0 0 0 0 0 -1 0 11
0 0 0 0 0 0 0 0 0 0 0 0 0 -594 0 0 0 0 0 0 0 0 0 0 0 0 0 0 0 0 0 0 0 0 0 0 0 0 0 0 0 0 0 0 0 0 0 0 0 0 0 0
0 -5 0 1 0 3 53 4 -7 58 3 52 4 0 -650 72 0 0 1 0 0 0 1 37 0 3 -1 1 -18 1 50 0 -45 -22 -20 1 3 0 0 1 0 0 -4 2 0 0 0 -1 3 2 -210 -12
0 0 0 1 0 0 -285 0 -88 24 39 140 0 0 72 171 0 0 -1 0 0 0 1 0 0 0 -25 0 -51 0 -244 -8 -18 12 36 0 0 0 55 0 0 0 0 98 60 0 0 61 0 0 15 0
0 0 0 0 0 0 0 0 -1 0 0 1 54 0 0 0 111 -80 -100 180 -24 0 35 -4 0 -3 5 1 1 1 0 17 0 3 0 455 0 0 0 1 1 0 1 0 0 0 0 0 1 1 0 -1
0 0 0 0 0 0 0 0 0 0 0 0 -157 0 0 0 -80 319 88 -6 -171 0 0 13 0 0 0 0 0 0 0 -14 0 0 0 58 0 0 0 0 0 0 0 0 0 0 0 0 0 0 0 0
0 0 0 1 0 0 0 1 4 1 1 0 211 0 1 -1 -100 88 -2 0 85 0 -361 -34 0 6 -17 0 0 0 2 60 1 -4 1 143 0 0 1 0 0 0 0 1 1 0 0 1 0 0 0 3
0 0 0 0 0 0 0 0 0 0 0 0 0 0 0 0 180 -6 0 -563 8 0 0 0 0 0 0 0 0 0 0 0 0 0 0 127 0 0 0 0 0 0 0 0 0 0 0 0 0 0 0 0
0 0 0 0 0 0 0 0 0 0 0 0 -150 0 0 0 -24 -171 85 8 334 0 0 12 0 0 0 0 0 0 0 -13 0 0 0 93 0 0 0 0 0 0 0 0 0 0 0 0 0 0 0 0
0 0 0 0 0 0 0 0 0 0 0 0 0 0 0 0 0 0 0 0 0 877 0 0 0 0 0 0 0 0 0 0 0 0 0 0 0 0 0 0 0 0 0 0 0 0 0 0 0 0 0 0
0 0 0 0 0 0 0 0 -17 1 1 0 -237 0 1 1 35 0 -361 0 0 0 294 34 0 1 66 1 0 4 0 29 1 0 1 -48 0 0 1 0 0 0 1 -1 1 0 0 1 0 0 0 0
0 0 0 1 0 0 0 16 -1 0 0 -1 -31 0 37 0 -4 13 -34 0 12 0 34 -422 0 289 5 -5 -4 2 0 6 0 -220 0 7 0 0 0 -9 -11 0 -5 0 0 0 0 0 -8 -9 0 101
0 0 -73 194 0 0 0 0 0 0 0 0 0 0 0 0 0 0 0 0 0 0 0 0 950 0 0 0 0 0 0 0 0 0 0 0 0 0 0 -1 0 0 1 0 0 0 0 0 0 61 0 6
0 -43 0 1 0 17 0 29 42 -1 17 0 30 0 3 0 -3 0 6 0 0 0 1 289 0 -508 11 8 0 5 0 0 -1 -16 97 6 23 0 -2 2 0 0 -35 12 -3 0 0 -14 23 10 0 -95
0 0 0 0 0 -14 0 0 29 -13 -42 0 -31 0 -1 -25 5 0 -17 0 0 0 66 5 0 11 -176 7 0 21 38 201 -16 12 -19 -6 -19 0 -35 -21 0 0 3 33 -131 0 0 -65 0 0 0 -6
26 1 1 1 171 104 0 0 29 134 -12 -38 0 0 1 0 1 0 0 0 0 0 1 -5 0 8 7 -250 15 -6 0 1 -122 -5 -11 0 140 0 -17 -98 0 171 0 71 -18 47 319 -18 0 1 53 -27
0 0 1 1 -18 0 -38 41 0 8 0 170 0 0 -18 -51 1 0 0 0 0 0 0 -4 0 0 0 15 -100 1 -35 1 -5 -3 0 0 0 0 0 4 170 0 -5 0 0 0 -12 0 0 1 160 2
0 5 0 1 0 14 0 1 -1 285 13 1 -1 0 1 0 1 0 0 0 0 0 4 2 0 5 21 -6 1 -609 1 11 367 -3 -1 0 18 0 -2 27 3 0 -6 11 -2 0 0 -11 18 3 0 -16
0 0 0 0 0 0 -197 0 128 17 -55 97 0 0 50 -244 0 0 2 0 0 0 0 0 0 0 38 0 -35 1 356 12 -12 9 -51 0 0 0 -78 0 0 0 1 -140 -85 0 0 -87 0 0 10 0
0 0 0 0 0 0 0 0 -61 1 4 1 -33 0 0 -8 17 -14 60 0 -13 0 29 6 0 0 201 1 1 11 12 361 1 1 4 -22 -1 0 6 -1 1 0 2 6 6 0 0 6 1 1 0 0
0 0 0 0 145 27 -13 0 13 128 -3 16 0 0 -45 -18 0 0 1 0 0 0 1 0 0 -1 -16 -122 -5 367 -12 1 300 -5 -3 0 36 0 -4 8 0 0 55 20 -5 0 96 -5 0 0 1 3
0 34 0 0 0 -12 9 -21 44 11 -12 9 -22 0 -22 12 3 0 -4 0 0 0 0 -220 0 -16 12 -5 -3 -3 9 1 -5 -520 127 -3 -17 0 3 -1 0 0 28 -8 3 0 0 12 -16 -7 -34 74
0 0 0 1 0 25 0 0 -72 -2 64 0 0 0 -20 36 0 0 1 0 0 0 1 0 0 97 -19 -11 0 -1 -51 4 -3 127 -238 0 34 0 53 38 0 0 0 -34 199 0 0 100 0 0 0 12
0 0 0 1 0 0 0 1 2 0 0 0 -75 0 1 0 455 58 143 127 93 0 -48 7 0 6 -6 0 0 0 0 -22 0 -3 0 -210 0 0 0 0 0 0 0 0 0 0 0 0 0 0 0 2
0 0 0 0 0 -101 0 0 -85 28 37 0 0 0 3 0 0 0 0 0 0 0 0 0 0 23 -19 140 0 18 0 -1 36 -17 34 0 128 0 52 -455 0 0 3 -208 57 0 0 58 0 0 0 -138
0 0 0 0 0 0 0 0 0 0 0 0 0 0 0 0 0 0 0 0 0 0 0 0 0 0 0 0 0 0 0 0 0 0 0 0 0 -82 0 0 0 0 0 0 0 0 0 0 0 0 0 0
0 0 0 1 0 39 0 0 -132 -3 -226 0 0 0 0 55 0 0 1 0 0 0 1 0 0 -2 -35 -17 0 -2 -78 6 -4 3 53 0 52 0 640 57 0 0 0 -53 236 0 0 -354 0 0 0 18
8 -61 -8 9 48 -336 0 -8 -93 71 66 -10 0 0 1 0 1 0 0 0 0 0 0 -9 -1 2 -21 -98 4 27 0 -1 8 -1 38 0 -455 0 57 59 0 48 -45 -229 62 13 90 47 21 3 15 42
0 0 0 1 0 0 0 102 0 0 0 63 -1 0 0 0 1 0 0 0 0 0 0 -11 0 0 0 0 170 3 0 1 0 0 0 0 0 0 0 0 -165 0 -14 0 0 0 0 0 0 0 0 0
-149 0 0 0 239 0 0 0 0 0 0 0 0 0 0 0 0 0 0 0 0 0 0 0 0 0 0 171 0 0 0 0 0 0 0 0 0 0 0 48 0 -676 0 0 0 -264 -147 0 0 0 0 15
0 -32 1 1 0 2 0 0 0 42 -95 -2 0 0 -4 0 1 0 0 0 0 0 1 -5 1 -35 3 0 -5 -6 1 2 55 28 0 0 3 0 0 -45 -14 0 -567 2 0 0 0 61 -116 -15 0 150
0 0 0 0 0 -154 0 0 85 16 -37 0 0 0 2 98 0 0 1 0 0 0 -1 0 0 12 33 71 0 11 -140 6 20 -8 -34 0 -208 0 -53 -229 0 0 2 729 -58 0 0 -58 0 0 0 -69
0 0 0 1 0 42 0 0 -498 -4 47 0 0 0 0 60 0 0 1 0 0 0 1 0 0 -3 -131 -18 0 -2 -85 6 -5 3 199 0 57 0 236 62 0 0 0 -58 -628 0 0 73 0 0 0 19
-39 0 0 0 65 0 0 0 0 0 0 0 0 0 0 0 0 0 0 0 0 0 0 0 0 0 0 47 0 0 0 0 0 0 0 0 0 0 0 13 0 -264 0 0 0 -275 -39 0 0 0 0 4
-21 0 0 0 -146 0 0 0 0 -123 0 34 0 0 0 0 0 0 0 0 0 0 0 0 0 0 0 319 -12 0 0 0 96 0 0 0 0 0 0 90 0 -147 0 0 0 -39 -154 0 0 0 -44 28
0 -10 0 0 0 43 0 9 -249 -4 486 0 0 0 -1 61 0 0 1 0 0 0 1 0 0 -14 -65 -18 0 -11 -87 6 -5 12 100 0 58 0 -354 47 0 0 61 -58 73 0 0 95 -26 -5 0 71
0 14 0 1 0 0 0 -18 0 0 42 0 0 0 3 0 1 0 0 0 0 0 0 -8 0 23 0 0 0 18 0 1 0 -16 0 0 0 0 0 21 0 0 -116 0 0 0 0 -26 -797 7 0 -62
0 -20 302 -282 -1 0 0 -3 0 1 9 0 -1 0 2 0 1 0 0 0 0 0 0 -9 61 10 0 1 1 3 0 1 0 -7 0 0 0 0 0 3 0 0 -15 0 0 0 0 -5 7 -144 1 -4
0 0 1 0 -67 0 11 0 0 -1 0 -433 0 0 -210 15 0 0 0 0 0 0 0 0 0 0 0 53 160 0 10 0 1 -34 0 0 0 0 0 15 0 0 0 0 0 0 -44 0 0 1 -218 5
3 192 30 -27 15 -102 0 34 -28 22 -67 -3 11 0 -12 0 -1 0 3 0 0 0 0 101 6 -95 -6 -27 2 -16 0 0 3 74 12 2 -138 0 18 42 0 15 150 -69 19 4 28 71 -62 -4 5 -89

