Q_obj 
574 1 1 1 3 0 1 0 0 0 0 0 1 0 0 0 0 -2 0 -1 2 1 381 0 1 -3 0 1 1 -7 0 0 0 0 -2 0 -1 0 3 0 0 -3 0 -2 0 6 1 -246 -7 0 0 0
1 -27 -11 0 1 -44 -2 0 0 -70 0 0 0 0 0 0 -102 0 0 -3 5 -1 1 -91 -18 0 0 1 1 0 1 1 0 0 0 272 5 -1 0 0 5 -10 0 2 0 1 -3 0 0 9 0 0
1 -11 -272 0 0 0 0 0 0 -319 0 0 0 0 0 0 -12 0 0 1 9 0 1 0 -78 0 0 0 0 0 0 37 0 0 1 -53 10 1 0 0 0 3 0 1 0 0 0 0 0 21 0 0
1 0 0 618 16 0 32 10 0 0 0 -57 0 0 0 -121 1 0 0 0 -26 0 1 0 1 -38 0 1 662 -3 91 1 0 0 -18 0 24 1 0 1 0 1 0 40 0 -3 -1 0 0 0 0 0
3 1 0 16 -372 0 -37 -60 -201 -1 2 30 0 0 26 6 0 12 0 7 24 7 2 0 8 15 -55 0 -31 42 179 0 1 0 -125 1 47 3 -14 -1 -22 17 0 -34 1 390 32 0 0 -28 0 0
0 -44 0 0 0 -221 0 0 0 -6 0 0 0 0 0 0 38 0 0 0 0 0 0 376 -1 0 0 1 0 0 0 0 0 0 0 40 0 0 0 0 0 -1 0 0 0 0 1 0 0 0 0 0
1 -2 0 32 -37 0 -210 -99 0 7 1 53 0 0 0 11 2 0 0 -2 -134 -26 1 0 -26 4 0 1 -54 0 290 8 0 0 45 0 -146 1 1 -2 75 1 0 -74 0 -1 -128 0 0 111 0 0
0 0 0 10 -60 0 -99 639 0 0 1 17 0 0 0 4 0 0 0 0 0 0 0 0 0 1 0 0 -17 0 92 0 0 0 72 0 0 0 1 0 0 0 0 -116 0 0 0 0 0 0 0 0
0 0 0 0 -201 0 0 0 71 0 0 0 0 0 -82 0 0 0 0 0 0 0 0 0 0 0 177 0 0 0 0 0 0 0 -219 0 0 0 0 0 0 0 0 -29 0 -41 0 0 0 0 0 0
0 -70 -319 0 -1 -6 7 0 0 157 0 0 0 0 0 0 3 0 0 1 0 3 0 -12 37 1 0 0 1 1 1 -65 0 0 3 -43 0 1 0 0 -12 2 0 -3 0 1 16 0 0 -48 0 0
0 0 0 0 2 0 1 1 0 0 376 0 0 0 0 -564 0 57 0 10 0 0 0 0 0 3 0 -1 -103 -9 0 0 0 0 -2 2 0 5 82 101 0 29 0 -2 0 5 0 0 0 0 0 0
0 0 0 -57 30 0 53 17 0 0 0 -530 0 0 0 -18 1 0 0 0 -1 0 0 0 1 -5 0 1 101 0 150 1 0 0 -35 0 -1 1 0 1 -1 1 0 62 0 3 -2 0 0 0 0 0
1 0 0 0 0 0 0 0 0 0 0 0 -344 0 0 0 0 0 0 0 0 0 0 0 0 127 0 0 8 -40 0 0 0 0 0 0 0 0 0 0 0 0 0 0 0 0 0 0 0 0 0 0
0 0 0 0 0 0 0 0 0 0 0 0 0 531 0 0 0 0 0 0 0 0 0 0 0 0 0 0 0 0 0 0 0 0 0 0 0 0 0 0 0 0 0 0 0 0 0 0 0 0 0 0
0 0 0 0 26 0 0 0 -82 0 0 0 0 0 597 0 0 0 0 0 0 0 0 0 0 0 254 0 0 0 0 0 0 0 29 0 0 0 0 0 0 0 0 4 0 6 0 0 0 0 0 0
0 0 0 -121 6 0 11 4 0 0 -564 -18 0 0 0 244 1 0 0 0 3 0 0 0 1 -4 0 1 82 1 30 1 0 0 -7 0 -2 1 -71 -44 0 1 0 12 0 1 0 0 0 1 0 0
0 -102 -12 1 0 38 2 0 0 3 0 1 0 0 0 1 -64 0 0 4 -2 1 0 76 2 1 0 0 0 1 0 7 0 0 1 -236 -2 2 0 0 -3 10 0 0 0 0 4 0 0 -3 0 0
-2 0 0 0 12 0 0 0 0 0 57 0 0 0 0 0 0 -484 0 61 0 0 -1 0 0 -18 0 -8 -1 -59 0 0 0 0 -13 8 0 27 -444 0 0 178 0 -14 0 26 0 0 0 0 0 0
0 0 0 0 0 0 0 0 0 0 0 0 0 0 0 0 0 0 389 0 0 0 0 0 0 0 0 0 0 0 0 0 0 -151 0 0 0 0 0 0 0 0 0 0 0 0 0 0 0 0 0 0
-1 -3 1 0 7 0 -2 0 0 1 10 0 0 0 0 0 4 61 0 -75 0 2 0 -1 0 -9 0 10 0 -29 1 -1 0 0 -7 -7 0 -2 -77 0 5 -18 0 -5 0 13 6 0 0 0 0 0
2 5 9 -26 24 0 -134 0 0 0 0 -1 0 0 0 3 -2 0 0 0 207 69 2 0 -64 -4 0 1 -13 -16 1 -81 0 0 -29 -2 -362 1 0 0 268 1 0 85 0 -19 333 0 0 -3 0 0
1 -1 0 0 7 0 -26 0 0 3 0 0 0 0 0 0 1 0 0 2 69 206 1 0 -12 0 0 0 1 0 1 -57 0 0 -7 0 74 0 0 0 53 0 0 15 0 1 -76 0 0 42 0 0
381 1 1 1 2 0 1 0 0 0 0 0 0 0 0 0 0 -1 0 0 2 1 140 0 1 1 0 1 1 -5 0 0 0 0 -1 0 -1 0 2 0 0 -1 0 -1 0 3 1 425 14 0 0 0
0 -91 0 0 0 376 0 0 0 -12 0 0 0 0 0 0 76 0 0 -1 0 0 0 367 -3 0 0 1 0 0 0 0 0 0 0 82 0 0 0 0 0 -3 0 0 0 0 2 0 0 -1 0 0
1 -18 -78 1 8 -1 -26 0 0 37 0 1 0 0 0 1 2 0 0 0 -64 -12 1 -3 18 1 0 1 0 0 0 -12 1 0 -8 -10 -70 1 0 0 53 1 0 14 3 0 -58 0 0 41 0 0
-3 0 0 -38 15 0 4 1 0 1 3 -5 127 0 0 -4 1 -18 0 -9 -4 0 1 0 1 -835 0 2 -37 429 9 1 0 0 -17 -1 4 -4 25 1 1 -27 0 -12 0 30 0 2 1 1 0 0
0 0 0 0 -55 0 0 0 177 0 0 0 0 0 254 0 0 0 0 0 0 0 0 0 0 0 173 0 0 0 0 0 0 0 -59 0 0 0 0 0 0 0 0 -8 0 -11 0 0 0 0 0 0
1 1 0 1 0 1 1 0 0 0 -1 1 0 0 0 1 0 -8 0 10 1 0 1 1 1 2 0 -5 1 4 0 1 0 0 1 2 1 1 11 0 0 3 0 1 0 -1 0 0 0 1 0 0
1 1 0 662 -31 0 -54 -17 0 1 -103 101 8 0 0 82 0 -1 0 0 -13 1 1 0 0 -37 0 1 -187 23 -157 0 0 0 39 0 16 0 -11 -8 2 -1 0 -64 0 -3 3 1 1 1 0 0
-7 0 0 -3 42 0 0 0 0 1 -9 0 -40 0 0 1 1 -59 0 -29 -16 0 -5 0 0 429 0 4 23 385 0 1 0 0 -48 -3 15 -12 76 0 1 -87 0 -50 0 92 0 0 0 2 0 0
0 1 0 91 179 0 290 92 0 1 0 150 0 0 0 30 0 0 0 1 1 1 0 0 0 9 0 0 -157 0 104 0 0 0 -208 0 1 0 0 3 1 0 0 340 0 0 1 0 0 1 0 0
0 1 37 1 0 0 8 0 0 -65 0 1 0 0 0 1 7 0 0 -1 -81 -57 0 0 -12 1 0 1 0 1 0 -491 0 0 2 -10 -87 1 0 0 -15 1 0 -5 0 -1 -281 0 0 -16 0 0
0 0 0 0 1 0 0 0 0 0 0 0 0 0 0 0 0 0 0 0 0 0 0 0 1 0 0 0 0 0 0 0 21 0 0 0 0 -106 0 0 1 16 0 1 -2 0 0 0 0 0 0 0
0 0 0 0 0 0 0 0 0 0 0 0 0 0 0 0 0 0 -151 0 0 0 0 0 0 0 0 0 0 0 0 0 0 217 0 0 0 0 0 0 0 0 0 0 0 0 0 0 0 0 0 0
-2 0 1 -18 -125 0 45 72 -219 3 -2 -35 0 0 29 -7 1 -13 0 -7 -29 -7 -1 0 -8 -17 -59 1 39 -48 -208 2 0 0 -255 0 -55 -2 18 2 25 -19 0 87 0 -391 -38 0 0 34 0 0
0 272 -53 0 1 40 0 0 0 -43 2 0 0 0 0 0 -236 8 0 -7 -2 0 0 82 -10 -1 0 2 0 -3 0 -10 0 0 0 436 -2 -3 -10 0 0 -22 0 0 0 2 -5 0 0 -2 0 0
-1 5 10 24 47 0 -146 0 0 0 0 -1 0 0 0 -2 -2 0 0 0 -362 74 -1 0 -70 4 0 1 16 15 1 -87 0 0 -55 -2 150 1 0 0 290 1 0 67 0 25 360 0 0 -3 0 0
0 -1 1 1 3 0 1 0 0 1 5 1 0 0 0 1 2 27 0 -2 1 0 0 0 1 -4 0 1 0 -12 0 1 -106 0 -2 -3 1 367 -33 0 0 -72 0 -3 0 6 0 0 0 1 0 0
3 0 0 0 -14 0 1 1 0 0 82 0 0 0 0 -71 0 -444 0 -77 0 0 2 0 0 25 0 11 -11 76 0 0 0 0 18 -10 0 -33 -252 13 0 -225 0 19 0 -32 0 0 0 0 0 0
0 0 0 1 -1 0 -2 0 0 0 101 1 0 0 0 -44 0 0 0 0 0 0 0 0 0 1 0 0 -8 0 3 0 0 0 2 0 0 0 13 -883 0 0 0 -2 0 0 0 0 0 0 0 0
0 5 0 0 -22 0 75 0 0 -12 0 -1 0 0 0 0 -3 0 0 5 268 53 0 0 53 1 0 0 2 1 1 -15 1 0 25 0 290 0 0 0 -240 -1 0 -36 1 4 256 0 0 -218 0 0
-3 -10 3 1 17 -1 1 0 0 2 29 1 0 0 0 1 10 178 0 -18 1 0 -1 -3 1 -27 0 3 -1 -87 0 1 16 0 -19 -22 1 -72 -225 0 -1 -114 0 -21 1 38 -1 0 0 1 0 0
0 0 0 0 0 0 0 0 0 0 0 0 0 0 0 0 0 0 0 0 0 0 0 0 0 0 0 0 0 0 0 0 0 0 0 0 0 0 0 0 0 0 -779 0 0 0 0 0 0 0 0 0
-2 2 1 40 -34 0 -74 -116 -29 -3 -2 62 0 0 4 12 0 -14 0 -5 85 15 -1 0 14 -12 -8 1 -64 -50 340 -5 1 0 87 0 67 -3 19 -2 -36 -21 0 -217 1 -441 71 0 0 -58 0 0
0 0 0 0 1 0 0 0 0 0 0 0 0 0 0 0 0 0 0 0 0 0 0 0 3 0 0 0 0 0 0 0 -2 0 0 0 0 0 0 0 1 1 0 1 -162 0 0 0 0 0 0 0
6 1 0 -3 390 0 -1 0 -41 1 5 3 0 0 6 1 0 26 0 13 -19 1 3 0 0 30 -11 -1 -3 92 0 -1 0 0 -391 2 25 6 -32 0 4 38 0 -441 0 58 5 0 0 3 0 0
1 -3 0 -1 32 1 -128 0 0 16 0 -2 0 0 0 0 4 0 0 6 333 -76 1 2 -58 0 0 0 3 0 1 -281 0 0 -38 -5 360 0 0 0 256 -1 0 71 0 5 -148 0 0 204 0 0
-246 0 0 0 0 0 0 0 0 0 0 0 0 0 0 0 0 0 0 0 0 0 425 0 0 2 0 0 1 0 0 0 0 0 0 0 0 0 0 0 0 0 0 0 0 0 0 -667 -27 0 0 0
-7 0 0 0 0 0 0 0 0 0 0 0 0 0 0 0 0 0 0 0 0 0 14 0 0 1 0 0 1 0 0 0 0 0 0 0 0 0 0 0 0 0 0 0 0 0 0 -27 113 0 0 0
0 9 21 0 -28 0 111 0 0 -48 0 0 0 0 0 1 -3 0 0 0 -3 42 0 -1 41 1 0 1 1 2 1 -16 0 0 34 -2 -3 1 0 0 -218 1 0 -58 0 3 204 0 0 -509 0 0
0 0 0 0 0 0 0 0 0 0 0 0 0 0 0 0 0 0 0 0 0 0 0 0 0 0 0 0 0 0 0 0 0 0 0 0 0 0 0 0 0 0 0 0 0 0 0 0 0 0 -653 0
0 0 0 0 0 0 0 0 0 0 0 0 0 0 0 0 0 0 0 0 0 0 0 0 0 0 0 0 0 0 0 0 0 0 0 0 0 0 0 0 0 0 0 0 0 0 0 0 0 0 0 -527

