Q_obj 
356 -98 0 -153 11 29 3 -16 -115 44 0 122 -20 5 2 31 -24 -300 -100 -8 94 -1 205 -36 -13 -3 -114 -41 -1 0 2 -60 0 -7 0
-98 73 12 -35 22 -2 21 1 -176 18 0 -16 1 7 58 72 39 26 19 1 -7 1 -19 -14 4 -6 21 27 4 0 4 33 0 1 0
0 12 -31 19 236 -48 -12 116 17 3 0 21 0 85 -55 -92 -18 -97 -104 0 -158 -79 -31 -1 -120 -154 82 -153 -202 0 88 181 0 150 0
-153 -35 19 -141 -90 -6 -34 26 -62 21 0 -56 -55 -26 13 -120 56 -61 22 -24 -20 3 -23 -29 37 61 7 -27 20 56 70 59 11 73 0
11 22 236 -90 312 10 -23 -58 32 5 0 -81 0 -55 29 -298 12 80 -44 0 32 41 64 -3 61 79 -33 -3 98 0 -44 -50 0 -75 0
29 -2 -48 -6 10 110 -1 5 0 2 0 -58 1 -20 -2 -16 -2 9 59 0 -4 -2 30 -1 -5 -5 59 48 40 0 4 13 0 6 0
3 21 -12 -34 -23 -1 28 0 28 0 0 5 0 112 0 -52 3 5 0 0 -5 0 7 0 0 0 0 -13 54 0 0 20 0 0 0
-16 1 116 26 -58 5 0 -619 1 17 0 -24 195 -30 -23 0 -2 -37 15 84 14 -33 -7 20 -409 -70 -17 -7 57 0 12 79 0 125 0
-115 -176 17 -62 32 0 28 1 -45 27 0 -12 1 9 -43 96 45 37 17 1 -2 1 -20 -22 5 6 20 33 5 0 -3 30 0 1 0
44 18 3 21 5 2 0 17 27 -398 0 11 0 2 0 0 -15 1 -7 0 7 0 15 -386 5 -37 -7 -3 0 -11 -13 -31 -2 -7 0
0 0 0 0 0 0 0 0 0 0 -675 0 0 0 0 0 0 0 0 0 0 0 0 0 0 0 0 0 0 0 0 0 0 0 -176
122 -16 21 -56 -81 -58 5 -24 -12 11 0 -59 20 -7 3 47 -57 -40 288 9 -190 10 -7 -4 1 0 254 120 26 -19 -35 -65 -3 -44 0
-20 1 0 -55 0 1 0 195 1 0 0 20 190 7 59 0 11 94 0 442 1 83 29 1 -507 162 0 0 0 0 -90 -174 0 5 0
5 7 85 -26 -55 -20 112 -30 9 2 0 -7 7 -140 12 29 5 38 16 3 -66 19 12 1 25 29 -16 -165 -186 -6 -29 -38 -1 -44 0
2 58 -55 13 29 -2 0 -23 -43 0 0 3 59 12 401 0 -4 -24 -7 26 -6 -2 -8 0 -31 -38 9 4 -27 0 22 41 0 -75 0
31 72 -92 -120 -298 -16 -52 0 96 0 0 47 0 29 0 -38 7 2 42 0 -52 0 17 0 -1 0 -9 -123 -111 0 0 49 0 0 0
-24 39 -18 56 12 -2 3 -2 45 -15 0 -57 11 5 -4 7 174 156 1 5 -7 -1 -244 16 -6 -14 11 6 -8 -10 -11 25 -2 -11 0
-300 26 -97 -61 80 9 5 -37 37 1 0 -40 94 38 -24 2 156 -478 -76 41 29 -7 322 21 -44 -108 -36 -15 -53 -92 -111 -256 -18 -114 0
-100 19 -104 22 -44 59 0 15 17 -7 0 288 0 16 -7 42 1 -76 76 0 192 -9 -137 7 -11 -19 -239 -91 -31 0 11 -7 0 19 0
-8 1 0 -24 0 0 0 84 1 0 0 9 442 3 26 0 5 41 0 -647 0 36 13 0 -218 70 0 0 0 0 -39 -74 0 2 0
94 -7 -158 -20 32 -4 -5 14 -2 7 0 -190 1 -66 -6 -52 -7 29 192 0 96 -9 95 -5 -18 -18 191 155 130 0 11 42 0 18 0
-1 1 -79 3 41 -2 0 -33 1 0 0 10 83 19 -2 0 -1 -7 -9 36 -9 126 -4 0 -44 -7 13 6 -39 0 5 8 0 -107 0
205 -19 -31 -23 64 30 7 -7 -20 15 0 -7 29 12 -8 17 -244 322 -137 13 95 -4 -399 -6 -29 -38 -119 -46 -23 -28 -30 84 -5 -29 0
-36 -14 -1 -29 -3 -1 0 20 -22 -386 0 -4 1 1 0 0 16 21 7 0 -5 0 -6 -525 10 -44 7 3 0 -13 -15 -12 -2 -9 0
-13 4 -120 37 61 -5 0 -409 5 5 0 1 -507 25 -31 -1 -6 -44 -11 -218 -18 -44 -29 10 17 -88 24 10 -59 0 39 98 0 -186 0
-3 -6 -154 61 79 -5 0 -70 6 -37 0 0 162 29 -38 0 -14 -108 -19 70 -18 -7 -38 -44 -88 283 24 11 -76 269 -200 192 53 -208 0
-114 21 82 7 -33 59 0 -17 20 -7 0 254 0 -16 9 -9 11 -36 -239 0 191 13 -119 7 24 24 -30 -107 39 0 -13 -50 0 -22 0
-41 27 -153 -27 -3 48 -13 -7 33 -3 0 120 0 -165 4 -123 6 -15 -91 0 155 6 -46 3 10 11 -107 313 335 0 -5 -15 0 -9 0
-1 4 -202 20 98 40 54 57 5 0 0 26 0 -186 -27 -111 -8 -53 -31 0 130 -39 -23 0 -59 -76 39 335 152 0 43 75 0 74 0
0 0 0 56 0 0 0 0 0 -11 0 -19 0 -6 0 0 -10 -92 0 0 0 0 -28 -13 0 269 0 0 0 -312 0 174 -206 0 0
2 4 88 70 -44 4 0 12 -3 -13 0 -35 -90 -29 22 0 -11 -111 11 -39 11 5 -30 -15 39 -200 -13 -5 43 0 -847 215 0 131 0
-60 33 181 59 -50 13 20 79 30 -31 0 -65 -174 -38 41 49 25 -256 -7 -74 42 8 84 -12 98 192 -50 -15 75 174 215 16 35 225 0
0 0 0 11 0 0 0 0 0 -2 0 -3 0 -1 0 0 -2 -18 0 0 0 0 -5 -2 0 53 0 0 0 -206 0 35 317 0 0
-7 1 150 73 -75 6 0 125 1 -7 0 -44 5 -44 -75 0 -11 -114 19 2 18 -107 -29 -9 -186 -208 -22 -9 74 0 131 225 0 -719 0
0 0 0 0 0 0 0 0 0 0 -176 0 0 0 0 0 0 0 0 0 0 0 0 0 0 0 0 0 0 0 0 0 0 0 612

