Q_obj 
-252 -66 0 46 47 -84 -40 -85 1 -6 -23 -50 -32 90 31 82 1
-66 -36 -39 18 -149 15 99 -285 -33 -43 -169 15 -512 -66 -133 -204 0
0 -39 -541 43 0 -123 338 4 -56 -20 28 0 -19 1 205 -101 -40
46 18 43 597 -29 -118 -53 26 -66 5 22 0 9 -347 -26 -2 -9
47 -149 0 -29 5 97 13 257 1 -15 183 57 -73 -90 9 67 1
-84 15 -123 -118 97 -132 -212 23 194 -1 -110 22 8 -264 71 -17 30
-40 99 338 -53 13 -212 444 -28 -527 21 134 -62 49 -64 -193 23 -79
-85 -285 4 26 257 23 -28 -756 9 -38 59 -79 -141 -15 87 265 1
1 -33 -56 -66 1 194 -527 9 -484 33 -124 1 -16 0 -360 70 66
-6 -43 -20 5 -15 -1 21 -38 33 818 28 2 -21 -5 15 25 -2
-23 -169 28 22 183 -110 134 59 -124 28 -63 178 -83 79 -165 -185 -15
-50 15 0 0 57 22 -62 -79 1 2 178 169 7 2 2 -194 0
-32 -512 -19 9 -73 8 49 -141 -16 -21 -83 7 747 -32 -66 -100 0
90 -66 1 -347 -90 -264 -64 -15 0 -5 79 2 -32 -6 1 15 0
31 -133 205 -26 9 71 -193 87 -360 15 -165 2 -66 1 665 -120 -51
82 -204 -101 -2 67 -17 23 265 70 25 -185 -194 -100 15 -120 -141 15
1 0 -40 -9 1 30 -79 1 66 -2 -15 0 0 0 -51 15 -667

