Q_obj 
-386 -4 10 0 8 0 0 -85 1 0 0 -381 0 72 5 0 -51 0 -259 -7 3 0 0 0 5 -30 0 -564 0 1 -5 67 -5 -8 -175 0 0 0 0 0
-4 -186 0 7 -1 -10 0 0 0 -7 5 3 6 -10 0 0 0 0 2 420 0 0 0 0 -4 5 0 5 0 0 4 0 345 32 2 0 0 0 -23 0
10 0 -616 0 5 0 0 1 0 0 0 -6 0 -19 1 0 1 0 -4 0 1 0 0 0 1 9 0 -8 0 0 -6 -20 0 -8 -5 0 0 0 0 0
0 7 0 -71 3 274 0 0 5 188 -205 1 10 1 -19 0 0 2 0 -6 -6 1 0 0 9 0 0 0 2 -42 0 0 3 1 0 -72 4 -16 -36 0
8 -1 5 3 315 1 -13 -204 122 1 -27 8 52 -15 119 237 35 -396 6 2 -8 -34 0 7 -2 7 0 11 -307 8 9 46 -5 -25 -77 -10 11 -2 7 0
0 -10 0 274 1 -226 0 0 0 -426 1 0 -2 -1 1 0 1 0 0 5 96 0 0 0 -12 1 0 1 0 0 0 1 4 6 0 0 0 0 -3 0
0 0 0 0 -13 0 419 2 1 0 0 0 0 0 72 0 -1 0 0 -143 0 0 0 0 0 0 0 0 0 1 0 -2 175 0 0 0 -12 0 0 0
-85 0 1 0 -204 0 2 511 0 0 0 -35 0 7 -42 5 558 2 -24 3 1 1 0 0 1 -2 0 -53 2 0 0 -36 -3 0 -16 0 1 0 0 0
1 0 0 5 122 0 1 0 754 0 17 0 0 -1 22 11 49 168 0 0 -12 14 0 0 3 1 0 1 121 83 0 26 1 5 0 -62 1 40 4 -1
0 -7 0 188 1 -426 0 0 0 102 1 0 -1 -1 1 0 1 0 0 3 66 0 0 0 -8 1 0 1 0 0 0 1 3 4 0 0 0 0 -2 0
0 5 0 -205 -27 1 0 0 17 1 -286 1 14 -13 133 0 0 3 0 27 567 0 0 0 -127 6 0 0 -3 -154 0 2 -36 23 0 -267 -22 -60 12 0
-381 3 -6 1 8 0 0 -35 0 0 1 9 0 -45 0 1 0 0 30 5 -1 1 0 0 -3 20 0 -96 1 1 4 -39 4 6 112 1 0 1 1 0
0 6 0 10 52 -2 0 0 0 -1 14 0 -277 193 -7 1 1 -74 0 -3 -33 12 0 0 8 -82 0 1 103 6 0 -240 1 74 0 21 2 3 15 0
72 -10 -19 1 -15 -1 0 7 -1 -1 -13 -45 193 188 0 -3 3 47 -30 -17 27 -5 0 0 44 -46 0 -67 -52 -1 -51 106 -14 -202 361 -6 1 0 42 0
5 0 1 -19 119 1 72 -42 22 1 133 0 -7 0 -264 49 9 -82 0 -9 58 -6 0 -36 25 1 0 0 -58 30 0 24 11 5 0 48 -55 11 25 0
0 0 0 0 237 0 0 5 11 0 0 1 1 -3 49 -176 89 -35 0 0 0 -2 0 0 -1 2 0 0 -25 2 0 50 2 11 0 0 0 0 1 0
-51 0 1 0 35 1 -1 558 49 1 0 0 1 3 9 89 268 -163 0 -3 1 -13 0 0 1 0 0 0 -117 6 0 8 4 -6 0 0 0 0 0 0
0 0 0 2 -396 0 0 2 168 0 3 0 -74 47 -82 -35 -163 -15 0 0 0 -4 0 0 4 -19 0 1 -43 18 0 -136 1 -1 0 2 1 0 -16 0
-259 2 -4 0 6 0 0 -24 0 0 0 30 0 -30 0 0 0 0 -251 4 -1 0 0 0 -2 14 0 44 0 0 3 -26 3 4 76 0 0 0 0 0
-7 420 0 -6 2 5 -143 3 0 3 27 5 -3 -17 -9 0 -3 0 4 323 8 0 0 0 -2 8 0 7 0 6 6 0 460 52 3 11 2 3 14 0
3 0 1 -6 -8 96 0 1 -12 66 567 -1 -33 27 58 0 1 0 -1 8 -54 1 0 0 -28 -11 0 -2 4 117 -1 -6 -19 -66 0 201 -9 46 105 0
0 0 0 1 -34 0 0 1 14 0 0 1 12 -5 -6 -2 -13 -4 0 0 1 964 0 0 1 3 0 0 -105 2 0 2 1 -3 0 0 0 1 3 0
0 0 0 0 0 0 0 0 0 0 0 0 0 0 0 0 0 0 0 0 0 0 -122 0 0 0 1 0 0 0 0 0 0 0 0 0 0 0 0 0
0 0 0 0 7 0 0 0 0 0 0 0 0 0 -36 0 0 0 0 0 0 0 0 -551 0 0 0 0 0 0 0 2 0 0 0 0 -222 0 0 0
5 -4 1 9 -2 -12 0 1 3 -8 -127 -3 8 44 25 -1 1 4 -2 -2 -28 1 0 0 -170 -18 0 -4 2 -26 -3 2 -12 -133 -1 -45 -4 -10 -23 0
-30 5 9 0 7 1 0 -2 1 1 6 20 -82 -46 1 2 0 -19 14 8 -11 3 0 0 -18 98 0 29 23 1 23 -44 6 87 -153 3 0 1 -17 0
0 0 0 0 0 0 0 0 0 0 0 0 0 0 0 0 0 0 0 0 0 0 1 0 0 0 -189 0 0 0 0 0 0 0 0 0 0 0 0 0
-564 5 -8 0 11 1 0 -53 1 1 0 -96 1 -67 0 0 0 1 44 7 -2 0 0 0 -4 29 0 -68 0 0 5 -58 6 8 166 0 1 0 0 0
0 0 0 2 -307 0 0 2 121 0 -3 1 103 -52 -58 -25 -117 -43 0 0 4 -105 0 0 2 23 0 0 26 14 0 10 1 -34 0 -2 0 1 23 0
1 0 0 -42 8 0 1 0 83 0 -154 1 6 -1 30 2 6 18 0 6 117 2 0 0 -26 1 0 0 14 -13 0 1 -7 6 0 586 -4 -366 -29 18
-5 4 -6 0 9 0 0 0 0 0 0 4 0 -51 0 0 0 0 3 6 -1 0 0 0 -3 23 0 5 0 0 478 -45 5 7 128 0 0 0 0 0
67 0 -20 0 46 1 -2 -36 26 1 2 -39 -240 106 24 50 8 -136 -26 0 -6 2 0 2 2 -44 0 -58 10 1 -45 111 -1 32 371 3 3 0 -54 0
-5 345 0 3 -5 4 175 -3 1 3 -36 4 1 -14 11 2 4 1 3 460 -19 1 0 0 -12 6 0 6 1 -7 5 -1 140 40 3 -12 -1 -2 1 0
-8 32 -8 1 -25 6 0 0 5 4 23 6 74 -202 5 11 -6 -1 4 52 -66 -3 0 0 -133 87 0 8 -34 6 7 32 40 730 154 8 -1 3 22 0
-175 2 -5 0 -77 0 0 -16 0 0 0 112 0 361 0 0 0 0 76 3 0 0 0 0 -1 -153 0 166 0 0 128 371 3 154 -514 0 0 0 0 0
0 0 0 -72 -10 0 0 0 -62 0 -267 1 21 -6 48 0 0 2 0 11 201 0 0 0 -45 3 0 0 -2 586 0 3 -12 8 0 -117 -7 230 -48 0
0 0 0 4 11 0 -12 1 1 0 -22 0 2 1 -55 0 0 1 0 2 -9 0 0 -222 -4 0 0 1 0 -4 0 3 -1 -1 0 -7 -620 -1 -4 0
0 0 0 -16 -2 0 0 0 40 0 -60 1 3 0 11 0 0 0 0 3 46 1 0 0 -10 1 0 0 1 -366 0 0 -2 3 0 230 -1 780 -11 -46
0 -23 0 -36 7 -3 0 0 4 -2 12 1 15 42 25 1 0 -16 0 14 105 3 0 0 -23 -17 0 0 23 -29 0 -54 1 22 0 -48 -4 -11 -325 0
0 0 0 0 0 0 0 0 -1 0 0 0 0 0 0 0 0 0 0 0 0 0 0 0 0 0 0 0 0 18 0 0 0 0 0 0 0 -46 0 832

