Q_obj 
132 98 0 4 0 -14 12 251 -9 -14 -21 1 0 3 42 -14 -8 41 54 -4 13 36 -65 -40 -118 -6 -27 46 -106 81 -42 60 149 -2 10
98 240 0 -36 0 -89 -117 -6 -7 81 -16 -163 0 -21 38 -6 -101 -2 -2 -3 -16 -29 7 170 -296 38 -5 -28 -24 -83 -33 347 -63 11 0
0 0 295 0 0 0 0 0 0 0 0 0 0 0 0 0 0 0 0 0 0 0 0 0 0 0 0 0 0 0 0 0 0 0 0
4 -36 0 397 0 121 -48 0 -1 0 3 0 -50 54 8 -20 0 -81 0 -8 -2 -4 -28 76 -35 212 14 142 -2 -30 0 15 -3 1 0
0 0 0 0 -880 0 0 0 0 0 0 0 0 0 0 0 0 0 0 0 0 0 0 0 0 0 0 0 0 0 0 0 0 0 0
-14 -89 0 121 0 219 -40 36 90 2 3 2 38 -226 34 8 33 -88 39 -8 33 80 -34 247 -67 142 -11 -111 17 -49 2 49 2 34 2
12 -117 0 -48 0 -40 293 -2 -3 0 0 0 0 -29 26 -6 0 0 0 0 -7 -14 4 92 -117 11 -6 -7 -9 -97 0 49 -12 3 0
251 -6 0 0 0 36 -2 192 -25 35 29 2 0 0 29 40 -5 47 89 7 -15 5 -26 6 -4 -18 79 11 -186 -2 58 -95 -140 -6 -3
-9 -7 0 -1 0 90 -3 -25 216 0 0 1 0 0 -41 -75 2 474 -362 0 11 -183 81 22 -5 65 62 85 23 -5 0 11 15 117 0
-14 81 0 0 0 2 0 35 0 187 45 -43 0 0 -31 -54 75 -16 0 11 0 1 64 1 0 -1 -32 2 -14 -96 91 6 9 1 2
-21 -16 0 3 0 3 0 29 0 45 356 10 0 -3 -25 -44 -18 -20 0 -137 0 1 75 1 0 2 -14 4 -12 20 13 9 13 1 2
1 -163 0 0 0 2 0 2 1 -43 10 -581 0 0 1 -2 -105 1 1 3 0 0 -1 1 0 -1 -3 2 1 196 19 0 0 0 1
0 0 0 -50 0 38 0 0 0 0 0 0 -158 84 0 -5 0 -22 0 0 0 0 -8 14 0 59 5 41 0 0 0 0 0 0 0
3 -21 0 54 0 -226 -29 0 0 0 -3 0 84 341 5 31 0 135 0 15 -1 -2 49 -61 -21 -341 -26 -239 -1 -18 0 10 -2 1 0
42 38 0 8 0 34 26 29 -41 -31 -25 1 0 5 -132 57 45 -21 -8 -5 -74 -272 70 83 37 -79 104 55 16 59 -52 -31 94 -18 2
-14 -6 0 -20 0 8 -6 40 -75 -54 -44 -2 -5 31 57 -166 -3 -71 -158 -9 20 86 69 -15 -9 -86 250 -13 -4 -18 -89 10 -22 390 2
-8 -101 0 0 0 33 0 -5 2 75 -18 -105 0 0 45 -3 534 0 7 -4 0 0 13 12 0 -47 7 36 20 123 -37 2 -4 -12 0
41 -2 0 -81 0 -88 0 47 474 -16 -20 1 -22 135 -21 -71 0 -122 498 1 3 -78 -47 -33 -1 -115 7 -92 -24 0 -39 -14 -24 173 2
54 -2 0 0 0 39 0 89 -362 0 0 1 0 0 -8 -158 7 498 258 0 0 67 53 14 0 96 199 72 -41 3 0 -19 -24 30 4
-4 -3 0 -8 0 -8 0 7 0 11 -137 3 0 15 -5 -9 -4 1 0 917 0 1 20 -2 0 -13 -4 -8 -2 5 3 2 3 1 1
13 -16 0 -2 0 33 -7 -15 11 0 0 0 0 -1 -74 20 0 3 0 0 -125 44 -9 -9 -4 -38 19 29 -23 -13 0 16 11 -7 0
36 -29 0 -4 0 80 -14 5 -183 1 1 0 0 -2 -272 86 0 -78 67 1 44 -803 -49 -12 -21 -132 59 74 39 -24 1 18 44 -51 1
-65 7 0 -28 0 -34 4 -26 81 64 75 -1 -8 49 70 69 13 -47 53 20 -9 -49 -54 -3 5 -83 266 2 23 6 152 24 52 210 -1
-40 170 0 76 0 247 92 6 22 1 1 1 14 -61 83 -15 12 -33 14 -2 -9 -12 -3 -446 160 79 -21 -60 -20 150 1 -79 5 20 1
-118 -296 0 -35 0 -67 -117 -4 -5 0 0 0 0 -21 37 -9 0 -1 0 0 -4 -21 5 160 17 14 -9 -10 -15 -246 0 -386 59 4 0
-6 38 0 212 0 142 11 -18 65 -1 2 -1 59 -341 -79 -86 -47 -115 96 -13 -38 -132 -83 79 14 169 101 170 -21 -4 -2 -8 22 105 0
-27 -5 0 14 0 -11 -6 79 62 -32 -14 -3 5 -26 104 250 7 7 199 -4 19 59 266 -21 -9 101 148 -2 -54 -19 -29 15 -12 -313 4
46 -28 0 142 0 -111 -7 11 85 2 4 2 41 -239 55 -13 36 -92 72 -8 29 74 2 -60 -10 170 -2 291 20 4 2 -9 -38 37 1
-106 -24 0 -2 0 17 -9 -186 23 -14 -12 1 0 -1 16 -4 20 -24 -41 -2 -23 39 23 -20 -15 -21 -54 20 -156 -8 -24 52 54 -5 -7
81 -83 0 -30 0 -49 -97 -2 -5 -96 20 196 0 -18 59 -18 123 0 3 5 -13 -24 6 150 -246 -4 -19 4 -8 271 41 288 -59 -1 0
-42 -33 0 0 0 2 0 58 0 91 13 19 0 0 -52 -89 -37 -39 0 3 0 1 152 1 0 -2 -29 2 -24 41 343 17 25 1 3
60 347 0 15 0 49 49 -95 11 6 9 0 0 10 -31 10 2 -14 -19 2 16 18 24 -79 -386 -8 15 -9 52 288 17 214 -26 -1 -3
149 -63 0 -3 0 2 -12 -140 15 9 13 0 0 -2 94 -22 -4 -24 -24 3 11 44 52 5 59 22 -12 -38 54 -59 25 -26 304 6 -5
-2 11 0 1 0 34 3 -6 117 1 1 0 0 1 -18 390 -12 173 30 1 -7 -51 210 20 4 105 -313 37 -5 -1 1 -1 6 -243 0
10 0 0 0 0 2 0 -3 0 2 2 1 0 0 2 2 0 2 4 1 0 1 -1 1 0 0 4 1 -7 0 3 -3 -5 0 287

