Q_obj 
-78 -29 -5 -33 144 229 -144 -94 44 205 38 -83 425 239
-29 364 52 -4 119 361 -25 52 -65 -57 -324 -525 -85 -216
-5 52 110 0 23 70 -4 10 -12 -11 -62 -101 -16 -41
-33 -4 0 187 -9 -9 111 108 90 -244 -5 -187 -356 218
144 119 23 -9 31 -185 -132 -107 80 93 179 11 36 278
229 361 70 -9 -185 -469 -88 62 131 48 -159 -171 113 303
-144 -25 -4 111 -132 -88 8 -128 74 -65 205 27 145 -147
-94 52 10 108 -107 62 -128 -142 -118 -73 279 -7 -81 -5
44 -65 -12 90 80 131 74 -118 -202 -43 3 304 -257 204
205 -57 -11 -244 93 48 -65 -73 -43 414 8 19 185 10
38 -324 -62 -5 179 -159 205 279 3 8 -307 222 70 -121
-83 -525 -101 -187 11 -171 27 -7 304 19 222 -270 -72 -37
425 -85 -16 -356 36 113 145 -81 -257 185 70 -72 -421 -161
239 -216 -41 218 278 303 -147 -5 204 10 -121 -37 -161 544

