Q_obj 
735 319 24 12 -240 -430 -199 -21 3 0 8 -69 3 -8
319 -6 103 -107 369 463 -343 -74 -45 -6 -3 15 10 -33
24 103 55 241 26 -94 -52 -225 106 -131 132 432 4 -130
12 -107 241 -353 -193 -7 -83 37 94 -38 -12 163 -22 -26
-240 369 26 -193 -224 149 -85 -18 3 16 77 -11 3 45
-430 463 -94 -7 149 -41 -469 11 -1 -8 -26 -23 5 7
-199 -343 -52 -83 -85 -469 -174 -87 -77 -10 18 -1 24 -6
-21 -74 -225 37 -18 11 -87 -477 386 42 464 -78 -31 35
3 -45 106 94 3 -1 -77 386 -267 -5 413 -3 -87 -5
0 -6 -131 -38 16 -8 -10 42 -5 605 -5 -2 0 -519
8 -3 132 -12 77 -26 18 464 413 -5 -357 -25 -110 -10
-69 15 432 163 -11 -23 -1 -78 -3 -2 -25 491 2 -130
3 10 4 -22 3 5 24 -31 -87 0 -110 2 -723 0
-8 -33 -130 -26 45 7 -6 35 -5 -519 -10 -130 0 -229

