Q_obj 
139 3 0 0 0 21 0 67 -3 13 30 0 0 1 34 16 0 0 0 353 -107 -40 -573 2 -19 10 0 1 34 -4 0 -2 0 7 6 0 -1 0 -1 1 -48 0 3 -278 1
3 -540 77 62 0 185 41 0 80 -1 -7 -101 0 23 -3 2 0 0 360 23 23 34 0 3 121 173 0 6 -3 -132 113 -28 -6 -1 0 -20 408 8 -294 27 0 0 66 16 0
0 77 186 0 0 51 -19 0 2 0 -8 -60 0 -62 1 16 0 0 8 1 -1 -21 0 -15 75 -61 0 -10 1 -26 -270 11 0 -1 0 -31 26 0 1 40 0 0 -180 2 0
0 62 0 -741 0 0 0 0 0 0 0 -43 0 17 0 0 0 0 275 0 0 0 0 0 18 0 0 0 0 0 0 0 0 0 0 0 -47 0 0 0 0 0 48 0 0
0 0 0 0 -86 175 0 0 0 194 -13 0 0 0 -31 -159 0 0 0 0 0 0 0 0 0 0 0 0 -31 242 0 0 0 0 -1 0 0 0 0 0 0 0 0 0 0
21 185 51 0 175 118 -20 0 2 -275 30 72 0 -18 23 -35 0 0 -9 1 74 -19 0 5 -244 -45 0 4 23 52 75 20 0 3 5 -25 -29 0 1 33 0 0 -53 -35 0
0 41 -19 0 0 -20 77 0 0 -22 -336 2 0 -8 1 -8 0 0 0 1 0 -225 0 -233 -60 138 0 -244 1 10 -29 -24 -101 -75 -32 3 1 106 1 -2 0 0 -24 2 1
67 0 0 0 0 0 0 7 0 0 0 0 0 0 0 -37 0 0 0 0 -74 0 0 0 0 0 0 0 0 -24 0 0 0 0 0 0 0 0 0 0 280 0 0 -114 0
-3 80 2 0 0 2 0 0 -148 1 1 0 0 -56 0 -389 0 -47 0 147 68 1 0 2 25 0 0 -3 0 -258 3 0 0 1 1 9 179 0 182 -10 0 0 85 137 122
13 -1 0 0 194 -275 -22 0 1 -223 14 0 0 0 163 245 1 1 1 0 43 26 1 -20 6 1 0 1 160 -369 0 17 -4 8 2 1 0 5 0 0 0 0 0 -20 0
30 -7 -8 0 -13 30 -336 0 1 14 -69 -3 1 4 1 -8 31 1 1 -8 54 459 14 -290 -12 -28 0 13 1 23 -12 157 -64 93 -12 3 0 67 -1 -3 0 0 7 -19 -1
0 -101 -60 -43 0 72 2 0 0 0 -3 90 0 -27 0 24 0 0 -84 0 0 -2 0 -5 80 0 0 -3 0 -36 -89 0 0 0 0 0 65 0 0 0 0 0 -78 0 0
0 0 0 0 0 0 0 0 0 0 1 0 38 0 1 0 0 0 0 0 0 0 0 0 0 0 0 0 1 0 0 0 0 0 1 0 0 0 0 0 0 0 0 0 0
1 23 -62 17 0 -18 -8 0 -56 0 4 -27 0 -182 0 -80 0 239 97 28 16 -13 0 -3 -54 -63 0 -4 0 -39 -92 12 4 1 1 13 109 -3 -79 -15 0 0 -102 25 -536
34 -3 1 0 -31 23 1 0 0 163 1 0 1 0 321 -47 0 0 0 0 121 -17 0 -1 21 8 0 0 396 73 1 19 0 3 3 0 0 0 0 0 0 0 -2 -58 0
16 2 16 0 -159 -35 -8 -37 -389 245 -8 24 0 -80 -47 59 0 -36 -3 225 112 -3 0 8 -99 -15 0 -13 -46 -81 23 7 0 2 0 -15 -144 0 -136 19 28 0 -41 174 94
0 0 0 0 0 0 0 0 0 1 31 0 0 0 0 0 426 0 0 0 0 -9 0 0 0 5 0 0 0 0 0 12 0 2 -236 0 0 0 0 0 0 0 0 0 0
0 0 0 0 0 0 0 0 -47 1 1 0 0 239 0 -36 0 -560 0 14 7 1 0 1 0 0 0 -1 0 -23 0 0 0 1 1 0 0 0 0 0 0 0 -82 13 -377
0 360 8 275 0 -9 0 0 0 1 1 -84 0 97 0 -3 0 0 711 0 0 1 0 1 90 0 0 1 0 5 12 0 0 1 1 0 -272 0 0 0 0 0 276 0 0
353 23 1 0 0 1 1 0 147 0 -8 0 0 28 0 225 0 14 0 610 -38 9 299 -2 7 0 0 6 0 148 1 14 0 -1 0 3 51 0 52 -3 0 0 9 125 -34
-107 23 -1 0 0 74 0 -74 68 43 54 0 0 16 121 112 0 7 0 -38 341 -75 0 3 -65 34 0 6 118 21 -2 86 0 13 15 2 24 0 24 -1 55 0 14 151 -16
-40 34 -21 0 0 -19 -225 0 1 26 459 -2 0 -13 -17 -3 -9 1 1 9 -75 -288 -18 -205 -7 225 0 22 -16 12 -31 -245 -42 104 62 2 0 45 -1 -2 0 0 -40 25 0
-573 0 0 0 0 0 0 0 0 1 14 0 0 0 0 0 0 0 0 299 0 -18 176 0 0 0 0 0 0 0 0 -25 0 4 2 0 0 0 0 0 0 0 0 -332 0
2 3 -15 0 0 5 -233 0 2 -20 -290 -5 0 -3 -1 8 0 1 1 -2 3 -205 0 438 4 78 0 107 -1 2 -23 -12 -54 -65 -28 3 0 57 -2 -3 0 0 -13 -3 -1
-19 121 75 18 0 -244 -60 0 25 6 -12 80 0 -54 21 -99 0 0 90 7 -65 -7 0 4 -35 -59 0 5 20 112 110 0 -5 -2 -2 -32 72 7 -83 41 0 0 -157 40 0
10 173 -61 0 0 -45 138 0 0 1 -28 0 0 -63 8 -15 5 0 0 0 34 225 0 78 -59 551 0 53 8 23 -90 -176 29 -6 -10 0 0 -29 0 0 0 0 -180 -16 0
0 0 0 0 0 0 0 0 0 0 0 0 0 0 0 0 0 0 0 0 0 0 0 0 0 0 972 0 0 0 0 0 0 0 0 0 0 0 0 0 0 0 0 0 0
1 6 -10 0 0 4 -244 0 -3 1 13 -3 0 -4 0 -13 0 -1 1 6 6 22 0 107 5 53 0 17 0 -11 -15 -8 -36 3 2 3 9 39 7 -3 0 0 -4 5 5
34 -3 1 0 -31 23 1 0 0 160 1 0 1 0 396 -46 0 0 0 0 118 -16 0 -1 20 8 0 0 305 71 1 19 0 3 3 0 0 0 0 0 0 0 -2 -57 0
-4 -132 -26 0 242 52 10 -24 -258 -369 23 -36 0 -39 73 -81 0 -23 5 148 21 12 0 2 112 23 0 -11 71 131 -38 -10 0 0 2 9 -73 0 -90 -10 18 0 12 141 62
0 113 -270 0 0 75 -29 0 3 0 -12 -89 0 -92 1 23 0 0 12 1 -2 -31 0 -23 110 -90 0 -15 1 -38 -29 16 0 -2 -1 -46 38 0 2 59 0 0 -266 3 0
-2 -28 11 0 0 20 -24 0 0 17 157 0 0 12 19 7 12 0 0 14 86 -245 -25 -12 0 -176 0 -8 19 -10 16 -724 -4 35 -3 0 0 6 0 0 0 0 33 -57 0
0 -6 0 0 0 0 -101 0 0 -4 -64 0 0 4 0 0 0 0 0 0 0 -42 0 -54 -5 29 0 -36 0 0 0 -4 -611 -14 -6 0 0 -57 0 0 0 0 10 0 0
7 -1 -1 0 0 3 -75 0 1 8 93 0 0 1 3 2 2 1 1 -1 13 104 4 -65 -2 -6 0 3 3 0 -2 35 -14 -467 7 1 0 15 0 0 0 0 2 -4 0
6 0 0 0 -1 5 -32 0 1 2 -12 0 1 1 3 0 -236 1 1 0 15 62 2 -28 -2 -10 0 2 3 2 -1 -3 -6 7 -67 1 0 7 0 0 0 0 1 -6 0
0 -20 -31 0 0 -25 3 0 9 1 3 0 0 13 0 -15 0 0 0 3 2 2 0 3 -32 0 0 3 0 9 -46 0 0 1 1 190 0 0 5 94 0 0 35 3 0
-1 408 26 -47 0 -29 1 0 179 0 0 65 0 109 0 -144 0 0 -272 51 24 0 0 0 72 0 0 9 0 -73 38 0 0 0 0 0 175 0 -673 0 0 0 313 48 0
0 8 0 0 0 0 106 0 0 5 67 0 0 -3 0 0 0 0 0 0 0 45 0 57 7 -29 0 39 0 0 0 6 -57 15 7 0 0 -607 0 0 0 0 -10 0 0
-1 -294 1 0 0 1 1 0 182 0 -1 0 0 -79 0 -136 0 0 0 52 24 -1 0 -2 -83 0 0 7 0 -90 2 0 0 0 0 5 -673 0 -229 -5 0 0 -227 49 0
1 27 40 0 0 33 -2 0 -10 0 -3 0 0 -15 0 19 0 0 0 -3 -1 -2 0 -3 41 0 0 -3 0 -10 59 0 0 0 0 94 0 0 -5 147 0 0 -43 -2 0
-48 0 0 0 0 0 0 280 0 0 0 0 0 0 0 28 0 0 0 0 55 0 0 0 0 0 0 0 0 18 0 0 0 0 0 0 0 0 0 0 187 0 0 84 0
0 0 0 0 0 0 0 0 0 0 0 0 0 0 0 0 0 0 0 0 0 0 0 0 0 0 0 0 0 0 0 0 0 0 0 0 0 0 0 0 0 8 0 0 0
3 66 -180 48 0 -53 -24 0 85 0 7 -78 0 -102 -2 -41 0 -82 276 9 14 -40 0 -13 -157 -180 0 -4 -2 12 -266 33 10 2 1 35 313 -10 -227 -43 0 0 -440 4 187
-278 16 2 0 0 -35 2 -114 137 -20 -19 0 0 25 -58 174 0 13 0 125 151 25 -332 -3 40 -16 0 5 -57 141 3 -57 0 -4 -6 3 48 0 49 -2 84 0 4 386 -32
1 0 0 0 0 0 1 0 122 0 -1 0 0 -536 0 94 0 -377 0 -34 -16 0 0 -1 0 0 0 5 0 62 0 0 0 0 0 0 0 0 0 0 0 0 187 -32 325

