Q_obj 
-485 33 2 71 -17 -14 -49 -24 -261 3 1 -27 24 -660
33 525 44 -23 304 19 90 53 -15 1 335 -11 1 -36
2 44 173 47 144 2 102 40 -1 0 105 -2 -119 0
71 -23 47 -204 -179 276 -41 -66 -59 9 -46 -101 0 4
-17 304 144 -179 -229 15 -281 -242 58 0 100 6 -11 -14
-14 19 2 276 15 -219 -76 -37 157 8 0 -87 -23 105
-49 90 102 -41 -281 -76 -124 -241 77 -3 -23 40 59 0
-24 53 40 -66 -242 -37 -241 13 35 -1 -29 20 -113 3
-261 -15 -1 -59 58 157 77 35 -29 -2 1 27 -55 -324
3 1 0 9 0 8 -3 -1 -2 419 1 7 1 0
1 335 105 -46 100 0 -23 -29 1 1 598 1 36 0
-27 -11 -2 -101 6 -87 40 20 27 7 1 257 -2 0
24 1 -119 0 -11 -23 59 -113 -55 1 36 -2 504 0
-660 -36 0 4 -14 105 0 3 -324 0 0 0 0 425

