Q_obj 
-528 -84 176 -51 -176 -56 -143 -70 -158 -78 -131 -106 -58 -306
-84 -273 19 -3 -15 -160 -144 -19 -53 -320 -4 10 -218 -222
176 19 -69 -7 60 28 -59 58 4 232 -65 -25 17 -388
-51 -3 -7 -312 -45 153 60 115 -3 -63 -238 92 -147 110
-176 -15 60 -45 -79 -29 -69 462 4 -226 159 189 64 385
-56 -160 28 153 -29 -54 -505 28 159 133 346 6 -195 -3
-143 -144 -59 60 -69 -505 -24 -50 101 -13 158 31 -48 182
-70 -19 58 115 462 28 -50 -337 3 -115 -64 -308 11 182
-158 -53 4 -3 4 159 101 3 -199 -165 -8 -1 183 -185
-78 -320 232 -63 -226 133 -13 -115 -165 -129 -155 -99 202 -110
-131 -4 -65 -238 159 346 158 -64 -8 -155 98 139 -349 272
-106 10 -25 92 189 6 31 -308 -1 -99 139 -240 -22 192
-58 -218 17 -147 64 -195 -48 11 183 202 -349 -22 -569 -40
-306 -222 -388 110 385 -3 182 182 -185 -110 272 192 -40 -220

