Q_obj 
848 31 0 -107 73 -74 -23 28 43 248 221 -18 -31 0 18 0 -13 276 -17 110
31 320 0 180 -12 -68 40 -90 81 -18 4 -1 21 0 -28 -44 8 -47 50 -19
0 0 -12 -22 7 0 21 -5 12 0 -3 0 1 -4 -112 1 3 -14 -29 33
-107 180 -22 219 38 -35 32 -51 67 208 -6 -91 -150 34 45 -24 16 171 114 40
73 -12 7 38 659 69 14 17 48 -142 -4 61 102 0 -29 -2 -9 -142 -15 -224
-74 -68 0 -35 69 462 -7 -37 31 45 -8 -24 -32 0 6 -18 4 259 21 103
-23 40 21 32 14 -7 18 -123 25 41 1 -28 -36 -137 -83 -4 59 26 -205 35
28 -90 -5 -51 17 -37 -123 69 156 -39 10 -14 -57 27 33 131 202 0 64 -78
43 81 12 67 48 31 25 156 9 -19 -23 -57 -5 3 -55 -9 -72 59 -109 -79
248 -18 0 208 -142 45 41 -39 -19 361 -116 252 -127 -27 -33 -46 -50 -546 9 -208
221 4 -3 -6 -4 -8 1 10 -23 -116 72 -305 -43 25 16 41 55 28 12 37
-18 -1 0 -91 61 -24 -28 -14 -57 252 -305 590 218 -37 19 33 53 217 22 99
-31 21 1 -150 102 -32 -36 -57 -5 -127 -43 218 -1 -19 23 -89 -103 378 4 156
0 0 -4 34 0 0 -137 27 3 -27 25 -37 -19 -680 18 4 -7 3 43 -5
18 -28 -112 45 -29 6 -83 33 -55 -33 16 19 23 18 383 4 -15 29 103 -131
0 -44 1 -24 -2 -18 -4 131 -9 -46 41 33 -89 4 4 321 219 -7 -13 -4
-13 8 3 16 -9 4 59 202 -72 -50 55 53 -103 -7 -15 219 354 -1 -40 35
276 -47 -14 171 -142 259 26 0 59 -546 28 217 378 3 29 -7 -1 -169 12 -27
-17 50 -29 114 -15 21 -205 64 -109 9 12 22 4 43 103 -13 -40 12 66 24
110 -19 33 40 -224 103 35 -78 -79 -208 37 99 156 -5 -131 -4 35 -27 24 2

