Q_obj 
168 86 35 17 662 -117 25 61 0 29 106 70 -74 -18 -79
86 -507 45 34 -137 219 36 28 2 58 338 -9 46 -36 -24
35 45 -389 20 -53 -50 44 1 120 34 141 0 2 -21 -5
17 34 20 279 -26 -47 -2 1 -38 -287 14 0 2 255 -2
662 -137 -53 -26 -378 181 142 -20 -45 -44 -164 -9 5 29 -109
-117 219 -50 -47 181 13 -44 29 10 -80 -106 -11 47 52 5
25 36 44 -2 142 -44 -309 -263 18 -5 -30 0 161 4 -4
61 28 1 1 -20 29 -263 415 66 2 -4 -92 302 -1 -120
0 2 120 -38 -45 10 18 66 -255 -65 -290 1 -40 42 1
29 58 34 -287 -44 -80 -5 2 -65 -42 23 0 3 434 -4
106 338 141 14 -164 -106 -30 -4 -290 23 -353 -1 -7 -14 -17
70 -9 0 0 -9 -11 0 -92 1 0 -1 -521 -150 1 478
-74 46 2 2 5 47 161 302 -40 3 -7 -150 731 -1 -170
-18 -36 -21 255 29 52 4 -1 42 434 -14 1 -1 434 3
-79 -24 -5 -2 -109 5 -4 -120 1 -4 -17 478 -170 3 -338

