Q_obj 
-395 61 43 241 0 52 4 -5 83 -19 -5 401 -112 349 -37 171 -16 46 189 46 29 -26
61 -424 -19 78 0 -70 29 104 135 -82 -1 141 -21 -70 34 41 37 3 1 -49 -15 -16
43 -19 334 64 2 -3 109 74 -83 79 0 47 -29 -38 -119 -269 27 359 245 -111 12 13
241 78 64 302 0 -35 3 -88 -86 127 22 433 72 -110 54 145 -81 -19 82 -103 30 21
0 0 2 0 682 0 0 -5 0 0 -54 0 0 0 0 1 0 1 0 -7 0 0
52 -70 -3 -35 0 180 12 -50 -195 -43 -4 49 31 28 31 -103 -33 -57 -55 73 32 -69
4 29 109 3 0 12 738 62 2 8 0 -5 4 -1 4 -85 -13 60 52 -30 -9 18
-5 104 74 -88 -5 -50 62 36 -22 193 -12 73 -27 -36 -43 -55 -11 64 -52 532 -172 34
83 135 -83 -86 0 -195 2 -22 625 23 3 -9 -34 115 155 193 47 376 23 -17 38 43
-19 -82 79 127 0 -43 8 193 23 98 -40 9 -63 54 2 115 -101 -42 265 221 -152 92
-5 -1 0 22 -54 -4 0 -12 3 -40 671 -19 -5 -1 -1 0 -4 -7 30 -16 44 -5
401 141 47 433 0 49 -5 73 -9 9 -19 -63 -107 -394 -38 168 -129 36 18 105 78 -84
-112 -21 -29 72 0 31 4 -27 -34 -63 -5 -107 348 -25 49 -112 5 14 -102 69 50 14
349 -70 -38 -110 0 28 -1 -36 115 54 -1 -394 -25 -149 2 89 82 18 -16 27 -11 75
-37 34 -119 54 0 31 4 -43 155 2 -1 -38 49 2 -5 -79 167 146 -53 26 119 165
171 41 -269 145 1 -103 -85 -55 193 115 0 168 -112 89 -79 148 12 -356 -53 -8 -84 50
-16 37 27 -81 0 -33 -13 -11 47 -101 -4 -129 5 82 167 12 -91 11 37 50 -201 -34
46 3 359 -19 1 -57 60 64 376 -42 -7 36 14 18 146 -356 11 -165 7 70 134 30
189 1 245 82 0 -55 52 -52 23 265 30 18 -102 -16 -53 -53 37 7 141 -150 -194 -53
46 -49 -111 -103 -7 73 -30 532 -17 221 -16 105 69 27 26 -8 50 70 -150 393 -186 15
29 -15 12 30 0 32 -9 -172 38 -152 44 78 50 -11 119 -84 -201 134 -194 -186 -32 50
-26 -16 13 21 0 -69 18 34 43 92 -5 -84 14 75 165 50 -34 30 -53 15 50 -302

