Q_obj 
273 1 0 6 -142 113 16 0 -151 145 34 -3 0 -3 11 278 1 2 -31 5 -14 1 -49 0 -2 0 -1 42 0 607 59 41 -6 55 0
1 -538 -9 1 0 0 0 0 1 0 132 -154 0 1 0 0 20 -96 0 -119 0 46 1 0 42 32 8 0 -41 0 -74 0 1 0 0
0 -9 -384 -26 0 -15 0 0 -16 0 -8 14 -68 -19 0 1 62 85 4 40 -7 91 -2 25 100 -298 28 -18 32 0 5 1 0 1 0
6 1 -26 -216 0 7 -4 0 6 1 -2 21 -253 296 -3 -10 -4 -12 17 4 -13 5 -6 319 -42 73 -7 5 -36 4 -4 -3 -3 158 -105
-142 0 0 0 107 -56 -21 0 50 50 0 0 0 0 -14 -69 0 0 -15 0 -7 0 43 1 0 0 0 0 0 148 0 0 0 0 0
113 0 -15 7 -56 110 -22 0 104 58 2 14 11 1 -15 76 -10 -14 41 0 20 2 -155 -9 -19 42 -2 241 -2 240 4 3 7 -2 2
16 0 0 -4 -21 -22 52 0 26 0 1 18 0 6 -248 14 0 -20 165 0 75 0 17 1 16 1 1 -5 0 -4 1 1 28 3 0
0 0 0 0 0 0 0 -408 0 0 0 0 0 0 0 0 0 0 0 0 0 0 0 0 0 0 0 0 0 0 0 0 0 0 0
-151 1 -16 6 50 104 26 0 294 -48 12 7 6 -1 18 48 -11 -6 -31 1 -13 2 -36 -1 -28 46 6 81 -3 -204 20 14 -5 25 0
145 0 0 1 50 58 0 0 -48 354 0 0 0 1 0 71 0 0 0 0 0 0 -43 0 0 0 0 0 0 -208 0 0 0 0 0
34 132 -8 -2 0 2 1 0 12 0 -257 -230 0 4 1 -69 29 -144 1 -179 1 68 -10 0 62 49 12 -9 -61 0 196 249 1 -14 0
-3 -154 14 21 0 14 18 0 7 0 -230 462 63 18 12 1 -32 57 -37 460 10 184 -1 -45 91 95 -36 11 71 0 131 1 44 2 -64
0 0 -68 -253 0 11 0 0 6 0 0 63 -671 -183 0 0 -1 -26 37 0 -81 9 0 227 -106 188 4 13 -115 0 0 0 0 0 11
-3 1 -19 296 0 1 6 0 -1 1 4 18 -183 -411 4 17 -3 -13 -4 5 -17 4 9 232 -28 52 -18 10 -26 3 6 5 2 -213 -76
11 0 0 -3 -14 -15 -248 0 18 0 1 12 0 4 259 10 0 -13 110 0 50 0 11 1 11 1 1 -3 0 -3 1 1 19 2 0
278 0 1 -10 -69 76 14 0 48 71 -69 1 0 17 10 -159 0 6 -11 -8 -4 0 -133 2 -2 1 3 -84 1 297 -120 -83 1 -109 0
1 20 62 -4 0 -10 0 0 -11 0 29 -32 -1 -3 0 0 559 -25 -14 -63 33 -10 -1 -52 1 -8 6 -13 169 0 -16 0 1 0 -140
2 -96 85 -12 0 -14 -20 0 -6 0 -144 57 -26 -13 -13 6 -25 467 30 387 25 -182 3 -8 -66 -74 -47 -12 48 0 83 1 -55 3 -53
-31 0 4 17 -15 41 165 0 -31 0 1 -37 37 -4 110 -11 -14 30 -222 0 -142 0 -32 -7 -19 -9 1 -4 38 -3 1 1 -44 -1 50
5 -119 40 4 0 0 0 0 1 0 -179 460 0 5 0 -8 -63 387 0 -415 0 -4 1 -4 -2 13 128 0 138 0 99 -1 6 -7 0
-14 0 -7 -13 -7 20 75 0 -13 0 1 10 -81 -17 50 -4 33 25 -142 0 29 1 -14 16 -23 21 0 0 -82 -1 1 1 -20 0 -108
1 46 91 5 0 2 0 0 2 0 68 184 9 4 0 0 -10 -182 0 -4 1 368 1 -3 -454 -294 29 3 4 0 -38 0 1 0 0
-49 1 -2 -6 43 -155 17 0 -36 -43 -10 -1 0 9 11 -133 -1 3 -32 1 -14 1 -23 0 -6 7 -10 226 0 -183 -17 -12 -5 -27 0
0 0 25 319 1 -9 1 0 -1 0 0 -45 227 232 1 2 -52 -8 -7 -4 16 -3 0 330 38 -64 15 0 156 1 1 1 2 -1 -13
-2 42 100 -42 0 -19 16 0 -28 0 62 91 -106 -28 11 -2 1 -66 -19 -2 -23 -454 -6 38 280 -200 39 -28 -14 0 -35 0 40 0 0
0 32 -298 73 0 42 1 0 46 0 49 95 188 52 1 1 -8 -74 -9 13 21 -294 7 -64 -200 418 -92 50 43 0 -27 0 -3 5 0
-1 8 28 -7 0 -2 1 0 6 0 12 -36 4 -18 1 3 6 -47 1 128 0 29 -10 15 39 -92 -456 -13 -9 0 -6 0 -33 49 6
42 0 -18 5 0 241 -5 0 81 0 -9 11 13 10 -3 -84 -13 -12 -4 0 0 3 226 0 -28 50 -13 188 -1 0 -17 -11 1 -14 0
0 -41 32 -36 0 -2 0 0 -3 0 -61 71 -115 -26 0 1 169 48 38 138 -82 4 0 156 -14 43 -9 -1 246 0 35 1 0 1 305
607 0 0 4 148 240 -4 0 -204 -208 0 0 0 3 -3 297 0 0 -3 0 -1 0 -183 1 0 0 0 0 0 -484 0 0 0 0 0
59 -74 5 -4 0 4 1 0 20 0 196 131 0 6 1 -120 -16 83 1 99 1 -38 -17 1 -35 -27 -6 -17 35 0 -20 442 1 -23 0
41 0 1 -3 0 3 1 0 14 0 249 1 0 5 1 -83 0 1 1 -1 1 0 -12 1 0 0 0 -11 1 0 442 -445 1 -16 0
-6 1 0 -3 0 7 28 0 -5 0 1 44 0 2 19 1 1 -55 -44 6 -20 1 -5 2 40 -3 -33 1 0 0 1 1 453 3 0
55 0 1 158 0 -2 3 0 25 0 -14 2 0 -213 2 -109 0 3 -1 -7 0 0 -27 -1 0 5 49 -14 1 0 -23 -16 3 517 0
0 0 0 -105 0 2 0 0 0 0 0 -64 11 -76 0 0 -140 -53 50 0 -108 0 0 -13 0 0 6 0 305 0 0 0 0 0 414

