Q_obj 
-674 79 14 6 29 -462 -103 -3 -5 -11 36 140 41 -1 -5 20 -13 59 -7 106
79 -375 2 4 -367 -258 247 -2 28 24 -245 149 15 10 4 -48 33 -15 5 -92
14 2 -767 0 -5 21 -9 0 0 -24 -1 41 7 0 0 56 -37 -19 0 -13
6 4 0 83 3 -11 0 -530 0 2 2 6 0 0 13 -1 2 -5 3 0
29 -367 -5 3 -93 -179 -99 -1 16 7 -46 61 8 6 0 54 -36 -21 -12 0
-462 -258 21 -11 -179 150 16 8 17 94 -99 60 168 6 5 -204 139 67 6 -105
-103 247 -9 0 -99 16 -566 1 -12 -58 61 -117 2 -4 -1 106 -71 -21 3 174
-3 -2 0 -530 -1 8 1 -385 1 7 0 -3 1 1 0 3 -1 0 17 0
-5 28 0 0 16 17 -12 1 -21 0 11 -9 0 -188 0 -36 -57 1 0 6
-11 24 -24 2 7 94 -58 7 0 542 -52 244 71 0 137 228 -154 -168 -160 -84
36 -245 -1 2 -46 -99 61 0 11 -52 -8 56 4 4 0 -11 8 -7 22 -33
140 149 41 6 61 60 -117 -3 -9 244 56 190 190 -3 10 -539 367 149 12 -212
41 15 7 0 8 168 2 1 0 71 4 190 -629 0 5 -154 105 22 6 -93
-1 10 0 0 6 6 -4 1 -188 0 4 -3 0 475 0 115 168 1 0 3
-5 4 0 13 0 5 -1 0 0 137 0 10 5 0 -49 6 -3 -124 331 -3
20 -48 56 -1 54 -204 106 3 -36 228 -11 -539 -154 115 6 -49 180 234 -93 187
-13 33 -37 2 -36 139 -71 -1 -57 -154 8 367 105 168 -3 180 93 -158 64 -126
59 -15 -19 -5 -21 67 -21 0 1 -168 -7 149 22 1 -124 234 -158 757 -153 -57
-7 5 0 3 -12 6 3 17 0 -160 22 12 6 0 331 -93 64 -153 228 -4
106 -92 -13 0 0 -105 174 0 6 -84 -33 -212 -93 3 -3 187 -126 -57 -4 -424

