Q_obj 
-121 0 0 8 0 0 0 0 0 0 0 10 0 201 0 0 166 -62 0 -62 0 -60 0 -10 -94
0 -127 20 14 216 -32 25 -47 86 47 -189 10 -424 -37 -32 -17 96 -10 -50 -2 -36 34 -47 44 74
0 20 -724 27 -47 21 28 308 -133 -20 28 -1 -17 -28 84 -21 32 35 -43 -24 -20 34 33 -2 -32
8 14 27 -84 -258 58 -12 -12 55 138 -82 -65 -19 77 298 66 -140 -80 -134 63 -219 -34 92 -8 153
0 216 -47 -258 220 146 89 -36 -92 359 -270 -151 -97 102 -233 -10 -237 -158 -196 -69 159 50 45 -112 -106
0 -32 21 58 146 783 -70 12 21 30 69 120 12 -66 15 -28 151 -5 124 135 -18 -43 5 19 81
0 25 28 -12 89 -70 -659 66 -64 59 -29 -104 -15 78 -33 249 -38 -20 31 -35 55 102 34 -23 60
0 -47 308 -12 -36 12 66 -126 73 -13 140 12 18 20 -22 -44 -18 -3 -48 16 -1 53 -28 -20 -30
0 86 -133 55 -92 21 -64 73 -187 -127 -90 122 -45 -22 -72 -21 81 -2 -135 204 -438 -51 -327 -69 19
0 47 -20 138 359 30 59 -13 -127 61 61 -84 -19 87 56 8 -161 176 177 -126 -97 27 244 -31 -142
0 -189 28 -82 -270 69 -29 140 -90 61 512 -55 52 12 -107 66 -75 -43 -324 -50 104 -30 7 -19 -37
10 10 -1 -65 -151 120 -104 12 122 -84 -55 32 12 74 48 -65 -315 54 3 -48 -76 -116 -86 331 -277
0 -424 -17 -19 -97 12 -15 18 -45 -19 52 12 -586 17 15 -7 -62 4 44 3 19 -18 27 -23 -64
201 -37 -28 77 102 -66 78 20 -22 87 12 74 17 -196 -50 91 -468 163 -10 283 72 -111 -35 103 391
0 -32 84 298 -233 15 -33 -22 -72 56 -107 48 15 -50 -299 -4 94 257 -245 -25 -113 -15 136 20 -59
0 -17 -21 66 -10 -28 249 -44 -21 8 66 -65 -7 91 -4 802 61 0 -14 48 19 197 8 -23 143
166 96 32 -140 -237 151 -38 -18 81 -161 -75 -315 -62 -468 94 61 -254 150 51 -206 -127 107 6 -105 29
-62 -10 35 -80 -158 -5 -20 -3 -2 176 -43 54 4 163 257 0 150 -196 -140 45 -171 -67 127 -15 -11
0 -50 -43 -134 -196 124 31 -48 -135 177 -324 3 44 -10 -245 -14 51 -140 -128 -27 138 31 52 102 136
-62 -2 -24 63 -69 135 -35 16 204 -126 -50 -48 3 283 -25 48 -206 45 -27 -206 -59 -116 -189 -314 -163
0 -36 -20 -219 159 -18 55 -1 -438 -97 104 -76 19 72 -113 19 -127 -171 138 -59 -449 28 178 21 37
-60 34 34 -34 50 -43 102 53 -51 27 -30 -116 -18 -111 -15 197 107 -67 31 -116 28 -673 41 -52 -64
0 -47 33 92 45 5 34 -28 -327 244 7 -86 27 -35 136 8 6 127 52 -189 178 41 -518 57 -55
-10 44 -2 -8 -112 19 -23 -20 -69 -31 -19 331 -23 103 20 -23 -105 -15 102 -314 21 -52 57 284 190
-94 74 -32 153 -106 81 60 -30 19 -142 -37 -277 -64 391 -59 143 29 -11 136 -163 37 -64 -55 190 75

