Q_obj 
270 0 2 -13 -28 94 247 -192 158 53 233 105
0 -389 23 393 -9 -103 12 -3 -24 3 144 -161
2 23 -391 -413 11 109 -11 4 27 -3 -151 171
-13 393 -413 -275 -18 87 16 -23 -43 3 -37 112
-28 -9 11 -18 -818 80 220 -90 55 84 204 83
94 -103 109 87 80 522 408 21 -164 -58 -537 -120
247 12 -11 16 220 408 -196 257 355 -161 272 -87
-192 -3 4 -23 -90 21 257 180 -20 141 153 2
158 -24 27 -43 55 -164 355 -20 60 -103 -142 12
53 3 -3 3 84 -58 -161 141 -103 161 -127 -63
233 144 -151 -37 204 -537 272 153 -142 -127 173 -166
105 -161 171 112 83 -120 -87 2 12 -63 -166 866

