Q_obj 
-404 -23 -3 -27 59 344 59 4 127 19 3 167 -723 0 -115
-23 191 46 73 23 58 -98 -2 112 -154 -179 -6 62 -1 -57
-3 46 -272 54 22 41 -137 119 25 -33 -37 20 25 0 -13
-27 73 54 614 150 52 -160 -16 134 -52 530 -27 65 0 -105
59 23 22 150 -234 122 -141 -22 -59 -13 -15 -136 -30 0 56
344 58 41 52 122 381 -113 -14 69 281 -163 35 125 3 -133
59 -98 -137 -160 -141 -113 328 190 -149 311 335 38 -137 3 51
4 -2 119 -16 -22 -14 190 -390 -43 85 95 -12 -12 1 16
127 112 25 134 -59 69 -149 -43 65 -44 8 134 -155 -134 -53
19 -154 -33 -52 -13 281 311 85 -44 -130 131 -53 101 -42 88
3 -179 -37 530 -15 -163 335 95 8 131 127 -123 -79 0 -36
167 -6 20 -27 -136 35 38 -12 134 -53 -123 -30 -229 0 -103
-723 62 25 65 -30 125 -137 -12 -155 101 -79 -229 128 2 110
0 -1 0 0 0 3 3 1 -134 -42 0 0 2 410 -152
-115 -57 -13 -105 56 -133 51 16 -53 88 -36 -103 110 -152 19

