Q_obj 
-557 -52 2 -192 2 -67 -140 -37 7 139 66 -72 -129 -38 6 -96 -5
-52 -204 -11 -146 -12 68 -87 13 12 60 -188 233 -234 13 -133 33 -157
2 -11 969 -1 -1 0 13 0 0 -2 23 -22 0 0 3 0 15
-192 -146 -1 -343 -5 -79 129 -123 -49 -96 -10 179 52 3 -49 166 -24
2 -12 -1 -5 -476 -11 14 -9 6 -18 -65 27 76 -50 163 -177 -69
-67 68 0 -79 -11 -216 192 113 60 -32 55 116 89 4 -8 -29 -61
-140 -87 13 129 14 192 452 -46 -25 -108 156 -198 399 11 42 7 -143
-37 13 0 -123 -9 113 -46 -217 79 6 57 50 58 55 -2 -50 39
7 12 0 -49 6 60 -25 79 -9 -4 36 26 31 0 -2 -29 15
139 60 -2 -96 -18 -32 -108 6 -4 -397 -108 -43 -183 17 -18 -25 11
66 -188 23 -10 -65 55 156 57 36 -108 213 -299 -153 -65 35 35 364
-72 233 -22 179 27 116 -198 50 26 -43 -299 209 129 -35 -51 116 -257
-129 -234 0 52 76 89 399 58 31 -183 -153 129 314 7 69 -67 -169
-38 13 0 3 -50 4 11 55 0 17 -65 -35 7 31 -2 49 55
6 -133 3 -49 163 -8 42 -2 -2 -18 35 -51 69 -2 -807 157 26
-96 33 0 166 -177 -29 7 -50 -29 -25 35 116 -67 49 157 -393 41
-5 -157 15 -24 -69 -61 -143 39 15 11 364 -257 -169 55 26 41 -66

