Q_obj 
-806 14 0 -39 -84 70 -52 0 18 13 2 0 9 0 21 0 36 0 30 -24 0 -8 -3 29 -19 -22 -3 -14 -3 111 214 -37 -9 0 51 0 21 -3 0 345
14 530 0 0 3 29 3 0 -53 1 0 2 4 64 -3 0 -65 0 0 -183 3 -27 -25 -61 2 -117 -2 1 -30 -16 22 -4 -44 0 -36 -1 3 5 0 64
0 0 -608 0 0 0 0 0 0 0 0 0 0 0 0 0 0 0 0 0 0 0 0 0 0 0 0 0 0 0 0 0 0 0 0 0 0 0 0 0
-39 0 0 360 -19 -5 3 0 0 -128 -3 0 0 0 1 0 -8 0 -100 7 0 -12 0 0 43 -1 -64 153 -13 8 12 44 0 0 9 0 1 0 0 14
-84 3 0 -19 322 -7 5 -3 0 -272 -8 2 0 1 6 0 -33 0 -206 4 4 48 -1 -3 90 -2 -138 326 -49 18 23 91 4 0 29 -32 3 0 0 30
70 29 0 -5 -7 372 121 0 25 197 -13 -1 124 0 -5 0 -31 0 -245 -17 0 -30 -4 30 155 22 -127 -234 -41 0 -29 100 -14 0 16 0 -5 4 0 14
-52 3 0 3 5 121 571 0 0 -107 -4 1 15 0 -9 0 -2 0 134 -8 0 14 0 2 56 16 144 128 18 33 -15 -80 0 0 -29 0 -9 -2 0 -36
0 0 0 0 -3 0 0 -613 0 0 0 -16 0 -1 -17 0 -10 0 0 0 -16 39 0 -1 0 0 5 0 -15 -5 6 7 0 0 10 156 -5 0 0 0
18 -53 0 0 0 25 0 0 -233 -5 0 1 4 -371 0 0 -19 0 0 13 0 2 2 -181 0 -52 -14 -4 19 15 -7 -20 -4 0 -30 0 16 -11 0 59
13 1 0 -128 -272 197 -107 0 -5 -209 -223 -75 25 13 0 0 1 0 11 1 72 -28 0 0 -14 6 -8 -103 2 -8 -8 6 0 0 4 0 1 2 0 -89
2 0 0 -3 -8 -13 -4 0 0 -223 458 -39 -1 6 1 0 6 0 -69 -3 39 5 0 1 12 0 33 -187 9 0 1 -23 0 0 -2 0 1 2 0 6
0 2 0 0 2 -1 1 -16 1 -75 -39 187 0 -19 283 0 8 0 -2 6 -220 -23 1 -1 -2 17 109 -63 -10 -51 52 159 -1 0 -40 -139 -120 4 0 0
9 4 0 0 0 124 15 0 4 25 -1 0 -604 0 0 0 -3 0 -30 -2 0 -3 0 4 20 4 -15 -29 -5 0 -3 13 -1 0 2 0 0 -3 0 2
0 64 0 0 1 0 0 -1 -371 13 6 -19 0 581 -22 0 141 0 0 0 -23 -2 0 1 1 399 -4 11 2 2 -1 -7 0 0 196 -9 6 80 0 0
21 -3 0 1 6 -5 -9 -17 0 0 1 283 0 -22 -253 0 35 0 0 0 295 -35 0 1 -2 -22 95 0 4 -127 119 138 0 0 25 -145 -104 -4 0 -3
0 0 0 0 0 0 0 0 0 0 0 0 0 0 0 592 0 0 0 0 0 0 0 0 0 0 0 0 0 0 0 0 0 0 0 0 0 0 189 0
36 -65 0 -8 -33 -31 -2 -10 -19 1 6 8 -3 141 35 0 -198 0 -69 89 -6 159 17 -15 -3 -177 34 1 339 105 -117 52 -34 0 406 -92 -38 -36 0 7
0 0 0 0 0 0 0 0 0 0 0 0 0 0 0 0 0 693 0 0 0 0 0 0 0 0 0 0 0 0 0 0 0 0 0 0 0 0 0 0
30 0 0 -100 -206 -245 134 0 0 11 -69 -2 -30 0 0 0 -69 0 -44 45 -1 -94 0 -8 307 0 -468 9 -95 0 0 326 0 0 50 0 0 0 0 99
-24 -183 0 7 4 -17 -8 0 13 1 -3 6 -2 0 0 0 89 0 45 698 0 93 117 -22 0 38 1 1 122 1 1 0 -234 0 -57 0 0 2 0 -82
0 3 0 0 4 0 0 -16 0 72 39 -220 0 -23 295 0 -6 0 -1 0 167 -34 0 3 3 17 117 61 25 -54 55 165 0 0 -32 -140 -125 4 0 0
-8 -27 0 -12 48 -30 14 39 2 -28 5 -23 -3 -2 -35 0 159 0 -94 93 -34 -364 18 15 10 4 -4 32 217 -10 15 24 -35 0 -107 325 -10 0 0 2
-3 -25 0 0 -1 -4 0 0 2 0 0 1 0 0 0 0 17 0 0 117 0 18 -133 -2 0 6 0 0 24 1 1 0 -33 0 -11 0 0 1 0 -10
29 -61 0 0 -3 30 2 -1 -181 0 1 -1 4 1 1 0 -15 0 -8 -22 3 15 -2 308 1 -111 0 1 -69 -8 -10 0 10 0 -76 -12 1 -23 0 78
-19 2 0 43 90 155 56 0 0 -14 12 -2 20 1 -2 0 -3 0 307 0 3 10 0 1 81 7 3 -12 1 7 -5 4 0 0 -5 0 -2 -13 0 -61
-22 -117 0 -1 -2 22 16 0 -52 6 0 17 4 399 -22 0 -177 0 0 38 17 4 6 -111 7 4 -13 5 18 -109 129 -25 4 0 -261 -8 18 62 0 35
-3 -2 0 -64 -138 -127 144 5 -14 -8 33 109 -15 -4 95 0 34 0 -468 1 117 -4 0 0 3 -13 210 -7 -8 -29 39 175 0 0 53 39 -180 -9 0 57
-14 1 0 153 326 -234 128 0 -4 -103 -187 -63 -29 11 0 0 1 0 9 1 61 32 0 1 -12 5 -7 -173 2 10 10 5 0 0 4 0 1 1 0 107
-3 -30 0 -13 -49 -41 18 -15 19 2 9 -10 -5 2 4 0 339 0 -95 122 25 217 24 -69 1 18 -8 2 -382 9 -6 -12 -47 0 -232 -133 10 3 0 -9
111 -16 0 8 18 0 33 -5 15 -8 0 -51 0 2 -127 0 105 0 0 1 -54 -10 1 -8 7 -109 -29 10 9 120 -322 -48 0 0 138 -48 36 -22 0 -34
214 22 0 12 23 -29 -15 6 -7 -8 1 52 -3 -1 119 0 -117 0 0 1 55 15 1 -10 -5 129 39 10 -6 -322 75 61 0 0 -156 49 -44 26 0 -51
-37 -4 0 44 91 100 -80 7 -20 6 -23 159 13 -7 138 0 52 0 326 0 165 24 0 0 4 -25 175 5 -12 -48 61 335 0 0 81 57 -257 0 0 -32
-9 -44 0 0 4 -14 0 0 -4 0 0 -1 -1 0 0 0 -34 0 0 -234 0 -35 -33 10 0 4 0 0 -47 0 0 0 571 0 23 0 0 0 0 -33
0 0 0 0 0 0 0 0 0 0 0 0 0 0 0 0 0 0 0 0 0 0 0 0 0 0 0 0 0 0 0 0 0 48 0 0 0 0 0 0
51 -36 0 9 29 16 -29 10 -30 4 -2 -40 2 196 25 0 406 0 50 -57 -32 -107 -11 -76 -5 -261 53 4 -232 138 -156 81 23 0 82 85 -60 -51 0 12
0 -1 0 0 -32 0 0 156 0 0 0 -139 0 -9 -145 0 -92 0 0 0 -140 325 0 -12 0 -8 39 0 -133 -48 49 57 0 0 85 685 -42 -1 0 0
21 3 0 1 3 -5 -9 -5 16 1 1 -120 0 6 -104 0 -38 0 0 0 -125 -10 0 1 -2 18 -180 1 10 36 -44 -257 0 0 -60 -42 151 4 0 -3
-3 5 0 0 0 4 -2 0 -11 2 2 4 -3 80 -4 0 -36 0 0 2 4 0 1 -23 -13 62 -9 1 3 -22 26 0 0 0 -51 -1 4 -321 0 10
0 0 0 0 0 0 0 0 0 0 0 0 0 0 0 189 0 0 0 0 0 0 0 0 0 0 0 0 0 0 0 0 0 0 0 0 0 0 -861 0
345 64 0 14 30 14 -36 0 59 -89 6 0 2 0 -3 0 7 0 99 -82 0 2 -10 78 -61 35 57 107 -9 -34 -51 -32 -33 0 12 0 -3 10 0 359

