Q_obj 
21 -82 0 24 107 -44 -63 163 14 249 5 66 46 85 240 131 -87 16 -3 65
-82 -66 -13 -32 13 -154 6 22 5 9 219 255 72 -34 -9 22 22 181 -1 9
0 -13 -573 15 -28 9 -311 10 -150 -185 -72 -46 -102 11 160 25 -44 92 43 67
24 -32 15 -578 -57 -97 -1 -89 -96 -45 -41 -41 358 181 26 -84 -109 -79 28 -82
107 13 -28 -57 -373 -44 -143 -154 244 -48 306 -7 61 -18 104 27 0 -102 -69 127
-44 -154 9 -97 -44 -445 6 -6 22 52 -126 -9 353 -217 -33 152 -24 166 -6 80
-63 6 -311 -1 -143 6 -85 -45 153 377 -73 89 -64 8 -366 -49 -91 -92 -43 -167
163 22 10 -89 -154 -6 -45 -108 -130 86 -43 -39 0 -69 5 -13 373 4 38 -145
14 5 -150 -96 244 22 153 -130 -164 -9 15 15 27 99 -100 10 128 -50 109 47
249 9 -185 -45 -48 52 377 86 -9 -328 18 136 -54 -126 -107 -122 -107 25 3 -42
5 219 -72 -41 306 -126 -73 -43 15 18 -326 83 76 -266 74 -173 97 -189 -4 63
66 255 -46 -41 -7 -9 89 -39 15 136 83 -704 27 -55 -55 -5 1 99 -4 11
46 72 -102 358 61 353 -64 0 27 -54 76 27 795 -5 0 0 31 21 -7 -232
85 -34 11 181 -18 -217 8 -69 99 -126 -266 -55 -5 -584 8 13 -46 18 -27 -114
240 -9 160 26 104 -33 -366 5 -100 -107 74 -55 0 8 -476 -32 13 102 29 133
131 22 25 -84 27 152 -49 -13 10 -122 -173 -5 0 13 -32 172 8 -654 -2 60
-87 22 -44 -109 0 -24 -91 373 128 -107 97 1 31 -46 13 8 -106 -80 -36 -33
16 181 92 -79 -102 166 -92 4 -50 25 -189 99 21 18 102 -654 -80 -131 15 121
-3 -1 43 28 -69 -6 -43 38 109 3 -4 -4 -7 -27 29 -2 -36 15 186 -13
65 9 67 -82 127 80 -167 -145 47 -42 63 11 -232 -114 133 60 -33 121 -13 -562

