Q_obj 
-174 -546 154 -725 65 -19 4 -12 132 148 -11 45
-546 713 12 -404 4 -1 -5 -1 57 -62 -48 26
154 12 -514 -116 -253 0 5 1 42 -440 20 11
-725 -404 -116 327 -49 15 -2 10 119 -351 -32 44
65 4 -253 -49 227 -115 6 -73 8 -186 -18 6
-19 -1 0 15 -115 348 -17 152 -3 56 1 -1
4 -5 5 -2 6 -17 446 33 91 -10 -96 -364
-12 -1 1 10 -73 152 33 157 8 35 -10 -42
132 57 42 119 8 -3 91 8 791 72 -266 187
148 -62 -440 -351 -186 56 -10 35 72 96 -53 32
-11 -48 20 -32 -18 1 -96 -10 -266 -53 238 -2
45 26 11 44 6 -1 -364 -42 187 32 -2 442

