Q_obj 
295 0 0 0 0 0 0 0 -898 0 0 0 0 0 0 0 0 0 0 0 0 0 0 0 0 0 0 0 0 0 0 0 0 0 0 0 0 0 0 0 0 0 0 0 0
0 1000 0 0 0 0 0 0 0 0 0 0 0 0 0 0 0 0 0 0 0 0 0 0 0 0 0 0 0 0 0 0 0 0 0 0 0 0 0 0 0 0 0 0 0
0 0 -363 0 0 0 -3 0 0 -10 0 0 6 20 0 4 0 0 0 -43 14 0 -370 0 0 0 0 0 -37 0 0 0 0 0 0 0 0 0 0 0 18 0 0 0 0
0 0 0 -70 34 0 0 0 0 0 0 0 0 0 0 0 0 0 0 0 0 0 0 0 0 0 -37 0 0 0 0 0 0 197 0 0 0 0 0 0 0 0 0 0 0
0 0 0 34 330 0 135 2 0 11 -11 0 44 -36 14 88 -55 17 0 47 146 0 -7 0 11 -5 213 0 69 31 -6 1 -15 22 -9 -367 11 -15 -7 -16 38 -108 0 -22 -9
0 0 0 0 0 -22 0 1 0 0 -5 0 4 0 -1 0 1 0 0 1 0 0 0 0 6 0 0 253 0 -9 1 1 0 0 -5 1 0 0 0 -1 0 0 0 -4 -3
0 0 -3 0 135 0 -717 0 0 1 0 0 9 -37 1 -169 0 3 0 3 0 0 -1 0 0 0 120 0 71 0 1 0 0 0 0 -78 -7 0 -1 0 -233 -18 0 0 0
0 0 0 0 2 1 0 457 0 2 61 -17 99 115 67 0 36 0 12 12 1 -90 0 -18 -46 0 2 -10 61 -8 -28 -93 0 0 -3 22 -9 -1 0 -58 1 -21 0 45 -27
-898 0 0 0 0 0 0 0 -376 0 0 0 0 0 0 0 0 0 0 0 0 0 0 0 0 0 0 0 0 0 0 0 0 0 0 0 0 0 0 0 0 0 0 0 0
0 0 -10 0 11 0 1 2 0 -543 -4 -55 -46 -8 3 0 -1 0 0 276 -51 0 18 -111 -5 0 -11 0 17 0 -1 2 -3 -3 -2 -2 118 0 0 3 4 -44 1 0 -13
0 0 0 0 -11 -5 0 61 0 -4 -190 42 44 30 10 0 3 0 0 7 0 0 1 45 172 17 -10 124 16 113 -3 -83 0 0 40 -27 -6 65 0 20 0 -18 0 190 -80
0 0 0 0 0 0 0 -17 0 -55 42 316 113 1 0 0 4 0 0 27 -2 0 1 534 51 0 0 0 -1 3 1 -9 0 0 1 20 1 0 0 1 0 -31 0 -1 121
0 0 6 0 44 4 9 99 0 -46 44 113 -88 52 -16 6 -1 1 0 -75 31 0 -10 116 -84 -2 49 -73 37 -75 7 -168 1 2 -19 75 -20 -7 0 -14 5 -53 0 47 -41
0 0 20 0 -36 0 -37 115 0 -8 30 1 52 -139 104 34 -19 1 -37 39 120 -31 -15 2 -25 1 45 0 -3 0 -46 -202 5 15 -46 9 -39 0 0 30 114 1 1 24 -56
0 0 0 0 14 -1 1 67 0 3 10 0 -16 104 158 0 -28 0 0 46 161 0 14 -1 -8 0 -14 33 -96 20 102 -126 4 -5 -138 -1 13 0 0 45 -46 -2 -17 8 11
0 0 4 0 88 0 -169 0 0 0 0 0 6 34 0 -609 0 2 0 -1 1 0 1 0 0 0 78 0 -63 0 0 0 0 0 1 -50 -4 0 0 0 209 -12 1 0 0
0 0 0 0 -55 1 0 36 0 -1 3 4 -1 -19 -28 0 -239 0 0 -31 -105 0 -8 1 -5 16 -31 -20 90 -67 15 -68 -2 4 87 -135 -18 60 0 -238 31 -24 0 54 11
0 0 0 0 17 0 3 0 0 0 0 0 1 1 0 2 0 479 0 1 0 0 1 0 0 0 15 0 0 0 0 0 0 0 0 -9 0 0 -313 0 1 -2 0 0 0
0 0 0 0 0 0 0 12 0 0 0 0 0 -37 0 0 0 0 67 0 0 0 0 0 0 0 0 0 -19 0 0 -8 0 0 0 0 0 0 0 0 0 0 0 0 2
0 0 -43 0 47 1 3 12 0 276 7 27 -75 39 46 -1 -31 1 0 527 -243 0 86 40 -9 0 -40 -9 -56 -9 -21 -21 0 -15 -37 10 11 0 0 47 -35 -12 2 6 -2
0 0 14 0 146 0 0 1 0 -51 0 -2 31 120 161 1 -105 0 0 -243 -190 0 2 -5 0 0 -163 0 -225 0 -72 1 -5 -55 -118 0 139 0 0 163 -84 -56 0 0 0
0 0 0 0 0 0 0 -90 0 0 0 0 0 -31 0 0 0 0 0 0 0 51 0 0 1 1 0 0 -16 0 1 79 0 0 0 0 1 0 0 1 0 1 0 0 -6
0 0 -370 0 -7 0 -1 0 0 18 1 1 -10 -15 14 1 -8 1 0 86 2 0 94 1 1 1 10 0 30 0 -6 0 1 4 -9 0 -7 0 0 14 -8 3 1 0 1
0 0 0 0 0 0 0 -18 0 -111 45 534 116 2 -1 0 1 0 0 40 -5 0 1 423 51 0 0 0 -1 0 1 -10 0 0 1 21 12 0 0 -1 0 -36 0 0 127
0 0 0 0 11 6 0 -46 0 -5 172 51 -84 -25 -8 0 -5 0 0 -9 0 1 1 51 -151 -14 10 -109 -13 -103 3 78 0 0 -35 17 12 -56 0 -19 0 26 0 -165 25
0 0 0 0 -5 0 0 0 0 0 17 0 -2 1 0 0 16 0 0 0 0 1 1 0 -14 -437 -4 1 0 -9 1 1 1 1 1 -12 -2 -97 1 11 0 1 0 -21 4
0 0 0 -37 213 0 120 2 0 -11 -10 0 49 45 -14 78 -31 15 0 -40 -163 0 10 0 10 -4 279 0 -83 28 7 1 18 -24 12 -325 -85 -13 -6 -42 -23 -58 0 -20 -8
0 0 0 0 0 253 0 -10 0 0 124 0 -73 0 33 0 -20 0 0 -9 0 0 0 0 -109 1 0 219 0 209 -11 -5 0 0 114 -12 7 0 0 32 0 18 0 100 74
0 0 -37 0 69 0 71 61 0 17 16 -1 37 -3 -96 -63 90 0 -19 -56 -225 -16 30 -1 -13 0 -83 0 -134 0 45 -107 -8 -27 88 7 63 0 1 -137 -213 -32 0 13 -30
0 0 0 0 31 -9 0 -8 0 0 113 3 -75 0 20 0 -67 0 0 -9 0 0 0 0 -103 -9 28 209 0 -270 -6 -4 0 0 68 77 15 -39 0 -16 0 37 0 60 57
0 0 0 0 -6 1 1 -28 0 -1 -3 1 7 -46 102 0 15 0 0 -21 -72 1 -6 1 3 1 7 -11 45 -6 359 55 -1 3 43 1 -5 0 0 -22 20 2 -40 -2 -3
0 0 0 0 1 1 0 -93 0 2 -83 -9 -168 -202 -126 0 -68 0 -8 -21 1 79 0 -10 78 1 1 -5 -107 -4 55 532 0 0 -1 -26 16 0 0 104 1 40 0 -69 211
0 0 0 0 -15 0 0 0 0 -3 0 0 1 5 4 0 -2 0 0 0 -5 0 1 0 0 1 18 0 -8 0 -1 0 298 6 -2 0 -13 0 0 5 -3 6 0 0 0
0 0 0 197 22 0 0 0 0 -3 0 0 2 15 -5 0 4 0 0 -15 -55 0 4 0 0 1 -24 0 -27 0 3 0 6 211 4 0 -18 0 0 -5 -10 8 0 0 0
0 0 0 0 -9 -5 0 -3 0 -2 40 1 -19 -46 -138 1 87 0 0 -37 -118 0 -9 1 -35 1 12 114 88 68 43 -1 -2 4 -194 -4 -6 0 0 -132 35 10 2 33 24
0 0 0 0 -367 1 -78 22 0 -2 -27 20 75 9 -1 -50 -135 -9 0 10 0 0 0 21 17 -12 -325 -12 7 77 1 -26 0 0 -4 -362 -8 -45 5 -89 -5 -21 0 -57 -35
0 0 0 0 11 0 -7 -9 0 118 -6 1 -20 -39 13 -4 -18 0 0 11 139 1 -7 12 12 -2 -85 7 63 15 -5 16 -13 -18 -6 -8 -65 -3 1 6 25 -113 0 -9 5
0 0 0 0 -15 0 0 -1 0 0 65 0 -7 0 0 0 60 0 0 0 0 0 0 0 -56 -97 -13 0 0 -39 0 0 0 0 0 -45 -3 -778 0 40 0 -5 0 -78 13
0 0 0 0 -7 0 -1 0 0 0 0 0 0 0 0 0 0 -313 0 0 0 0 0 0 0 1 -6 0 1 0 0 0 0 0 0 5 1 0 -90 0 0 1 0 0 0
0 0 0 0 -16 -1 0 -58 0 3 20 1 -14 30 45 0 -238 0 0 47 163 1 14 -1 -19 11 -42 32 -137 -16 -22 104 5 -5 -132 -89 6 40 0 -28 -46 -21 0 50 12
0 0 18 0 38 0 -233 1 0 4 0 0 5 114 -46 209 31 1 0 -35 -84 0 -8 0 0 0 -23 0 -213 0 20 1 -3 -10 35 -5 25 0 0 -46 480 -11 3 0 0
0 0 0 0 -108 0 -18 -21 0 -44 -18 -31 -53 1 -2 -12 -24 -2 0 -12 -56 1 3 -36 26 1 -58 18 -32 37 2 40 6 8 10 -21 -113 -5 1 -21 -11 -298 0 -24 3
0 0 0 0 0 0 0 0 0 1 0 0 0 1 -17 1 0 0 0 2 0 0 1 0 0 0 0 0 0 0 -40 0 0 0 2 0 0 0 0 0 3 0 433 0 0
0 0 0 0 -22 -4 0 45 0 0 190 -1 47 24 8 0 54 0 0 6 0 0 0 0 -165 -21 -20 100 13 60 -2 -69 0 0 33 -57 -9 -78 0 50 0 -24 0 -553 -35
0 0 0 0 -9 -3 0 -27 0 -13 -80 121 -41 -56 11 0 11 0 2 -2 0 -6 1 127 25 4 -8 74 -30 57 -3 211 0 0 24 -35 5 13 0 12 0 3 0 -35 -50

