Q_obj 
-246 1 2 18 43 -4 -22 -1 -77 17 105 78 21 0 -197 -13 1 -35 -8 0 -6 -8
1 472 1 0 7 -22 0 -3 -7 0 12 2 -78 0 -4 0 0 -6 27 0 0 168
2 1 -756 -45 -15 0 41 -1 1 -90 4 -42 10 0 -22 53 -15 -1 26 -114 8 1
18 0 -45 -229 136 -174 67 42 58 62 -11 -24 162 11 -89 127 -3 8 183 2 56 19
43 7 -15 136 -333 168 48 67 -34 -12 110 -2 -65 14 -61 67 -1 -21 -66 -1 -37 3
-4 -22 0 -174 168 -476 -13 -5 -57 7 -112 4 -260 0 -9 -7 0 39 -557 1 11 -88
-22 0 41 67 48 -13 -108 37 -36 116 -6 32 13 9 136 -94 5 -33 5 0 -19 3
-1 -3 -1 42 67 -5 37 896 4 15 -7 0 3 216 4 20 1 3 -4 1 24 1
-77 -7 1 58 -34 -57 -36 4 25 29 89 35 -81 1 -77 -17 1 525 110 0 -19 -45
17 0 -90 62 -12 7 116 15 29 -392 -4 -32 -80 4 -113 -179 -5 45 -174 -12 46 -7
105 12 4 -11 110 -112 -6 -7 89 -4 391 -23 -152 0 76 -9 1 63 70 0 -4 -125
78 2 -42 -24 -2 4 32 0 35 -32 -23 -633 26 0 -458 18 -21 26 -9 78 3 12
21 -78 10 162 -65 -260 13 3 -81 -80 -152 26 -299 -1 -68 7 0 -149 344 -3 -124 -193
0 0 0 11 14 0 9 216 1 4 0 0 -1 511 1 6 0 1 -1 1 6 3
-197 -4 -22 -89 -61 -9 136 4 -77 -113 76 -458 -68 1 374 80 -9 -55 44 30 23 -31
-13 0 53 127 67 -7 -94 20 -17 -179 -9 18 7 6 80 -287 3 -16 -7 6 198 2
1 0 -15 -3 -1 0 5 1 1 -5 1 -21 0 0 -9 3 -241 1 1 1 1 0
-35 -6 -1 8 -21 39 -33 3 525 45 63 26 -149 1 -55 -16 1 -135 -18 1 15 -45
-8 27 26 183 -66 -557 5 -4 110 -174 70 -9 344 -1 44 -7 1 -18 -246 -7 -264 116
0 0 -114 2 -1 1 0 1 0 -12 0 78 -3 1 30 6 1 1 -7 736 -32 0
-6 0 8 56 -37 11 -19 24 -19 46 -4 3 -124 6 23 198 1 15 -264 -32 -360 -12
-8 168 1 19 3 -88 3 1 -45 -7 -125 12 -193 3 -31 2 0 -45 116 0 -12 -190

