Q_obj 
-346 -37 19 14 -30 -82 91 -243 0 -431 12 8 -56 474 50 6 0 11 0 33 -2 38 -3 0 236 107 -7 30 -12 0 -9 7 -10 0 23 -65 1 20 1 -9
-37 -78 155 -21 -34 0 20 0 0 24 26 116 -38 -34 -73 14 0 -3 0 -315 0 -174 35 1 -27 0 12 10 -119 0 1 -10 -55 0 -2 8 -1 12 13 24
19 155 175 1 -54 1 0 2 0 -26 11 22 -29 3 -72 153 0 1 0 -150 0 277 17 0 14 -1 0 28 56 118 1 0 -53 -6 34 6 0 28 107 -1
14 -21 1 76 0 0 -157 0 0 -134 9 42 17 14 -5 0 0 0 -126 -12 0 0 2 0 -235 0 -104 0 -10 1 0 274 -8 -62 -9 -2 0 -3 1 0
-30 -34 -54 0 -117 2 -1 -4 0 -11 13 -4 -2 15 21 -34 0 -4 0 34 0 -62 -3 0 6 -2 0 0 19 0 0 0 -3 0 0 2 0 2 -7 0
-82 0 1 0 2 420 -2 173 0 -33 -3 0 -5 43 0 0 0 -11 0 0 0 0 0 0 18 530 0 0 4 0 -1 0 3 0 0 0 0 2 0 -1
91 20 0 -157 -1 -2 -555 -6 0 -138 73 -77 130 114 14 0 0 -2 0 2 0 1 0 0 -44 3 89 0 -80 0 0 -77 -68 0 1 0 0 -45 0 0
-243 0 2 0 -4 173 -6 88 0 -99 -9 0 -16 126 0 0 0 -33 0 0 0 0 0 0 53 -222 0 0 10 0 -3 0 9 0 0 0 0 6 0 -4
0 0 0 0 0 0 0 0 -545 0 0 0 0 0 0 0 0 0 0 0 0 0 0 0 0 0 0 0 0 0 0 0 0 0 0 0 0 0 0 0
-431 24 -26 -134 -11 -33 -138 -99 0 247 -60 5 71 -49 -52 -7 0 12 0 -29 -1 -23 3 1 249 44 77 -71 36 29 -3 -69 25 -21 80 82 0 50 13 8
12 26 11 9 13 -3 73 -9 0 -60 271 5 31 32 -36 -41 0 -4 0 -22 0 -148 3 0 39 5 -4 0 -58 299 0 6 -99 9 -38 -14 0 -60 203 0
8 116 22 42 -4 0 -77 0 0 5 5 -843 -11 5 140 -7 0 0 0 -112 0 -54 13 1 29 1 -23 14 -36 0 1 20 -16 -4 24 3 0 22 0 5
-56 -38 -29 17 -2 -5 130 -16 0 71 31 -11 541 112 -63 -4 0 -10 0 33 0 46 -5 1 -25 8 -9 -56 -56 21 0 7 -52 -15 25 155 0 -187 9 22
474 -34 3 14 15 43 114 126 0 -49 32 5 112 12 32 -1 0 -13 0 31 2 34 -2 0 36 -55 -7 -23 -67 29 5 4 -63 -21 120 -26 1 37 13 -14
50 -73 -72 -5 21 0 14 0 0 -52 -36 140 -63 32 23 -61 0 1 0 73 0 -88 -8 0 23 1 4 77 -26 0 0 -6 3 -28 129 49 1 126 -20 -3
6 14 153 0 -34 0 0 0 0 -7 -41 -7 -4 -1 -61 -108 0 18 0 -12 0 25 13 -1 4 0 0 -17 -44 0 1 0 9 0 -4 14 7 13 13 -125
0 0 0 0 0 0 0 0 0 0 0 0 0 0 0 0 528 0 0 0 0 0 0 0 0 0 0 0 0 0 0 0 0 0 0 0 0 0 0 0
11 -3 1 0 -4 -11 -2 -33 0 12 -4 0 -10 -13 1 18 0 -977 0 4 0 -5 4 0 -5 15 0 -6 5 0 -1 0 4 0 -1 6 3 4 1 -153
0 0 0 -126 0 0 0 0 0 0 0 0 0 0 0 0 0 0 -504 0 0 0 0 0 0 0 -224 0 0 0 0 0 0 0 0 0 0 0 0 0
33 -315 -150 -12 34 0 2 0 0 -29 -22 -112 33 31 73 -12 0 4 0 -116 0 152 49 2 7 0 8 -9 114 0 0 -6 52 0 3 -6 -10 -9 -11 -26
-2 0 0 0 0 0 0 0 0 -1 0 0 0 2 0 0 0 0 0 0 -57 0 0 0 1 0 0 0 0 0 336 0 0 0 0 0 0 0 0 0
38 -174 277 0 -62 0 1 0 0 -23 -148 -54 46 34 -88 25 0 -5 0 152 0 134 -21 1 13 0 1 7 4 0 1 0 86 0 0 2 -2 -19 22 44
-3 35 17 2 -3 0 0 0 0 3 3 13 -5 -2 -8 13 0 4 0 49 0 -21 282 18 0 0 0 -2 -13 0 1 1 -6 0 -1 4 -105 2 2 -27
0 1 0 0 0 0 0 0 0 1 0 1 1 0 0 -1 0 0 0 2 0 1 18 579 0 0 0 1 0 0 0 0 0 0 1 0 25 0 0 3
236 -27 14 -235 6 18 -44 53 0 249 39 29 -25 36 23 4 0 -5 0 7 1 13 0 0 610 -22 133 38 -25 -14 3 -115 -19 12 -41 -42 1 -30 -6 -3
107 0 -1 0 -2 530 3 -222 0 44 5 1 8 -55 1 0 0 15 0 0 0 0 0 0 -22 146 0 0 -4 0 2 0 -3 0 0 0 0 -2 0 2
-7 12 0 -104 0 0 89 0 0 77 -4 -23 -9 -7 4 0 0 0 -224 8 0 1 0 0 133 0 -50 0 6 0 0 -154 5 36 6 2 0 3 0 0
30 10 28 0 0 0 0 0 0 -71 0 14 -56 -23 77 -17 0 -6 0 -9 0 7 -2 1 38 0 0 533 0 0 0 0 0 0 -101 291 -1 20 0 48
-12 -119 56 -10 19 4 -80 10 0 36 -58 -36 -56 -67 -26 -44 0 5 0 114 0 4 -13 0 -25 -4 6 0 553 116 1 -4 -206 4 -16 0 0 1 44 1
0 0 118 1 0 0 0 0 0 29 299 0 21 29 0 0 0 0 0 0 0 0 0 0 -14 0 0 0 116 133 0 -1 179 -11 51 18 0 59 -170 0
-9 1 1 0 0 -1 0 -3 0 -3 0 1 0 5 0 1 0 -1 0 0 336 1 1 0 3 2 0 0 1 0 228 0 1 0 1 0 0 1 1 0
7 -10 0 274 0 0 -77 0 0 -69 6 20 7 4 -6 0 0 0 0 -6 0 0 1 0 -115 0 -154 0 -4 -1 0 -457 -3 167 25 9 0 -7 0 0
-10 -55 -53 -8 -3 3 -68 9 0 25 -99 -16 -52 -63 3 9 0 4 0 52 0 86 -6 0 -19 -3 5 0 -206 179 1 -3 567 6 -23 -6 0 -11 164 1
0 0 -6 -62 0 0 0 0 0 -21 9 -4 -15 -21 -28 0 0 0 0 0 0 0 0 0 12 0 36 0 4 -11 0 167 6 810 207 72 0 -44 -4 0
23 -2 34 -9 0 0 1 0 0 80 -38 24 25 120 129 -4 0 -1 0 3 0 0 -1 1 -41 0 6 -101 -16 51 1 25 -23 207 -71 -286 0 217 23 14
-65 8 6 -2 2 0 0 0 0 82 -14 3 155 -26 49 14 0 6 0 -6 0 2 4 0 -42 0 2 291 0 18 0 9 -6 72 -286 651 2 25 8 -37
1 -1 0 0 0 0 0 0 0 0 0 0 0 1 1 7 0 3 0 -10 0 -2 -105 25 1 0 0 -1 0 0 0 0 0 0 0 2 430 1 0 -16
20 12 28 -3 2 2 -45 6 0 50 -60 22 -187 37 126 13 0 4 0 -9 0 -19 2 0 -30 -2 3 20 1 59 1 -7 -11 -44 217 25 1 71 26 -3
1 13 107 1 -7 0 0 0 0 13 203 0 9 13 -20 13 0 1 0 -11 0 22 2 0 -6 0 0 0 44 -170 1 0 164 -4 23 8 0 26 707 1
-9 24 -1 0 0 -1 0 -4 0 8 0 5 22 -14 -3 -125 0 -153 0 -26 0 44 -27 3 -3 2 0 48 1 0 0 0 1 0 14 -37 -16 -3 1 142

