Q_obj 
195 169 -206 4 -174 -77 51 0 168 270 120 -198 -225 155 60 -39 -70
169 -21 392 35 93 71 24 41 -59 127 3 -113 -2 75 -293 339 102
-206 392 -248 -223 6 272 -52 4 220 -40 -62 -21 110 -42 48 0 204
4 35 -223 -130 121 -52 -97 -3 -50 27 22 16 -16 -37 -409 -154 56
-174 93 6 121 660 33 -54 156 -16 6 30 -41 124 -8 195 -94 16
-77 71 272 -52 33 -221 -46 -3 -23 11 -31 3 17 -179 -36 -88 -534
51 24 -52 -97 -54 -46 626 238 12 25 -30 0 -87 -14 -87 -9 -24
0 41 4 -3 156 -3 238 -575 1 33 0 0 0 1 0 0 2
168 -59 220 -50 -16 -23 12 1 -158 37 -174 120 -93 -277 73 -286 83
270 127 -40 27 6 11 25 33 37 249 90 341 37 45 17 72 -58
120 3 -62 22 30 -31 -30 0 -174 90 259 -147 238 -207 67 -25 -20
-198 -113 -21 16 -41 3 0 0 120 341 -147 263 40 -16 -11 18 32
-225 -2 110 -16 124 17 -87 0 -93 37 238 40 551 55 26 -107 52
155 75 -42 -37 -8 -179 -14 1 -277 45 -207 -16 55 -41 169 -306 -136
60 -293 48 -409 195 -36 -87 0 73 17 67 -11 26 169 -141 194 13
-39 339 0 -154 -94 -88 -9 0 -286 72 -25 18 -107 -306 194 62 105
-70 102 204 56 16 -534 -24 2 83 -58 -20 32 52 -136 13 105 -25

