Q_obj 
183 -7 13 51 0 267 0 0 0 2 5 -149 5 -5 0 -23 -5 -138 0 1 301 0 0 -123 14 -3 -23 0 -2 1
-7 -307 -24 -113 3 46 48 0 -28 16 -8 2 234 83 -33 -6 49 -39 17 242 -13 0 38 -1 -15 -44 179 70 44 -223
13 -24 -518 140 -5 142 -8 -2 -3 -4 5 201 20 -90 -4 1 -50 6 4 -118 -64 0 0 8 88 -9 26 -30 5 110
51 -113 140 3 -23 -97 -35 1 -17 -18 18 -76 83 -196 -15 5 -95 25 16 -477 -88 0 0 38 -11 -43 64 -124 15 444
0 3 -5 -23 115 9 -167 0 -3 -3 15 4 -32 -37 -134 0 9 -3 -178 -4 0 -71 0 5 -40 2 -4 0 39 1
267 46 142 -97 9 -203 6 1 7 -12 6 14 -12 56 26 30 53 172 -9 92 -427 -40 0 150 -120 18 31 25 2 -87
0 48 -8 -35 -167 6 -611 0 0 108 0 -3 -7 -50 0 0 78 0 -121 -31 0 0 -1 0 1 -5 -42 -11 374 52
0 0 -2 1 0 1 0 -688 0 0 0 2 0 0 0 0 0 0 0 0 0 0 0 0 1 0 0 0 0 0
0 -28 -3 -17 -3 7 0 0 522 -4 0 1 -53 10 -8 4 1 24 8 27 -1 0 -19 -36 -4 -164 43 -32 -13 -25
2 16 -4 -18 -3 -12 108 0 -4 174 -320 -17 1 -44 1 0 -28 -3 29 29 8 136 -2 -2 41 -20 -21 5 203 -3
5 -8 5 18 15 6 0 0 0 -320 -323 26 1 -163 0 -1 347 -8 -19 -43 19 -129 0 -7 -37 -3 -1 -3 0 -19
-149 2 201 -76 4 14 -3 2 1 -17 26 -67 22 -6 30 -29 22 -169 -7 -29 283 -54 0 -152 -117 1 -7 -7 1 25
5 234 20 83 -32 -12 -7 0 -53 1 1 22 -117 0 -35 -13 1 -80 40 -19 7 0 0 68 -26 111 129 9 16 19
-5 83 -90 -196 -37 56 -50 0 10 -44 -163 -6 0 208 1 1 83 3 41 139 10 87 1 3 114 46 8 39 -94 -138
0 -33 -4 -15 -134 26 0 0 -8 1 0 30 -35 1 -175 1 1 1 186 1 1 0 0 12 -121 -12 -50 0 -5 1
-23 -6 1 5 0 30 0 0 4 0 -1 -29 -13 1 1 498 2 -110 1 1 -39 0 0 -108 -2 -3 -4 -6 0 0
-5 49 -50 -95 9 53 78 0 1 -28 347 22 1 83 1 2 270 7 6 73 -4 -134 -1 6 16 1 -15 21 147 -73
-138 -39 6 25 -3 172 0 0 24 -3 -8 -169 -80 3 1 -110 7 -127 6 5 -228 0 0 -633 -14 -21 -24 -35 -2 -5
0 17 4 16 -178 -9 -121 0 8 29 -19 -7 40 41 186 1 6 6 231 -15 0 98 0 -6 56 6 -3 -4 29 18
1 242 -118 -477 -4 92 -31 0 27 29 -43 -29 -19 139 1 1 73 5 -15 -49 1 13 0 -6 -8 95 -21 -83 27 100
301 -13 -64 -88 0 -427 0 0 -1 8 19 283 7 10 1 -39 -4 -228 0 1 -401 0 0 -203 -10 -5 -41 0 -4 1
0 0 0 0 -71 -40 0 0 0 136 -129 -54 0 87 0 0 -134 0 98 13 0 564 0 0 207 0 0 0 0 14
0 38 0 0 0 0 -1 0 -19 -2 0 0 0 1 0 0 -1 0 0 0 0 0 -429 0 0 -89 1 0 -7 0
-123 -1 8 38 5 150 0 0 -36 -2 -7 -152 68 3 12 -108 6 -633 -6 -6 -203 0 0 28 -5 8 -68 41 -6 6
14 -15 88 -11 -40 -120 1 1 -4 41 -37 -117 -26 114 -121 -2 16 -14 56 -8 -10 207 0 -5 397 -5 5 -3 1 16
-3 -44 -9 -43 2 18 -5 0 -164 -20 -3 1 111 46 -12 -3 1 -21 6 95 -5 0 -89 8 -5 -171 77 37 -75 -91
-23 179 26 64 -4 31 -42 0 43 -21 -1 -7 129 8 -50 -4 -15 -24 -3 -21 -41 0 1 -68 5 77 -253 -5 -107 16
0 70 -30 -124 0 25 -11 0 -32 5 -3 -7 9 39 0 -6 21 -35 -4 -83 0 0 0 41 -3 37 -5 423 3 80
-2 44 5 15 39 2 374 0 -13 203 0 1 16 -94 -5 0 147 -2 29 27 -4 0 -7 -6 1 -75 -107 3 778 13
1 -223 110 444 1 -87 52 0 -25 -3 -19 25 19 -138 1 0 -73 -5 18 100 1 14 0 6 16 -91 16 80 13 -42

